1	2	8.6693
1	3	0.59978
2	3	7.53
1	4	1.1691
2	4	3.143
3	4	11.979
1	5	0.56296
2	5	2.0159
3	5	3.67
4	5	15.322
1	6	1.7903
2	6	0.5345
3	6	1.6672
4	6	3.7893
5	6	11.974
1	7	0.58953
2	7	0.52599
3	7	1.0956
4	7	0.53322
5	7	3.5802
6	7	7.6122
1	8	0.58513
3	8	1.09
4	8	1.0618
5	8	1.0225
6	8	3.2511
7	8	9.0744
1	9	0.57202
2	9	1.0247
3	9	1.0657
5	9	3.9927
6	9	1.5878
7	9	1.5611
8	9	13.51
4	10	0.55658
5	10	3.2152
6	10	1.1359
7	10	1.1203
8	10	2.2284
9	10	8.7128
1	11	1.1158
2	11	0.49863
3	11	1.5573
4	11	2.0221
5	11	1.4562
6	11	2.0609
7	11	1.517
8	11	1.0121
9	11	5.9243
10	11	10.084
2	12	0.97095
4	12	0.4922
5	12	0.47295
6	12	0.50182
7	12	1.4777
9	12	1.9239
11	12	2.805
2	13	0.49663
6	13	0.5133
8	13	0.5038
9	13	0.98418
10	13	0.52849
11	13	5.2646
12	13	10.72
2	14	0.98712
4	14	1.0008
5	14	2.4027
6	14	1.0201
7	14	1.5015
8	14	0.50092
9	14	1.955
10	14	1.5763
11	14	5.2247
12	14	5.553
13	14	9.4749
1	15	0.59649
2	15	0.53503
5	15	2.6089
6	15	0.55286
7	15	0.54516
8	15	0.54206
10	15	1.7042
11	15	0.51667
12	15	0.50302
13	15	1.0284
14	15	7.1604
3	16	0.5473
4	16	1.5996
5	16	0.51316
6	16	0.54401
7	16	1.0715
8	16	1.6011
9	16	0.5216
11	16	2.0316
12	16	0.49464
14	16	3.0167
15	16	8.1665
3	17	0.51826
5	17	2.4262
6	17	1.544
8	17	1.0106
10	17	1.5896
11	17	1.9193
13	17	1.4349
14	17	1.9
15	17	2.0629
16	17	7.1017
2	18	0.97656
3	18	1.0166
4	18	0.49501
5	18	0.95133
6	18	1.0092
10	18	0.51977
11	18	0.94044
12	18	0.45803
13	18	0.93766
14	18	0.93093
15	18	1.5175
16	18	4.9743
17	18	18.335
1	19	0.56912
7	19	0.51734
8	19	0.51724
9	19	1.0096
12	19	0.47857
13	19	0.9794
14	19	0.48613
15	19	0.52787
16	19	0.51909
17	19	1.4727
18	19	11.069
1	20	0.55335
7	20	0.50186
9	20	0.97951
10	20	0.52636
12	20	1.8548
14	20	0.47129
15	20	0.51212
17	20	2.3798
18	20	3.7315
19	20	6.3347
6	21	1.5188
10	21	0.52158
11	21	0.47136
12	21	0.91897
13	21	0.47047
14	21	0.46666
18	21	0.46215
19	21	5.3063
20	21	15.442
4	22	0.49825
9	22	0.48662
12	22	0.92177
13	22	0.94361
14	22	0.93641
18	22	1.3907
19	22	2.4199
20	22	1.8774
21	22	5.5761
2	23	0.47347
6	23	0.48927
7	23	0.95905
11	23	0.45547
12	23	0.44381
19	23	1.3992
20	23	1.8079
21	23	4.0279
22	23	7.6344
2	24	0.93623
7	24	0.47348
9	24	0.46344
13	24	0.89828
14	24	0.4453
15	24	0.97148
16	24	0.47712
17	24	0.45026
18	24	2.2053
19	24	0.92153
20	24	3.5725
21	24	3.5345
22	24	6.6525
23	24	7.6843
1	25	0.52738
6	25	0.97207
10	25	0.50148
13	25	0.45135
14	25	0.89404
15	25	0.48869
17	25	0.45231
19	25	0.4625
20	25	0.89719
21	25	2.2158
22	25	4.4513
23	25	1.7138
24	25	7.1811
7	26	0.47325
12	26	0.43824
13	26	0.44886
15	26	0.48519
16	26	0.47669
18	26	0.44087
19	26	0.46055
20	26	0.44632
21	26	2.6505
22	26	1.3301
23	26	2.561
24	26	5.8977
25	26	12.255
1	27	0.50296
2	27	0.44853
3	27	0.46772
5	27	0.43606
11	27	0.43027
17	27	0.43116
18	27	0.42223
19	27	1.323
20	27	1.2824
21	27	1.2673
22	27	1.6972
23	27	2.0417
24	27	3.2202
25	27	3.2244
26	27	7.6518
1	28	0.50605
2	28	0.451
5	28	0.4387
6	28	0.46605
7	28	0.45559
8	28	0.91665
11	28	0.43302
14	28	1.7147
17	28	0.43366
18	28	0.42469
19	28	0.88763
20	28	1.2899
21	28	1.2758
22	28	0.85396
23	28	2.4652
24	28	1.6209
25	28	2.437
26	28	4.864
27	28	7.7394
13	29	0.46286
14	29	0.45887
19	29	0.47467
20	29	1.8409
21	29	3.641
22	29	0.91382
23	29	2.1991
24	29	1.7359
25	29	3.9156
26	29	2.1699
27	29	13.264
28	29	12.941
1	30	0.51492
3	30	0.47886
14	30	0.43687
16	30	0.46832
17	30	0.44188
18	30	0.86564
20	30	0.87636
21	30	0.43342
22	30	3.4811
23	30	2.513
24	30	3.7186
25	30	4.5558
26	30	0.82651
27	30	7.1046
28	30	10.73
29	30	9.7884
2	31	0.51677
5	31	0.50262
11	31	0.99371
12	31	0.4841
13	31	0.49569
15	31	0.5356
19	31	1.0167
20	31	0.49315
21	31	0.48781
22	31	1.4687
23	31	0.47135
24	31	2.7924
25	31	2.8014
26	31	4.1869
27	31	4.0024
28	31	4.9265
29	31	4.7975
30	31	5.0202
1	32	0.65875
5	32	0.57073
7	32	0.59873
8	32	0.59558
12	32	0.54991
14	32	0.55904
15	32	0.60817
16	32	0.59789
17	32	0.56416
18	32	1.6584
20	32	1.121
21	32	1.1081
22	32	1.6677
24	32	0.52875
26	32	0.5282
27	32	1.5145
28	32	1.5265
30	32	3.1091
31	32	1.1742
5	33	0.49119
6	33	0.52124
12	33	0.4734
17	33	0.97143
19	33	1.49
20	33	1.4462
21	33	2.3847
22	33	0.47865
23	33	0.46116
24	33	0.45537
25	33	0.4568
26	33	0.45524
27	33	0.43551
28	33	0.8769
29	33	0.4691
30	33	1.7869
31	33	0.50267
32	33	9.1366
11	34	0.60759
12	34	0.59119
13	34	0.6048
15	34	0.65262
25	34	1.1432
27	34	0.54361
28	34	0.54791
32	34	1.4572
33	34	3.0698
6	35	0.52591
10	35	0.54119
11	35	0.49064
13	35	0.48872
15	35	0.52651
17	35	0.49016
19	35	0.50183
22	35	0.96726
25	35	0.46312
26	35	1.3809
27	35	1.3243
28	35	0.4438
29	35	0.47478
32	35	0.57743
33	35	2.9804
34	35	8.0636
1	36	0.57012
3	36	0.53054
4	36	0.5167
5	36	0.49734
7	36	0.51895
10	36	1.0851
11	36	0.49207
12	36	0.47901
17	36	0.98294
19	36	0.50329
21	36	0.9677
26	36	0.92338
28	36	0.44524
29	36	0.47631
30	36	0.4536
33	36	1.9931
34	36	5.5986
35	36	13.552
3	37	0.74746
5	37	0.69945
6	37	1.4903
13	37	1.3791
19	37	0.70753
22	37	0.68229
28	37	1.255
33	37	0.70131
34	37	0.90865
35	37	3.5341
36	37	7.0854
2	38	0.83316
11	38	0.80242
18	38	0.7818
19	38	1.6322
20	38	0.79506
33	38	1.6179
34	38	1.0829
35	38	2.4509
37	38	3.8223
4	39	0.72796
6	39	0.74623
8	39	0.72866
15	39	0.74328
16	39	0.73222
18	39	0.67856
21	39	0.68151
23	39	0.65782
24	39	0.65156
28	39	0.62788
32	39	2.5264
33	39	0.70204
34	39	1.8222
35	39	2.1231
36	39	2.1283
37	39	2.1101
38	39	6.4068
5	40	0.48182
11	40	0.95231
14	40	0.47145
19	40	0.48718
23	40	0.45218
24	40	0.8927
26	40	0.89259
27	40	1.2801
28	40	0.85931
29	40	0.91949
31	40	1.4782
32	40	0.55954
33	40	2.8899
34	40	4.212
35	40	0.97477
36	40	0.97787
37	40	2.7503
38	40	2.3761
39	40	10.323
2	41	0.69811
11	41	1.3435
14	41	0.66455
18	41	0.65609
19	41	0.68498
21	41	0.65794
22	41	1.3197
28	41	0.60485
30	41	1.8458
31	41	1.4025
32	41	0.81534
33	41	0.6782
35	41	1.3709
36	41	1.375
37	41	2.0567
39	41	2.0643
40	41	5.3144
1	42	0.59206
6	42	0.54633
7	42	0.53633
16	42	0.53841
19	42	0.51975
20	42	0.50446
21	42	0.49867
22	42	0.50055
25	42	0.4771
26	42	0.47562
28	42	0.91566
29	42	1.4715
30	42	0.46649
32	42	1.2021
33	42	1.0277
34	42	0.64773
36	42	1.0435
37	42	0.74351
38	42	0.86539
39	42	1.489
40	42	1.0072
41	42	2.1571
6	43	1.0834
8	43	0.53135
11	43	0.50539
13	43	0.50334
14	43	1.0005
16	43	0.53358
18	43	0.49489
20	43	2.0044
21	43	1.4903
22	43	0.99613
24	43	0.4745
25	43	1.9081
26	43	2.8445
27	43	0.45463
28	43	1.3715
29	43	1.4673
30	43	1.3971
32	43	1.787
33	43	0.51153
35	43	0.51568
38	43	0.84572
39	43	0.73093
40	43	1.5056
41	43	2.1247
42	43	8.0396
13	44	0.50217
16	44	0.53304
19	44	0.51458
23	44	0.47739
25	44	0.47243
27	44	0.45012
28	44	1.814
30	44	0.46208
31	44	1.5635
41	44	0.70908
42	44	1.0657
43	44	0.53062
4	52	0.51001
11	52	0.48479
13	52	0.48316
17	52	0.48452
18	52	0.94976
19	52	0.49601
20	52	2.404
21	52	0.47645
22	52	1.4335
25	52	3.1986
26	52	1.8181
28	52	0.43798
29	52	0.93749
31	52	1.0044
32	52	0.57091
33	52	1.4723
34	52	1.2275
35	52	0.49516
36	52	0.49647
40	52	0.96278
41	52	1.3573
42	52	1.0275
43	52	1.0201
44	52	0.50873
4	53	0.47043
8	53	0.94185
12	53	0.43435
14	53	0.44119
18	53	0.43698
19	53	0.91309
20	53	0.44237
21	53	1.3135
22	53	0.43945
23	53	0.42302
24	53	0.41748
25	53	0.41876
26	53	1.2524
27	53	1.1972
28	53	1.205
31	53	0.46108
32	53	1.0471
33	53	0.45125
35	53	0.91254
37	53	0.64391
38	53	1.4822
39	53	0.64437
40	53	1.7695
41	53	1.2431
43	53	1.4099
52	53	8.1093
3	54	0.53345
11	54	0.49414
15	54	0.53081
16	54	0.52216
17	54	0.49383
18	54	0.48412
19	54	0.50531
21	54	0.4856
23	54	0.46928
24	54	0.46377
25	54	0.46587
26	54	0.46348
27	54	0.4441
33	54	0.50004
35	54	0.50468
36	54	0.50604
38	54	2.4711
40	54	0.49052
42	54	0.52351
52	54	3.9917
53	54	13.783
1	55	0.56621
8	55	0.51393
9	55	0.5022
14	55	0.48376
15	55	1.0488
18	55	0.47866
20	55	0.48457
22	55	0.48175
24	55	0.91777
25	55	0.4613
26	55	0.45854
27	55	0.43975
32	55	0.57479
33	55	0.49475
35	55	0.49874
36	55	1.4999
37	55	0.70316
38	55	0.81194
39	55	1.408
42	55	1.0358
43	55	0.51362
52	55	0.49322
53	55	3.1818
54	55	8.5454
3	56	0.51602
6	56	1.024
12	56	0.46484
13	56	0.4759
14	56	0.47208
20	56	0.47337
21	56	0.46833
24	56	1.341
27	56	0.42744
34	56	0.60265
39	56	0.68916
40	56	0.47299
43	56	0.50243
52	56	0.48195
53	56	0.88599
54	56	1.9645
55	56	5.3456
4	57	0.47017
5	57	0.45006
7	57	0.46717
9	57	0.45809
10	57	0.49365
12	57	0.43326
13	57	1.3323
18	57	0.87168
19	57	0.4551
20	57	0.88266
21	57	0.43594
26	57	0.41563
28	57	0.39938
32	57	1.0438
33	57	0.89883
34	57	0.56224
40	57	1.3208
43	57	0.46942
52	57	0.89914
53	57	0.82373
54	57	1.8336
55	57	6.3554
56	57	12.35
6	58	0.52547
9	58	0.50334
10	58	0.54125
11	58	0.48915
20	58	0.97096
23	58	0.46424
26	58	0.91649
37	58	0.71036
40	58	0.48523
53	58	0.45419
54	58	1.0077
55	58	1.495
56	58	5.8313
57	58	17.646
2	59	0.53428
3	59	1.1119
4	59	0.54143
5	59	0.5196
11	59	0.51387
13	59	0.51264
15	59	0.55333
32	59	0.60697
33	59	1.0392
35	59	0.52562
40	59	0.50941
53	59	0.47718
54	59	1.0582
55	59	2.0937
56	59	1.5307
57	59	4.2775
58	59	7.3358
5	60	0.47486
6	60	0.50408
8	60	0.49538
12	60	0.9147
19	60	0.48029
23	60	0.44546
37	60	0.67843
53	60	0.87154
55	60	2.8698
56	60	0.93248
57	60	3.0373
58	60	3.8259
59	60	12.055
6	61	1.1474
10	61	1.1811
19	61	0.54573
21	61	0.52387
23	61	0.50606
24	61	0.49995
33	61	0.53983
36	61	0.54726
42	61	0.56695
44	61	0.56071
52	61	0.53936
53	61	0.49514
55	61	1.6298
56	61	0.52993
57	61	0.98722
58	61	2.1787
59	61	5.1555
60	61	15.648
5	62	0.9547
9	62	0.48554
10	62	1.0439
12	62	0.91968
14	62	0.46702
15	62	0.50845
16	62	0.49965
20	62	0.46829
26	62	0.44208
29	62	0.45547
30	62	0.43374
33	62	0.4773
34	62	0.5963
35	62	0.48273
36	62	0.48423
38	62	0.78527
39	62	0.68204
40	62	0.46798
42	62	0.49904
43	62	0.49714
53	62	1.7527
54	62	0.48597
55	62	0.96168
56	62	0.46868
57	62	0.43626
58	62	1.4422
59	62	2.5242
60	62	5.0736
61	62	4.1941
9	63	0.48593
12	63	0.4599
13	63	0.47097
19	63	0.4832
21	63	0.4636
22	63	0.46524
23	63	0.44791
24	63	0.88441
26	63	0.88419
29	63	0.45571
33	63	0.47774
40	63	0.93669
41	63	0.66195
43	63	0.9951
44	63	0.49488
52	63	1.4311
53	63	1.3145
54	63	0.48635
55	63	0.9621
57	63	1.7456
58	63	0.48119
59	63	1.5169
60	63	1.8459
61	63	3.1517
62	63	8.8151
3	64	0.98608
10	64	0.50429
11	64	0.45554
12	64	0.44379
14	64	0.45093
17	64	0.45566
18	64	0.44646
19	64	0.93296
20	64	0.45196
24	64	0.42704
26	64	1.2808
27	64	1.2258
31	64	0.47149
35	64	0.46585
36	64	0.46716
40	64	0.45235
42	64	0.48217
43	64	0.95962
44	64	0.47761
52	64	0.92041
53	64	0.84625
56	64	0.90584
57	64	0.84347
58	64	0.9287
59	64	0.48787
60	64	0.89115
61	64	1.0124
62	64	3.5842
63	64	11.2
12	65	0.45489
13	65	0.9315
17	65	0.46703
20	65	0.46331
21	65	0.91776
22	65	0.46037
26	65	0.43759
28	65	0.42134
30	65	0.42946
32	65	0.54975
36	65	0.47884
39	65	0.6765
42	65	1.4839
43	65	0.98379
54	65	0.48104
56	65	0.46425
57	65	0.43234
59	65	1.0007
60	65	0.91349
61	65	2.5974
62	65	4.1331
63	65	5.5122
64	65	9.3085
3	66	0.5022
6	66	0.99699
11	66	0.92844
12	66	0.4521
13	66	0.46286
15	66	1.4993
20	66	0.46045
21	66	0.45622
24	66	0.87043
27	66	0.41649
28	66	0.83788
29	66	0.44854
30	66	0.42702
35	66	0.47449
40	66	0.46101
42	66	0.49173
44	66	0.48702
52	66	0.46886
53	66	0.86232
56	66	1.3847
57	66	0.43
59	66	0.49742
60	66	0.90817
61	66	0.51627
62	66	3.6526
63	66	3.1964
64	66	7.0496
65	66	10.84
5	67	0.48567
7	67	0.50592
9	67	0.49385
11	67	0.48022
12	67	1.4037
14	67	1.4262
15	67	0.51637
18	67	0.94123
19	67	0.49126
20	67	0.95291
21	67	0.47192
22	67	0.4734
24	67	0.45058
26	67	0.45038
28	67	0.43395
29	67	0.46423
30	67	0.44216
33	67	0.48601
37	67	0.69178
40	67	0.47672
41	67	0.66967
42	67	0.50842
44	67	0.50348
52	67	0.97005
54	67	0.98859
55	67	0.48881
56	67	0.47733
57	67	0.89038
58	67	0.48954
59	67	0.51406
60	67	1.4094
61	67	1.0673
62	67	1.8891
63	67	2.3627
64	67	3.1928
65	67	6.0772
66	67	12.546
11	68	0.44936
13	68	0.44875
16	68	0.95371
17	68	0.44986
18	68	0.44062
22	68	0.88604
26	68	0.8414
28	68	0.40459
32	68	0.52863
38	68	0.75173
42	68	0.47537
44	68	0.47078
52	68	0.45442
53	68	1.2507
55	68	0.45855
56	68	0.44651
57	68	0.82947
59	68	1.4438
60	68	0.87844
61	68	1.4991
62	68	0.44163
63	68	2.6503
64	68	1.7061
65	68	2.6237
66	68	6.9562
67	68	11.254
3	69	1.0034
4	69	0.48839
10	69	0.51325
17	69	0.46345
21	69	0.45538
27	69	0.41547
29	69	0.89531
35	69	0.47384
36	69	0.47516
39	69	1.3445
41	69	0.64959
42	69	0.98198
52	69	0.93631
53	69	1.2908
54	69	0.47742
56	69	0.46074
57	69	0.42898
58	69	1.4176
59	69	0.49672
60	69	0.45324
61	69	1.0314
62	69	2.7344
63	69	1.3674
64	69	1.7591
65	69	0.90175
66	69	2.6887
67	69	5.567
68	69	13.883
2	71	0.49766
5	71	0.96985
6	71	0.51427
7	71	0.50531
12	71	0.46709
13	71	0.47796
17	71	1.4379
25	71	0.4522
26	71	0.4498
27	71	0.43106
31	71	0.49661
33	71	0.48547
36	71	0.49104
40	71	0.47625
42	71	0.50793
52	71	0.96833
53	71	0.44586
55	71	1.4636
58	71	0.48892
59	71	1.027
60	71	0.46924
62	71	0.94349
63	71	0.47191
64	71	2.7323
65	71	1.4002
66	71	1.3916
67	71	1.4394
68	71	3.5974
69	71	6.0209
3	72	0.47832
6	72	0.94768
7	72	1.3886
9	72	0.45397
11	72	1.3207
12	72	0.42945
13	72	0.44014
14	72	0.87177
16	72	0.4677
22	72	0.43411
26	72	0.41214
35	72	0.45158
38	72	1.4632
40	72	0.43651
42	72	0.46497
43	72	0.46507
53	72	0.40842
56	72	0.87457
57	72	1.2168
58	72	0.89687
59	72	0.94189
60	72	2.5811
61	72	0.48886
62	72	1.2976
63	72	0.86518
64	72	1.2543
65	72	0.42855
66	72	0.85244
67	72	1.7651
68	72	2.8788
69	72	4.6773
71	72	15.876
2	73	0.62821
8	73	0.63631
12	73	0.58861
13	73	0.60209
14	73	0.59866
29	73	0.5853
30	73	0.55553
35	73	0.61741
40	73	0.59926
57	73	0.56018
60	73	0.59104
61	73	0.68018
62	73	0.59386
64	73	0.57319
65	73	0.58881
66	73	1.1699
67	73	1.2078
68	73	2.2677
69	73	3.5089
71	73	3.0149
72	73	17.181
13	74	1.0612
14	74	0.52775
35	74	0.54328
53	74	0.4964
55	74	1.0821
56	74	0.52982
57	74	0.99255
59	74	0.57078
62	74	1.0489
65	74	1.0383
66	74	1.0317
69	74	0.51542
71	74	2.1263
72	74	3.4408
73	74	3.3541
3	75	0.55137
8	75	1.0757
14	75	0.50648
16	75	0.53986
19	75	0.52255
33	75	0.51726
36	75	0.52368
37	75	0.73608
53	75	0.47606
54	75	0.52594
58	75	1.043
59	75	0.54728
60	75	0.50052
62	75	1.006
63	75	1.0074
65	75	0.49826
66	75	0.99052
67	75	0.51147
68	75	0.48024
69	75	0.98931
71	75	1.0215
72	75	1.8828
73	75	1.9295
74	75	5.6554
11	76	0.4876
13	76	0.48608
15	76	0.52399
17	76	0.48738
18	76	0.47777
55	76	0.49614
56	76	0.96931
57	76	0.90447
58	76	1.4913
60	76	0.95409
61	76	0.54209
62	76	0.47955
63	76	0.47986
64	76	0.92618
69	76	1.8843
71	76	0.9741
72	76	1.7928
73	76	1.8405
74	76	2.162
75	76	12.459
3	77	0.52616
7	77	0.51377
9	77	1.5032
14	77	0.48253
16	77	0.51505
27	77	0.43824
35	77	0.49776
37	77	0.7021
52	77	0.49213
57	77	0.45236
61	77	0.54189
62	77	1.4384
63	77	0.47974
64	77	0.46291
65	77	1.8979
67	77	0.97527
68	77	0.45717
71	77	0.97356
72	77	1.7932
73	77	1.2263
74	77	2.1603
75	77	2.0756
76	77	13.365
1	78	0.53194
3	78	0.49487
4	78	0.48193
5	78	0.92525
6	78	0.98193
7	78	0.4812
9	78	0.47058
11	78	0.45708
14	78	0.45248
15	78	0.49265
16	78	0.48417
26	78	0.42836
27	78	0.81958
30	78	0.42034
32	78	0.53698
33	78	0.92551
36	78	0.46898
37	78	0.65947
40	78	0.45375
56	78	0.45436
57	78	0.42293
58	78	0.93173
59	78	0.97874
60	78	0.44703
62	78	0.89892
64	78	0.43401
65	78	0.44483
66	78	0.8844
68	78	0.85581
69	78	1.7654
71	78	0.45705
72	78	1.6773
74	78	0.50831
75	78	1.951
76	78	5.5766
77	78	11.15
2	79	0.47652
12	79	0.89209
18	79	0.44867
26	79	0.42818
29	79	0.88198
36	79	0.94097
52	79	0.46277
53	79	0.84866
56	79	0.45431
57	79	0.42173
58	79	0.9322
62	79	1.3481
64	79	0.86858
66	79	1.3283
68	79	1.2824
69	79	0.44181
71	79	2.7475
72	79	1.2547
73	79	2.8863
75	79	0.48877
77	79	2.7931
78	79	17.859
3	80	1.0748
6	80	0.5341
8	80	0.52397
12	80	0.48539
13	80	0.49647
22	80	0.49133
23	80	0.47346
28	80	0.45112
32	80	0.58667
34	80	0.63006
36	80	0.50982
53	80	0.46369
58	80	1.0167
60	80	0.48788
62	80	0.49044
63	80	0.98151
64	80	0.94673
65	80	0.97039
66	80	0.96428
67	80	0.99696
68	80	0.46786
72	80	0.45896
73	80	1.2542
75	80	0.53023
76	80	1.0119
77	80	1.5168
78	80	8.0774
79	80	9.5306
2	81	1.0212
4	81	0.51723
5	81	0.49775
9	81	0.506
12	81	0.47945
13	81	0.49045
20	81	0.48821
21	81	0.48419
29	81	0.47662
33	81	0.4986
36	81	1.0073
39	81	0.71011
40	81	0.48924
52	81	0.49693
54	81	0.50648
56	81	0.97948
57	81	0.45758
60	81	0.482
62	81	0.48456
64	81	0.93513
66	81	0.47621
67	81	0.49251
69	81	1.4268
71	81	0.98299
72	81	4.534
74	81	0.5451
75	81	1.0482
76	81	2.9993
77	81	0.99904
78	81	2.3468
79	81	1.883
80	81	4.0826
2	82	0.51854
3	82	0.5393
5	82	0.50515
7	82	0.52705
9	82	0.51358
17	82	0.49935
18	82	0.48955
27	82	0.44931
35	82	0.51025
40	82	0.49615
42	82	0.52966
54	82	0.51411
55	82	0.50822
56	82	0.49674
58	82	0.50962
59	82	0.53525
60	82	0.48898
62	82	0.49153
64	82	0.47458
65	82	0.4865
66	82	0.4835
67	82	0.49984
68	82	0.4688
69	82	0.48285
71	82	0.49898
73	82	1.2589
74	82	2.7676
76	82	1.5222
77	82	1.0142
78	82	1.9051
79	82	1.9094
80	82	2.073
81	82	10.241
2	83	0.52777
7	83	0.53653
8	83	0.53504
10	83	0.56055
12	83	0.49561
13	83	0.50693
16	83	0.53711
17	83	0.50825
33	83	0.5146
55	83	0.51725
56	83	1.011
57	83	0.47227
58	83	0.51872
61	83	0.56591
66	83	0.49232
68	83	0.47739
71	83	0.50788
74	83	1.6888
75	83	1.6225
76	83	0.51635
77	83	0.51609
78	83	1.9396
79	83	0.97198
80	83	1.0548
81	83	2.0848
82	83	10.051
3	84	0.5283
6	84	0.52485
10	84	0.54017
11	84	0.4895
12	84	0.47668
13	84	0.48771
18	84	0.95891
23	84	0.46483
28	84	0.4426
37	84	0.70578
55	84	0.49776
57	84	0.45438
58	84	0.49916
59	84	0.52435
63	84	0.96357
64	84	0.46477
67	84	1.4689
69	84	0.47277
71	84	0.48873
72	84	1.3508
73	84	0.6162
76	84	0.49703
77	84	0.49672
79	84	0.93518
80	84	0.5076
81	84	0.50147
82	84	3.5644
83	84	3.6279
2	85	0.54151
5	85	0.52793
14	85	0.51755
16	85	0.55092
18	85	0.51189
40	85	0.51917
52	85	0.52739
53	85	0.97348
57	85	1.9464
60	85	0.5118
68	85	0.4913
76	85	1.0604
78	85	0.99697
80	85	0.54101
81	85	1.0693
83	85	1.6569
84	85	4.7874
4	86	0.50228
15	86	0.51329
16	86	0.50461
18	86	0.46739
36	86	0.48901
38	86	0.79323
39	86	0.68865
53	86	0.44311
55	86	0.48567
59	86	0.51041
60	86	0.46637
61	86	0.52998
62	86	0.46884
66	86	1.3843
68	86	0.89344
71	86	1.4298
72	86	0.87544
75	86	1.5244
76	86	0.48455
77	86	0.96882
79	86	0.45468
81	86	0.97878
82	86	1.9863
83	86	2.5269
84	86	3.4051
85	86	6.7512
7	87	0.55092
14	87	0.51697
40	87	0.51838
43	87	0.54816
55	87	0.53024
56	87	0.51896
63	87	0.51438
67	87	0.52186
69	87	0.50489
74	87	0.57616
77	87	0.52922
79	87	0.49965
81	87	0.53422
82	87	0.54233
84	87	1.0628
85	87	2.8272
86	87	5.7054
4	88	0.6958
19	88	0.67691
20	88	0.65778
40	88	1.315
61	88	0.75
64	88	0.62828
66	88	0.64146
67	88	1.3234
69	88	0.64178
71	88	1.9813
73	88	0.86113
77	88	1.3434
78	88	0.63045
79	88	0.63447
80	88	0.68674
82	88	0.68997
83	88	0.70196
84	88	1.3502
86	88	1.3158
87	88	5.7474
5	89	0.69117
8	89	0.72154
10	89	0.75827
11	89	0.6856
17	89	0.68316
18	89	0.6695
27	89	0.61088
35	89	0.69985
42	89	0.73459
54	89	1.4101
55	89	1.3921
58	89	0.70148
62	89	0.67168
68	89	1.283
69	89	1.3262
71	89	0.68253
72	89	0.62523
73	89	0.90038
76	89	0.6948
79	89	0.65314
80	89	0.71097
83	89	0.72638
84	89	2.7939
86	89	3.3948
87	89	3.7216
88	89	8.0543
2	91	0.53605
7	91	0.54439
11	91	0.5154
33	91	1.0426
40	91	0.51093
53	91	0.47817
56	91	0.51173
57	91	0.47631
59	91	0.55267
60	91	0.50367
61	91	0.57552
64	91	0.48897
65	91	0.50166
69	91	0.49798
71	91	0.51498
72	91	0.94377
73	91	0.65486
76	91	1.0474
78	91	1.4715
82	91	2.1483
84	91	0.52597
85	91	1.6862
86	91	0.51189
87	91	1.1224
88	91	0.72135
89	91	4.4834
5	92	0.51736
6	92	0.54929
15	92	0.55045
21	92	0.50255
33	92	0.51758
37	92	0.74358
41	92	0.7202
53	92	0.47541
55	92	0.52092
57	92	0.47389
58	92	1.0437
60	92	0.50038
71	92	0.51121
72	92	0.46954
74	92	0.56784
75	92	0.54482
76	92	0.51975
79	92	0.97609
81	92	1.05
83	92	0.54211
86	92	1.525
87	92	1.6683
88	92	0.71087
89	92	4.4137
91	92	10.457
1	93	0.52695
5	93	0.4579
6	93	0.48611
14	93	0.44774
17	93	0.45266
29	93	0.43649
35	93	0.46301
36	93	1.3933
40	93	0.8977
52	93	0.4572
54	93	0.46618
55	93	0.46124
57	93	1.254
60	93	0.44222
62	93	0.44463
63	93	0.44468
64	93	0.42944
67	93	1.359
68	93	0.8463
69	93	0.87345
71	93	1.3573
72	93	0.82898
73	93	0.5693
75	93	0.48292
77	93	0.45993
78	93	0.43086
79	93	0.43064
81	93	0.46478
82	93	0.47153
83	93	0.48009
85	93	0.4938
86	93	0.44963
88	93	1.249
89	93	3.8603
91	93	3.3969
92	93	13.507
9	94	0.48939
16	94	0.50309
18	94	0.46625
24	94	0.44662
34	94	0.60124
43	94	0.50058
57	94	1.3247
61	94	0.52898
63	94	0.46833
64	94	0.45189
73	94	0.59857
76	94	0.96682
77	94	0.96626
78	94	0.90713
79	94	0.45446
82	94	0.49526
83	94	0.50415
84	94	0.97007
85	94	2.0703
86	94	0.47305
87	94	1.0343
88	94	0.6556
89	94	2.7104
91	94	2.5557
92	94	3.552
93	94	28.287
1	95	0.56429
2	95	0.50519
6	95	0.5219
13	95	0.48518
14	95	0.4818
16	95	0.5144
32	95	0.57225
33	95	0.98501
38	95	0.80893
57	95	0.90278
61	95	0.54095
63	95	0.47895
66	95	0.94181
68	95	0.45635
75	95	1.0362
78	95	0.46386
80	95	0.50498
83	95	0.51534
84	95	0.49609
86	95	0.48364
87	95	0.52854
88	95	1.3414
89	95	1.386
91	95	0.52262
92	95	0.51871
93	95	5.969
94	95	12.063
12	96	0.46757
17	96	0.47985
25	96	0.45286
26	96	0.45031
34	96	1.8211
35	96	0.49028
36	96	0.49153
53	96	0.44635
55	96	0.97677
56	96	0.47747
58	96	0.97924
60	96	0.46985
62	96	0.94476
65	96	0.93452
66	96	0.92869
71	96	0.47949
75	96	1.023
76	96	0.48766
77	96	0.97471
78	96	0.45756
82	96	0.49962
83	96	1.0172
84	96	0.97855
86	96	0.47723
87	96	1.0433
88	96	0.66204
89	96	3.4232
91	96	1.5475
92	96	2.048
93	96	3.1708
94	96	3.3309
95	96	13.629
2	97	0.51655
17	97	0.49776
29	97	0.96514
35	97	0.50832
53	97	0.46371
55	97	0.50633
57	97	0.92688
58	97	0.50833
63	97	0.98148
64	97	0.47329
68	97	0.93586
71	97	0.49732
72	97	0.45918
73	97	0.62684
74	97	0.55118
76	97	0.50581
77	97	0.50541
80	97	0.51625
83	97	0.52723
84	97	0.50738
86	97	0.99057
88	97	0.68616
89	97	2.132
91	97	2.1427
92	97	2.1251
93	97	1.8822
94	97	0.49357
95	97	7.5728
96	97	8.4635
2	98	0.50849
7	98	0.517
9	98	0.50389
16	98	0.51777
17	98	0.4899
21	98	0.48215
28	98	0.44372
33	98	0.49647
35	98	1.0008
37	98	0.70548
38	98	0.81473
40	98	0.48715
41	98	0.68421
52	98	1.4847
53	98	0.45615
54	98	1.5131
55	98	0.9969
58	98	0.50008
59	98	0.52524
61	98	1.0903
69	98	0.47365
72	98	0.45149
73	98	1.2332
75	98	0.52183
76	98	1.4935
80	98	0.50825
85	98	0.53243
87	98	1.0639
89	98	0.69849
91	98	1.5805
92	98	0.52271
93	98	1.8515
94	98	2.4291
95	98	1.4907
96	98	3.4302
97	98	6.0959
7	99	0.4792
13	99	0.45508
17	99	1.3682
19	99	0.4664
24	99	0.42626
25	99	0.85397
27	99	0.40693
28	99	0.40996
31	99	0.471
33	99	0.46076
34	99	0.57624
37	99	0.66006
39	99	1.321
43	99	0.48085
44	99	0.47664
52	99	0.46074
53	99	1.2676
54	99	0.46971
55	99	0.46503
57	99	0.41989
60	99	0.89002
63	99	0.44761
64	99	0.43246
66	99	0.44086
68	99	0.42562
69	99	0.8798
71	99	0.91188
72	99	0.41643
73	99	0.57405
76	99	0.46343
78	99	0.43373
80	99	0.47443
81	99	0.46871
82	99	1.4256
84	99	0.46555
91	99	0.977
92	99	0.9715
93	99	0.85762
94	99	1.3575
95	99	1.3877
96	99	1.8264
97	99	3.3223
98	99	9.8008
18	100	0.43139
20	100	0.4367
22	100	0.4339
24	100	0.82432
25	100	0.41353
27	100	0.39402
30	100	0.40432
32	100	0.51706
33	100	0.44565
35	100	0.45043
37	100	1.2722
40	100	0.43687
42	100	0.46555
43	100	0.46398
53	100	0.40844
56	100	0.43747
58	100	0.44848
61	100	0.9779
62	100	0.43268
64	100	1.2531
65	100	0.85626
66	100	0.4256
67	100	0.44079
68	100	0.41159
72	100	0.40329
73	100	0.5541
78	100	0.41913
79	100	1.676
83	100	0.4673
86	100	0.43752
87	100	0.48021
91	100	0.4722
93	100	0.41457
94	100	0.87354
97	100	1.3734
98	100	3.1523
99	100	5.4242
2	101	0.45226
5	101	0.43926
10	101	0.4822
13	101	0.43361
14	101	0.429
15	101	0.47013
19	101	0.44409
20	101	0.43074
21	101	1.7004
22	101	0.42723
23	101	0.82223
24	101	0.80995
25	101	0.80994
26	101	0.81059
27	101	0.38595
28	101	0.38916
29	101	0.8339
30	101	0.39697
32	101	1.0169
40	101	0.42928
42	101	0.45721
43	101	1.3752
52	101	0.43883
53	101	0.4016
63	101	0.42553
64	101	0.41148
65	101	0.4218
66	101	1.2588
83	101	0.46108
84	101	0.44368
87	101	0.47468
97	101	0.45277
99	101	3.6813
100	101	13.881
6	102	0.46023
12	102	0.4167
13	102	0.42732
20	102	0.42446
21	102	0.8379
22	102	0.84209
23	102	0.81023
24	102	1.1971
26	102	0.79873
27	102	0.76055
28	102	0.76683
29	102	0.82168
30	102	1.1734
39	102	0.61985
41	102	0.59542
52	102	0.43246
55	102	0.43698
66	102	0.41346
71	102	1.2844
72	102	0.38925
91	102	0.45744
96	102	0.42875
99	102	1.6122
100	102	6.2523
101	102	8.0148
1	103	0.50315
22	103	0.4236
23	103	1.2228
24	103	0.40133
27	103	0.7644
29	103	1.2393
30	103	0.78667
31	103	0.88718
32	103	0.50368
33	103	0.43446
43	103	0.90968
52	103	0.87058
53	103	0.79613
56	103	0.42634
57	103	0.39416
64	103	0.40805
65	103	0.41825
69	103	0.415
71	103	0.43096
77	103	0.43813
82	103	0.44921
83	103	0.45735
88	103	0.59522
99	103	0.81022
100	103	3.1452
101	103	7.2826
102	103	9.0639
19	104	0.44371
21	104	0.42469
22	104	0.42686
23	104	0.41076
24	104	0.8091
25	104	0.40442
27	104	1.5418
29	104	1.2494
30	104	0.39653
32	104	0.50791
40	104	0.42883
52	104	0.43852
53	104	0.40121
56	104	0.42972
61	104	0.48068
65	104	0.42145
68	104	0.40374
72	104	0.39451
77	104	0.44135
88	104	0.59999
92	104	0.46179
95	104	0.44028
96	104	0.86957
97	104	0.45254
99	104	1.6341
100	104	2.7736
101	104	6.1878
102	104	7.621
103	104	7.2698
7	105	0.4389
9	105	0.4314
12	105	0.81545
22	105	0.82409
23	105	0.3964
24	105	0.78087
25	105	0.39046
27	105	1.1163
28	105	1.1253
29	105	0.40198
32	105	0.49003
35	105	0.42927
36	105	0.43089
38	105	0.69485
41	105	0.58217
43	105	0.44213
44	105	0.87335
52	105	0.42317
63	105	0.41026
64	105	0.79349
69	105	0.40343
71	105	0.41898
72	105	0.3809
78	105	0.39781
83	105	0.44485
84	105	0.42791
86	105	0.4155
88	105	0.5786
91	105	0.44754
93	105	0.39299
96	105	0.41955
97	105	0.43673
98	105	0.42925
99	105	1.5776
100	105	6.1171
101	105	4.8549
102	105	9.9342
103	105	6.6522
104	105	8.2031
13	106	0.87543
21	106	0.85911
22	106	0.43155
23	106	2.0765
27	106	0.39039
28	106	0.39345
29	106	0.42149
30	106	1.2039
31	106	0.45236
32	106	0.51386
33	106	0.44285
41	106	0.61074
42	106	0.46217
43	106	0.46266
57	106	0.40276
60	106	0.42754
62	106	0.42987
64	106	0.41561
65	106	0.85205
66	106	0.42374
77	106	0.44585
79	106	0.83085
81	106	0.45104
93	106	0.41187
94	106	0.43523
99	106	0.41364
100	106	3.2059
101	106	5.8814
102	106	4.2496
103	106	4.2698
104	106	10.18
105	106	11.341
11	107	0.43723
13	107	0.43719
14	107	0.43291
18	107	1.2873
19	107	0.44803
21	107	0.42924
22	107	0.86233
23	107	0.415
24	107	0.4091
26	107	0.4093
27	107	0.39038
30	107	0.40115
34	107	1.1046
36	107	0.45016
38	107	0.7261
40	107	0.43352
41	107	0.60897
42	107	0.46171
53	107	0.4056
56	107	0.8686
60	107	0.42723
61	107	0.97089
64	107	0.41527
66	107	1.27
67	107	0.4383
68	107	0.81677
69	107	0.4223
75	107	0.46756
76	107	0.44519
77	107	0.4453
78	107	0.41647
79	107	0.83057
80	107	0.45592
81	107	0.45039
88	107	0.60434
89	107	0.6206
91	107	0.46859
94	107	0.43473
95	107	0.88874
96	107	0.43863
97	107	1.3684
98	107	1.794
99	107	5.3757
100	107	6.0077
101	107	6.6675
102	107	3.8646
103	107	2.3302
104	107	3.5251
105	107	2.6472
106	107	4.364
2	108	0.4549
7	108	0.45975
12	108	0.42584
13	108	0.43636
14	108	0.43249
18	108	0.85687
19	108	0.44772
20	108	1.3013
21	108	0.42909
22	108	0.86156
23	108	0.82909
24	108	0.40893
26	108	0.818
29	108	0.84257
31	108	0.90385
36	108	0.44907
40	108	0.43353
42	108	0.92403
44	108	0.45764
52	108	0.44182
54	108	0.9013
56	108	0.43419
57	108	0.40313
59	108	0.46786
62	108	0.42941
64	108	0.4147
65	108	0.8502
66	108	0.42266
68	108	0.81662
71	108	0.43728
85	108	0.4779
88	108	0.60466
93	108	0.41139
96	108	0.43778
97	108	1.3652
99	108	0.41376
100	108	3.2008
101	108	3.5359
102	108	1.1612
103	108	2.3356
104	108	2.7471
105	108	3.4083
106	108	5.163
107	108	14.689
2	109	0.47876
6	109	0.49466
7	109	0.48424
13	109	0.45924
14	109	1.3657
19	109	0.47094
20	109	0.45661
22	109	0.4533
23	109	1.309
25	109	0.43151
28	109	0.41407
29	109	0.88706
31	109	0.47587
33	109	0.46538
35	109	0.47109
36	109	0.94524
37	109	0.66767
40	109	0.45608
53	109	0.85329
54	109	0.47417
56	109	0.45681
64	109	0.43652
66	109	0.88998
68	109	0.4299
69	109	0.44409
75	109	0.49122
76	109	0.46781
82	109	0.4797
93	109	0.86602
95	109	1.4008
96	109	0.46077
98	109	0.47092
99	109	0.87095
100	109	4.2125
101	109	0.82701
102	109	1.6298
103	109	2.8676
104	109	1.2391
105	109	2.392
106	109	0.83607
107	109	3.7604
108	109	7.1039
12	110	0.4446
13	110	0.45528
15	110	0.4918
18	110	0.44726
19	110	0.46716
21	110	0.89654
23	110	0.43314
25	110	1.2873
26	110	0.42756
27	110	0.40898
28	110	0.41155
29	110	0.44053
34	110	0.57629
35	110	0.46678
38	110	0.75774
39	110	0.65873
40	110	0.45289
41	110	1.2719
42	110	0.48269
52	110	0.92209
54	110	0.47008
56	110	0.4535
60	110	0.44618
61	110	0.50684
63	110	0.44866
66	110	0.88279
68	110	0.42708
79	110	0.43473
80	110	0.9486
89	110	0.64866
93	110	0.43005
96	110	0.91349
99	110	0.86576
100	110	3.7651
101	110	1.6469
102	110	1.6229
103	110	1.2245
104	110	0.41135
105	110	2.382
106	110	1.6638
107	110	4.9878
108	110	5.8134
109	110	5.2444
1	111	0.54057
9	111	0.4785
13	111	0.46378
17	111	0.46504
18	111	0.45572
21	111	0.45697
23	111	0.4415
24	111	0.43605
25	111	0.43782
33	111	1.4123
35	111	0.95078
40	111	0.4617
42	111	0.49224
43	111	0.48961
52	111	0.46972
53	111	0.43205
55	111	0.47357
56	111	0.46228
58	111	0.94801
62	111	0.91465
63	111	0.4574
65	111	0.90507
66	111	0.44981
69	111	0.44902
72	111	0.42698
73	111	0.58498
76	111	0.47258
79	111	0.44347
80	111	0.483
83	111	0.49301
84	111	0.47431
85	111	0.50656
86	111	0.46223
91	111	0.49917
92	111	0.99169
94	111	0.46122
95	111	0.47171
96	111	0.46527
97	111	0.96583
98	111	1.4256
99	111	1.7663
100	111	0.42653
101	111	0.42029
102	111	0.82836
104	111	0.41996
105	111	1.2159
107	111	1.6963
108	111	1.6941
109	111	1.3372
110	111	8.8454
12	112	0.46877
13	112	0.47962
17	112	0.48103
20	112	0.47733
26	112	0.4516
30	112	0.44356
33	112	0.48743
34	112	0.60809
35	112	1.4742
40	112	0.47823
42	112	0.51009
52	112	0.97178
53	112	0.44764
54	112	0.99056
60	112	0.47113
61	112	0.5351
67	112	0.48159
69	112	0.46487
81	112	0.98623
82	112	0.50076
84	112	0.49042
89	112	0.68548
91	112	0.5171
98	112	0.49114
99	112	2.2898
100	112	1.7676
102	112	1.2906
103	112	0.43315
104	112	0.43627
105	112	0.421
106	112	0.44059
107	112	1.3201
108	112	1.7564
109	112	1.8484
110	112	3.206
111	112	17.26
1	113	0.5351
5	113	0.46521
11	113	0.45964
13	113	0.45865
17	113	0.45985
18	113	0.90111
20	113	0.91229
24	113	0.43077
35	113	0.47025
38	113	0.76536
53	113	0.8537
56	113	1.3706
57	113	0.42521
58	113	0.937
59	113	0.49219
62	113	0.45194
63	113	0.45202
64	113	0.4364
68	113	0.43025
73	113	0.57875
74	113	0.51126
75	113	1.9621
76	113	0.46732
78	113	0.43788
79	113	0.87593
89	113	0.65465
92	113	0.49024
93	113	0.86642
94	113	0.4561
95	113	0.46646
96	113	0.92026
97	113	0.47781
98	113	0.94016
99	113	1.7443
100	113	1.2642
102	113	0.40869
103	113	0.82234
104	113	0.82873
105	113	0.7998
107	113	1.2561
108	113	0.83659
109	113	0.4403
110	113	1.3112
111	113	4.9008
112	113	6.9209
3	114	0.50436
5	114	0.4712
14	114	1.3826
20	114	0.46215
21	114	0.45723
22	114	0.91787
34	114	0.58893
55	114	1.424
56	114	0.46255
57	114	0.43027
58	114	0.47445
63	114	1.3733
65	114	0.45314
72	114	0.4266
84	114	1.426
85	114	0.50805
86	114	0.46272
88	114	0.64372
91	114	0.49967
92	114	0.49649
93	114	0.43866
95	114	0.47249
97	114	0.96851
99	114	0.44135
104	114	0.83815
105	114	0.40453
106	114	0.42394
107	114	1.271
108	114	2.1176
109	114	0.8915
110	114	0.44263
111	114	1.3539
112	114	5.6105
113	114	12.931
6	115	1.0161
9	115	0.9737
13	115	0.47209
17	115	0.47323
18	115	0.92746
19	115	0.48404
20	115	0.46954
23	115	0.44905
26	115	0.44322
34	115	0.59817
35	115	0.48405
52	115	0.4781
56	115	0.93981
57	115	0.43736
58	115	0.48204
59	115	0.50622
60	115	1.8498
63	115	0.46518
67	115	0.47353
76	115	0.48083
77	115	0.96153
78	115	0.45062
80	115	0.49177
81	115	0.48588
88	115	0.65368
89	115	1.348
93	115	0.89155
94	115	1.4084
95	115	1.9197
96	115	0.47365
99	115	1.3456
100	115	0.43379
101	115	0.42646
102	115	1.2608
104	115	0.42603
107	115	1.2919
108	115	0.43051
110	115	1.7991
111	115	1.8341
112	115	2.3746
113	115	4.9843
114	115	16.974
3	116	0.52611
4	116	0.51236
7	116	0.51107
8	116	0.51293
13	116	0.48452
17	116	1.4566
18	116	0.47569
27	116	0.43349
34	116	0.6157
35	116	0.49702
42	116	0.51319
52	116	0.9814
55	116	0.49499
57	116	1.3422
58	116	0.98866
60	116	0.94783
66	116	0.46963
67	116	0.48568
69	116	1.875
77	116	0.49337
78	116	0.46187
79	116	0.46124
81	116	0.99798
82	116	1.5178
88	116	0.67451
89	116	2.0862
94	116	0.48177
96	116	1.4585
97	116	1.0103
101	116	0.43579
108	116	0.88177
109	116	0.46403
110	116	1.8439
111	116	1.4106
112	116	1.4626
113	116	4.1801
114	116	1.8802
115	116	12.896
5	117	0.53028
8	117	1.1076
12	117	0.51085
19	117	0.53625
24	117	0.9814
26	117	0.49046
34	117	0.67154
40	117	0.51945
59	117	0.56246
61	117	1.1726
62	117	1.0295
64	117	0.49729
76	117	0.53287
92	117	0.56018
93	117	0.98664
96	117	0.525
98	117	1.0726
100	117	0.48008
101	117	0.47124
103	117	0.46671
105	117	0.45426
109	117	1.0038
110	117	0.49778
111	117	0.50772
112	117	0.52629
113	117	1.5052
114	117	3.0482
115	117	4.1297
116	117	13.241
7	118	0.99917
12	118	0.46275
17	118	0.47502
21	118	0.4657
24	118	0.44423
27	118	0.42412
42	118	0.5017
56	118	0.47109
62	118	0.46604
63	118	0.46647
64	118	0.4506
66	118	0.45941
67	118	0.47518
69	118	0.4585
72	118	0.43395
84	118	1.4547
91	118	1.0184
92	118	0.50602
95	118	0.48169
96	118	0.47563
98	118	0.48603
99	118	0.89822
103	118	0.42223
105	118	0.41115
106	118	0.43112
107	118	0.43092
108	118	1.2939
110	118	2.706
111	118	1.3801
112	118	0.47699
113	118	0.45438
114	118	0.91969
115	118	0.93451
116	118	6.6974
117	118	10.352
1	119	0.52677
2	119	0.4701
11	119	0.4511
12	119	0.43998
13	119	0.45089
14	119	0.89324
20	119	0.44815
27	119	1.2085
28	119	0.4059
30	119	0.41389
32	119	0.53019
33	119	0.45643
36	119	0.46422
54	119	0.46541
56	119	0.44802
61	119	0.50138
62	119	0.88628
66	119	0.43671
68	119	0.42145
69	119	0.87145
71	119	0.45174
75	119	0.48216
76	119	0.45916
77	119	0.45924
78	119	0.4296
79	119	0.42861
89	119	0.64285
91	119	0.48386
93	119	0.84934
94	119	0.44834
98	119	0.46248
100	119	0.82641
101	119	0.80967
102	119	0.39891
103	119	0.4009
104	119	1.2129
106	119	0.81892
107	119	1.2281
108	119	1.229
109	119	0.86243
110	119	1.715
111	119	0.43742
112	119	0.90755
113	119	2.1596
114	119	0.87422
115	119	1.7771
116	119	1.3639
117	119	4.4245
118	119	7.1156
4	120	0.46908
14	120	0.8773
18	120	0.86965
19	120	0.45391
29	120	0.42671
40	120	0.43909
53	120	1.2326
58	120	0.90246
63	120	0.43527
65	120	0.4313
66	120	0.85799
68	120	0.41367
69	120	0.42796
71	120	0.44391
73	120	1.1164
77	120	0.45128
79	120	0.42056
83	120	0.47105
86	120	0.88091
89	120	0.6299
92	120	0.47255
96	120	0.44456
102	120	0.39115
107	120	0.8033
109	120	0.84643
110	120	0.84216
111	120	1.2891
112	120	0.44599
113	120	1.2725
114	120	0.42915
115	120	2.181
116	120	0.89212
117	120	2.4113
118	120	3.9274
119	120	15.337
4	121	0.52538
5	121	1.0072
13	121	0.49697
29	121	0.48029
32	121	0.58749
44	121	0.52151
54	121	0.51294
55	121	1.0153
59	121	0.53302
61	121	0.55463
63	121	0.48952
64	121	0.47252
72	121	0.45534
75	121	0.53083
83	121	0.52813
86	121	0.49446
88	121	1.3869
91	121	0.53499
92	121	1.0622
93	121	0.46867
94	121	0.49415
96	121	0.49868
97	121	0.51803
98	121	0.50944
99	121	0.47131
104	121	0.44701
106	121	0.4525
108	121	0.90513
109	121	0.95275
110	121	0.47297
111	121	0.48238
112	121	1.5
113	121	0.95318
115	121	2.4507
116	121	2.5114
117	121	2.7208
118	121	3.438
119	121	6.5348
120	121	7.7861
14	122	0.4886
23	122	0.46844
24	122	0.46273
25	122	0.46458
26	122	0.46248
30	122	0.90783
37	122	0.71696
53	122	0.4584
55	122	0.50254
63	122	0.48565
66	122	0.95497
67	122	0.49387
68	122	0.92467
69	122	0.47677
76	122	0.50149
77	122	0.50129
79	122	0.47068
80	122	0.51263
82	122	0.51405
87	122	0.53699
88	122	0.68524
93	122	1.3956
98	122	1.0085
99	122	0.93708
100	122	0.4526
102	122	0.87862
104	122	0.44542
105	122	0.42985
107	122	1.3493
110	122	0.93843
111	122	1.9129
112	122	0.49502
113	122	0.47277
114	122	0.9578
115	122	0.97309
117	122	2.1608
118	122	1.4647
119	122	1.8566
120	122	2.2791
121	122	4.0991
5	123	0.43654
9	123	0.44438
10	123	0.95799
11	123	0.43062
20	123	0.42803
28	123	0.38702
29	123	0.41458
31	123	0.44492
37	123	0.6237
40	123	0.42682
43	123	0.45538
53	123	1.5972
55	123	0.44049
58	123	0.43853
60	123	0.42064
63	123	0.42299
66	123	0.417
67	123	0.86365
68	123	0.4019
71	123	0.86334
73	123	0.54216
78	123	1.2304
79	123	0.81713
80	123	0.44946
82	123	0.44993
84	123	0.88163
94	123	0.42841
96	123	0.43228
97	123	0.44976
98	123	1.3264
99	123	1.6273
100	123	0.78859
101	123	0.3855
103	123	1.5263
104	123	1.1548
106	123	0.78022
107	123	1.9509
108	123	0.78136
109	123	1.2335
111	123	0.83548
112	123	0.86743
113	123	1.6491
114	123	0.41708
116	123	0.86672
117	123	0.46837
118	123	2.12
119	123	4.0269
120	123	2.7647
121	123	2.6699
122	123	14.177
6	124	0.52371
7	124	0.51449
8	124	0.5143
16	124	0.51621
17	124	0.48808
18	124	0.47844
20	124	0.48442
21	124	0.4797
29	124	0.47197
35	124	0.49892
37	124	0.70423
43	124	0.51379
56	124	0.48517
59	124	0.52263
64	124	0.9274
68	124	0.91533
71	124	0.48777
73	124	0.61447
74	124	0.54141
76	124	0.99181
81	124	0.50073
82	124	1.0163
83	124	0.51709
84	124	0.9956
86	124	0.48514
88	124	0.67361
91	124	0.5243
92	124	0.5204
96	124	0.48841
98	124	0.49863
106	124	0.44598
108	124	0.89012
109	124	0.46826
110	124	0.92886
111	124	0.47321
113	124	0.46789
114	124	0.47388
115	124	0.96269
116	124	1.4812
117	124	1.6003
118	124	0.48301
119	124	0.4595
120	124	0.90278
121	124	4.5585
122	124	4.5194
123	124	10.972
2	125	0.48197
4	125	0.4887
9	125	0.95493
11	125	0.464
16	125	0.49108
21	125	1.368
23	125	0.44052
25	125	0.43694
27	125	0.41643
29	125	0.44834
32	125	0.54545
33	125	0.46982
35	125	0.4743
41	125	1.2949
42	125	0.49126
43	125	0.48851
56	125	0.46133
57	125	0.8597
61	125	0.51568
64	125	0.88104
68	125	0.43464
72	125	0.42611
73	125	0.58387
74	125	1.0308
75	125	0.49486
82	125	0.48322
85	125	0.50545
87	125	0.50499
91	125	0.99633
95	125	0.47068
96	125	0.92839
98	125	0.47411
99	125	0.44068
103	125	0.41602
105	125	0.40448
106	125	0.42362
107	125	0.84645
112	125	0.46541
113	125	0.88909
114	125	1.8013
115	125	1.3727
117	125	0.50675
118	125	0.45913
119	125	0.43654
120	125	0.8577
121	125	1.9258
122	125	0.95438
123	125	1.6676
124	125	9.444
2	126	0.57771
3	126	0.60156
4	126	0.58522
5	126	0.56127
6	126	0.59761
9	126	0.57113
10	126	0.61519
19	126	0.56773
26	126	0.51921
31	126	0.57717
33	126	0.56155
54	126	0.57195
61	126	0.62332
64	126	0.52626
67	126	1.1102
71	126	0.5544
77	126	0.56381
84	126	0.56658
89	126	0.82121
94	126	1.1005
96	126	0.55551
98	126	0.56728
99	126	0.52608
100	126	1.0164
104	126	0.49909
110	126	1.0537
111	126	1.0746
112	126	1.1134
113	126	0.53118
114	126	0.53814
115	126	0.54678
116	126	2.2479
117	126	0.6119
118	126	0.54884
119	126	0.5211
120	126	1.0223
121	126	0.57759
123	126	0.99266
124	126	3.9532
125	126	6.9714
3	127	0.49973
7	127	0.48647
12	127	0.45005
14	127	0.91458
19	127	0.47292
20	127	0.45832
24	127	0.43317
25	127	0.43491
28	127	0.417
31	127	0.47816
35	127	0.47231
52	127	0.46665
56	127	0.45927
57	127	0.42785
60	127	0.45188
64	127	0.87724
65	127	1.3487
72	127	0.42415
77	127	0.46934
78	127	0.44017
81	127	0.47404
83	127	0.97968
86	127	0.45922
88	127	0.63684
91	127	0.49586
93	127	0.87114
94	127	0.45821
96	127	0.46223
98	127	0.94425
100	127	0.4237
101	127	0.41749
102	127	0.41141
103	127	0.82804
104	127	0.83431
106	127	0.42165
108	127	0.8414
109	127	0.88557
110	127	0.43937
111	127	1.3433
112	127	1.3904
113	127	0.4426
115	127	1.3666
116	127	0.46709
117	127	1.0087
118	127	0.457
119	127	0.86905
120	127	0.42685
121	127	0.4792
123	127	1.6598
124	127	0.94029
125	127	1.787
126	127	7.4717
7	128	0.45724
14	128	0.43055
19	128	0.44565
22	128	0.42884
26	128	1.2213
27	128	0.38845
52	128	0.44002
57	128	0.40079
60	128	0.42498
62	128	0.42731
64	128	0.41296
66	128	0.42093
67	128	0.4359
69	128	0.41993
77	128	0.4428
78	128	0.4142
79	128	0.82643
99	128	0.41147
100	128	0.39833
102	128	0.38467
103	128	1.16
105	128	1.5056
106	128	0.39483
107	128	0.78957
108	128	1.9746
111	128	0.42174
112	128	0.43749
114	128	0.42144
115	128	1.2851
116	128	0.43829
119	128	0.81473
121	128	0.44993
122	128	1.342
123	128	2.7185
124	128	0.88616
125	128	0.42086
126	128	1.5047
127	128	11.73
1	129	0.52477
6	129	0.48396
7	129	0.47326
14	129	0.44546
20	129	0.44692
22	129	0.44362
26	129	0.42133
30	129	0.41308
32	129	0.52825
33	129	0.45526
39	129	1.3023
43	129	0.47497
52	129	0.91034
53	129	0.8351
54	129	0.46405
56	129	0.44692
60	129	0.43971
61	129	0.49973
64	129	0.42731
69	129	0.4346
79	129	0.8555
81	129	0.46303
88	129	0.62184
89	129	1.2789
96	129	0.90218
98	129	0.92215
99	129	0.42591
100	129	1.2369
101	129	0.8086
102	129	1.1952
103	129	0.40047
104	129	0.4038
108	129	0.81774
109	129	1.7211
110	129	0.85551
111	129	1.309
112	129	0.90491
113	129	0.4309
114	129	0.87221
115	129	0.4432
117	129	0.49016
118	129	1.7751
119	129	2.1086
120	129	1.2416
121	129	0.93119
122	129	0.92566
123	129	2.4128
124	129	0.45823
125	129	2.1771
126	129	2.077
127	129	9.5357
128	129	13.827
12	130	0.46107
17	130	0.47328
20	130	0.46957
22	130	0.46666
23	130	0.44939
24	130	0.88791
38	130	0.79
40	130	0.47008
52	130	0.47809
54	130	0.48742
56	130	0.47064
57	130	0.43869
59	130	0.50716
61	130	0.52648
64	130	0.44939
67	130	0.47377
69	130	0.91418
75	130	0.50472
78	130	0.90201
86	130	0.47052
87	130	0.51498
89	130	0.6757
94	130	0.46935
97	130	0.49137
99	130	0.4497
100	130	1.7367
101	130	0.42813
102	130	0.84378
104	130	0.42781
105	130	0.41281
107	130	0.86372
108	130	1.2936
110	130	1.3506
113	130	1.3606
116	130	0.95792
117	130	0.51744
118	130	0.93708
119	130	1.3365
122	130	0.48692
123	130	0.85091
124	130	0.48168
125	130	0.91538
126	130	2.7388
127	130	2.7343
128	130	4.7238
129	130	15.106
11	131	0.46061
12	131	0.89833
17	131	0.46111
19	131	0.47157
22	131	0.45413
26	131	0.43154
28	131	0.41519
32	131	0.54099
33	131	0.46606
37	131	0.66552
40	131	0.45685
42	131	0.48695
53	131	0.42769
57	131	0.42541
60	131	0.45028
63	131	0.45288
65	131	0.44844
66	131	0.89181
72	131	0.42186
77	131	0.93702
78	131	0.43885
81	131	0.47363
83	131	0.48887
89	131	0.65491
93	131	1.302
97	131	0.95898
98	131	0.47163
100	131	0.42234
101	131	0.41465
104	131	0.41419
105	131	0.3999
106	131	1.2574
107	131	0.41894
108	131	0.83795
109	131	0.44086
110	131	0.43801
111	131	0.44665
112	131	0.46289
113	131	0.88249
115	131	0.45384
116	131	0.46473
117	131	1.0043
119	131	0.43222
120	131	0.84857
121	131	0.95389
122	131	0.47381
123	131	0.41234
124	131	0.93788
125	131	1.3372
126	131	2.1274
127	131	2.2186
128	131	1.6672
129	131	6.9008
130	131	12.279
5	132	0.47796
6	132	0.50734
10	132	0.52269
12	132	0.46045
13	132	0.47149
15	132	0.50922
25	132	0.44388
28	132	0.42603
32	132	0.55515
42	132	0.49959
43	132	0.49785
53	132	0.87735
54	132	0.4866
56	132	0.9384
62	132	0.4642
79	132	0.44981
80	132	0.49114
83	132	0.50093
84	132	0.48221
88	132	0.65253
91	132	0.50685
92	132	0.50354
93	132	0.44513
94	132	0.46886
96	132	0.94608
98	132	0.96643
99	132	0.44783
100	132	0.43319
101	132	0.42573
103	132	0.42192
104	132	1.2759
105	132	0.41061
106	132	0.43023
107	132	0.42994
108	132	0.85975
109	132	0.45232
110	132	0.89829
111	132	1.3737
112	132	1.423
113	132	0.45248
114	132	1.3743
116	132	0.47683
117	132	1.546
118	132	0.93297
119	132	0.44355
120	132	0.87097
121	132	0.97865
122	132	0.97167
123	132	0.84656
124	132	0.48066
125	132	0.91391
126	132	1.0917
127	132	1.8196
128	132	0.85544
129	132	2.2125
130	132	2.331
131	132	9.9692
3	133	0.52027
22	133	0.47393
25	133	0.45249
26	133	0.45053
32	133	0.56666
34	133	0.60968
43	133	1.5195
52	133	0.97158
54	133	0.49521
57	133	0.44511
63	133	0.47302
67	133	0.96245
69	133	0.92872
72	133	0.44115
73	133	0.60699
74	133	0.53436
77	133	0.48846
86	133	0.47785
87	133	0.5234
93	133	0.45318
94	133	0.47686
97	133	0.49943
100	133	0.44086
101	133	0.86838
106	133	0.43858
108	133	0.43774
109	133	0.46084
110	133	2.7427
111	133	0.46591
113	133	0.92111
114	133	0.93303
115	133	0.474
116	133	0.97247
118	133	0.47557
119	133	0.45208
120	133	0.44398
122	133	0.49473
123	133	0.86304
125	133	1.3947
126	133	3.8998
127	133	0.92569
128	133	0.43574
129	133	0.90173
130	133	1.8974
131	133	6.0008
132	133	9.4665
18	134	0.44087
20	134	0.89279
21	134	0.44142
23	134	0.42658
24	134	0.42079
27	134	0.40186
28	134	0.40471
29	134	0.43349
33	134	0.455
35	134	0.46063
38	134	0.75091
41	134	0.62852
43	134	0.94899
52	134	0.45467
53	134	0.41707
57	134	0.41474
62	134	0.44175
77	134	0.45742
78	134	0.8562
79	134	0.4275
80	134	0.46816
82	134	0.46903
94	134	0.44651
96	134	0.45051
98	134	0.4605
99	134	0.42565
101	134	0.40413
103	134	0.40036
107	134	1.2252
109	134	1.7199
110	134	0.42727
111	134	0.4358
112	134	0.90371
113	134	0.43043
115	134	0.44288
117	134	0.49027
118	134	0.44363
119	134	0.84293
121	134	0.93111
122	134	0.92499
123	134	0.80377
125	134	0.43488
126	134	1.5585
127	134	1.2987
128	134	0.40632
129	134	1.6825
130	134	3.1064
131	134	2.586
132	134	2.6532
133	134	7.2074
5	135	0.44387
16	135	0.46594
17	135	0.43908
18	135	0.42997
20	135	0.43538
21	135	0.85903
22	135	0.43172
24	135	0.81851
25	135	0.40908
26	135	0.81922
28	135	0.39329
30	135	0.80231
34	135	1.1064
36	135	0.45166
40	135	0.43365
43	135	0.4633
53	135	0.40589
54	135	0.45218
55	135	0.44815
57	135	0.80433
61	135	0.48602
64	135	0.41593
67	135	0.43908
71	135	0.43908
74	135	0.48993
78	135	0.41696
79	135	0.41501
81	135	0.90361
83	135	0.46584
84	135	0.44844
89	135	1.2425
95	135	0.89049
96	135	0.43978
100	135	0.40089
101	135	0.78244
102	135	1.1565
103	135	0.38705
104	135	1.1717
106	135	1.1882
107	135	0.79245
108	135	1.1912
109	135	1.6712
110	135	1.2483
111	135	0.8496
112	135	1.3238
117	135	0.4759
118	135	1.2918
120	135	1.2029
122	135	0.90094
123	135	0.7788
124	135	0.44623
125	135	0.42401
127	135	1.2659
128	135	1.1834
129	135	1.2253
130	135	1.2982
131	135	1.6757
132	135	5.1613
133	135	7.4593
134	135	18.784
2	136	0.45408
15	136	0.47186
20	136	0.43262
21	136	1.2817
22	136	0.85848
30	136	0.79812
31	136	0.4499
32	136	0.51107
34	136	0.55058
41	136	0.60746
42	136	0.45963
53	136	1.2108
55	136	0.44515
58	136	0.44337
62	136	0.85509
65	136	0.42374
67	136	0.43644
68	136	0.40631
69	136	0.42042
77	136	0.88705
79	136	0.8262
84	136	0.44552
94	136	0.43295
95	136	0.44255
99	136	0.41132
100	136	0.39854
101	136	0.38981
102	136	0.38408
103	136	1.1576
105	136	1.5033
106	136	0.78888
107	136	1.1834
108	136	0.39494
109	136	0.41572
111	136	0.4222
112	136	0.8766
113	136	0.41673
114	136	0.42163
117	136	0.47381
118	136	0.42872
119	136	1.6286
120	136	0.7987
122	136	0.89577
123	136	0.77572
125	136	0.84272
126	136	1.0045
127	136	0.83878
128	136	1.1778
129	136	1.2196
130	136	1.2901
131	136	0.41684
132	136	1.2837
133	136	3.4898
134	136	3.2504
135	136	9.4505
5	137	0.43961
12	137	0.42312
26	137	0.4058
29	137	0.41764
31	137	0.44827
53	137	1.2063
63	137	0.42605
64	137	0.41183
65	137	0.42216
68	137	0.40482
69	137	0.41884
72	137	0.39589
76	137	0.44174
80	137	0.45253
86	137	0.86248
89	137	0.61697
95	137	0.44092
96	137	0.43523
99	137	0.81971
100	137	1.1912
101	137	0.77691
102	137	0.76547
103	137	0.38455
104	137	0.3879
105	137	0.37449
106	137	1.1791
107	137	0.39308
108	137	1.5739
109	137	1.2426
110	137	0.82432
111	137	0.84126
114	137	0.42009
117	137	0.47213
118	137	0.85442
121	137	0.44842
122	137	0.44624
123	137	0.77299
124	137	0.88401
125	137	0.83956
126	137	0.50044
127	137	0.83565
128	137	1.1736
129	137	1.6203
130	137	2.1421
131	137	1.246
132	137	0.85271
133	137	2.6077
134	137	4.8579
135	137	5.8863
136	137	12.114
7	138	0.45296
8	138	0.91478
9	138	0.44481
21	138	0.42287
24	138	0.4028
25	138	0.4029
29	138	0.41476
30	138	0.39484
32	138	0.50598
38	138	0.71892
43	138	0.45592
44	138	0.45054
52	138	0.43643
57	138	0.39607
71	138	0.43203
94	138	0.42876
98	138	0.44258
99	138	0.81383
100	138	1.9721
101	138	0.77079
102	138	0.37971
103	138	1.1442
105	138	1.1146
106	138	0.78015
108	138	0.7815
109	138	2.0567
110	138	0.40948
111	138	0.83599
112	138	0.43411
113	138	0.41249
118	138	0.42418
120	138	0.39494
121	138	0.89064
122	138	0.44344
123	138	0.76704
127	138	0.4152
128	138	0.7767
129	138	0.40219
130	138	0.85156
132	138	0.42351
134	138	3.2159
135	138	1.9464
136	138	8.1441
137	138	11.207
12	139	0.41437
20	139	0.42209
25	139	0.79457
26	139	0.39733
27	139	1.1358
28	139	0.38157
29	139	0.40884
30	139	0.7785
31	139	0.43885
35	139	0.43609
38	139	0.70678
52	139	0.43002
54	139	0.43859
58	139	0.43254
67	139	0.42591
75	139	0.45472
79	139	0.40292
86	139	0.42234
94	139	0.42247
95	139	0.43188
100	139	0.38874
101	139	1.5206
102	139	0.37454
103	139	0.7526
105	139	1.0994
106	139	0.76938
107	139	0.76954
108	139	1.5407
109	139	0.40548
110	139	1.2108
111	139	1.2358
115	139	0.41817
119	139	0.39712
122	139	0.43695
123	139	0.37827
124	139	0.43292
125	139	0.4111
127	139	0.81837
128	139	0.38293
129	139	0.39657
130	139	1.2586
131	139	0.40667
132	139	0.41749
133	139	0.85113
134	139	2.774
135	139	1.1521
136	139	5.3546
137	139	6.4789
138	139	13.993
2	140	0.46247
6	140	0.47758
9	140	0.45757
14	140	0.43942
16	140	0.47136
20	140	0.44092
21	140	0.43572
24	140	1.6615
26	140	0.41553
27	140	0.39648
28	140	0.39943
30	140	0.40732
31	140	0.45881
33	140	0.4491
36	140	0.45673
41	140	0.61848
53	140	0.41179
64	140	0.42152
65	140	0.43204
69	140	0.42868
76	140	0.45177
79	140	0.42172
82	140	0.46325
84	140	0.45385
92	140	0.47333
93	140	0.41791
99	140	0.41992
101	140	0.79687
102	140	0.78521
104	140	0.39792
105	140	2.3051
106	140	1.2089
108	140	1.2094
111	140	0.43043
114	140	0.4301
115	140	0.87428
118	140	0.43756
119	140	0.41574
120	140	0.40795
123	140	0.39634
125	140	0.85911
126	140	0.51198
127	140	0.85518
129	140	1.245
130	140	1.3149
131	140	0.85067
132	140	1.3093
133	140	0.88948
134	140	2.9031
135	140	0.80503
136	140	2.8049
137	140	1.5971
138	140	11.891
139	140	15.634
12	141	0.44205
18	141	0.44473
19	141	0.46471
23	141	0.43079
24	141	0.42541
34	141	0.57331
35	141	0.92804
39	141	0.65506
40	141	0.45065
52	141	0.45841
54	141	0.93493
57	141	0.42017
64	141	0.4308
66	141	0.43888
67	141	0.45436
71	141	0.45362
72	141	0.83311
77	141	0.46112
83	141	0.48137
89	141	0.64555
95	141	0.46046
98	141	0.46386
99	141	0.43084
100	141	1.2482
104	141	0.40965
106	141	0.41407
107	141	0.82745
108	141	1.2393
110	141	0.43155
111	141	1.3195
113	141	1.3041
115	141	0.44749
119	141	0.8535
120	141	1.2576
121	141	0.47075
122	141	1.4
123	141	0.4075
124	141	0.46192
125	141	0.87762
127	141	0.43692
128	141	0.82283
129	141	0.42572
130	141	1.7905
131	141	2.1793
132	141	0.44689
133	141	1.8185
134	141	3.4012
135	141	2.901
136	141	4.1184
137	141	4.5133
138	141	7.7464
139	141	6.4286
140	141	19.318
1	142	0.54488
6	142	0.5033
10	142	0.51842
17	142	0.4689
23	142	0.44534
25	142	0.88409
38	142	0.77974
40	142	0.46587
52	142	0.47361
53	142	0.4359
58	142	0.4782
60	142	0.45891
62	142	0.4614
64	142	0.44531
65	142	0.91283
66	142	1.3608
89	142	0.66785
92	142	0.50017
94	142	0.46499
97	142	0.48668
101	142	0.42454
102	142	0.83672
104	142	0.84849
105	142	0.40938
107	142	2.1409
108	142	0.42741
109	142	0.89972
110	142	0.89228
111	142	0.45454
114	142	0.45535
115	142	0.46262
116	142	0.47465
119	142	0.44161
122	142	0.48235
123	142	0.84376
124	142	0.95447
125	142	0.4535
126	142	0.5422
129	142	0.88084
130	142	0.46258
131	142	1.3523
132	142	1.3861
134	142	0.87969
135	142	2.5749
136	142	2.1318
137	142	2.9733
138	142	5.9106
139	142	4.1601
140	142	3.4763
141	142	10.202
6	143	1.0691
13	143	0.49711
18	143	0.48874
24	143	0.93699
25	143	0.47075
27	143	0.44885
32	143	0.58681
35	143	1.0185
53	143	0.4641
54	143	0.51308
55	143	0.50723
59	143	0.53406
63	143	0.49113
73	143	0.62733
76	143	0.50642
81	143	0.51105
89	143	0.71068
94	143	0.98878
96	143	0.49872
97	143	0.51699
99	143	1.4237
100	143	0.45827
101	143	0.45238
104	143	0.45207
105	143	0.43644
106	143	0.45664
107	143	0.45602
109	143	0.47899
110	143	0.94946
111	143	0.48351
112	143	0.49984
113	143	0.47827
114	143	0.4845
115	143	0.49204
117	143	0.54543
118	143	0.98818
121	143	1.0359
124	143	0.50716
125	143	0.48246
128	143	0.45348
129	143	0.46884
130	143	0.49207
132	143	0.49137
134	143	0.93682
135	143	2.2856
136	143	2.2714
137	143	0.90521
138	143	1.3499
139	143	2.217
140	143	2.3134
141	143	4.2486
142	143	11.211
2	144	0.99695
4	144	0.5051
8	144	0.50558
17	144	0.48023
20	144	0.95307
21	144	0.47257
22	144	0.47382
24	144	0.45122
27	144	0.86479
29	144	0.46502
30	144	0.4429
33	144	0.48669
39	144	0.69222
41	144	0.67028
43	144	1.0104
53	144	1.3409
57	144	0.44637
58	144	0.4901
63	144	0.47304
64	144	0.45636
65	144	1.8709
71	144	0.47985
81	144	0.49225
83	144	0.50888
87	144	1.0435
96	144	0.48032
98	144	0.98059
101	144	0.43596
102	144	0.42965
104	144	0.87143
107	144	0.43942
108	144	0.43844
110	144	0.91458
111	144	0.93147
116	144	0.48682
117	144	0.52546
119	144	1.8125
126	144	0.55575
128	144	0.43687
129	144	1.8072
130	144	0.4739
131	144	0.46221
132	144	0.94723
133	144	1.4447
134	144	1.8047
135	144	0.88143
136	144	0.43771
137	144	0.43605
138	144	2.6012
139	144	1.2814
140	144	0.89174
141	144	1.8183
142	144	2.8167
143	144	3.493
2	145	0.51466
4	145	0.52127
5	145	0.50186
15	145	0.5323
20	145	0.49226
22	145	0.48952
26	145	0.46607
31	145	0.51467
33	145	0.50283
34	145	0.62759
40	145	0.49346
53	145	0.46202
56	145	0.49393
63	145	0.97792
66	145	0.48022
72	145	0.45754
75	145	0.52828
76	145	0.504
78	145	0.47338
81	145	0.50817
89	145	0.70819
99	145	0.47293
100	145	1.3683
101	145	0.45118
108	145	0.90681
109	145	1.4314
110	145	0.47256
112	145	0.4971
114	145	0.48252
116	145	1.0068
117	145	1.087
118	145	0.49251
119	145	0.46868
121	145	0.51623
123	145	0.44816
124	145	1.5146
125	145	0.96006
127	145	1.4341
129	145	0.46719
130	145	0.97913
131	145	0.95559
132	145	0.97893
133	145	0.99524
135	145	1.3683
136	145	1.8115
137	145	0.90234
138	145	0.89734
139	145	0.88399
140	145	0.92225
141	145	0.46968
142	145	1.9396
143	145	3.0909
144	145	3.9697
15	146	0.5457
18	146	0.49873
19	146	0.52056
21	146	0.50073
24	146	0.47852
32	146	0.5997
33	146	0.51546
34	146	0.64391
36	146	0.52066
37	146	0.73319
40	146	0.50586
52	146	0.51389
55	146	0.51734
59	146	0.54552
61	146	0.56656
69	146	0.4921
78	146	0.48552
83	146	0.53855
84	146	0.51845
86	146	0.50603
88	146	0.7017
93	146	0.48087
94	146	0.50437
95	146	0.51577
96	146	0.50876
104	146	0.46243
106	146	0.46686
108	146	0.93033
110	146	0.48467
111	146	0.49349
112	146	0.50983
116	146	1.0323
118	146	1.0099
119	146	0.48065
120	146	0.47248
122	146	0.52379
125	146	0.49238
128	146	0.46343
131	146	0.9798
132	146	0.50185
133	146	1.0208
134	146	1.4357
136	146	0.92895
138	146	0.46017
141	146	2.8909
142	146	0.99472
143	146	1.5843
144	146	2.5447
145	146	5.7778
5	147	0.51067
9	147	0.51917
12	147	0.49229
14	147	0.50024
16	147	0.53366
18	147	0.49504
23	147	0.47995
24	147	0.47438
32	147	0.59488
36	147	1.0347
54	147	1.0395
55	147	0.51388
56	147	1.0042
57	147	0.46892
58	147	0.5152
59	147	0.54094
61	147	0.56207
65	147	0.492
66	147	0.489
67	147	0.50532
69	147	0.48836
71	147	0.50454
72	147	0.46465
73	147	1.2724
74	147	0.55939
76	147	1.0259
77	147	0.51271
81	147	0.5178
82	147	0.52554
83	147	1.0693
86	147	1.506
95	147	0.51195
98	147	1.0312
99	147	0.4804
100	147	0.46408
105	147	0.44163
110	147	0.48074
111	147	0.4897
113	147	1.453
117	147	0.5526
118	147	0.5002
119	147	0.47603
120	147	0.46771
123	147	0.45485
126	147	0.58512
127	147	0.48655
130	147	0.49846
131	147	0.97102
133	147	0.50645
139	147	0.44872
141	147	1.4343
145	147	2.088
146	147	5.8861
3	148	0.55794
9	148	0.53214
16	148	0.54646
32	148	0.61035
41	148	0.72394
52	148	0.52308
53	148	0.48279
54	148	0.53275
55	148	0.52642
61	148	0.57668
69	148	0.50118
76	148	0.5259
81	148	0.53032
84	148	0.5276
94	148	0.51339
95	148	0.52488
96	148	0.51784
108	148	0.47401
111	148	0.50246
113	148	0.49729
114	148	0.50393
116	148	1.0512
130	148	0.51127
139	148	0.46215
144	148	0.51795
146	148	2.1911
147	148	9.2542
6	149	0.51689
10	149	0.53215
11	149	0.48193
14	149	0.47704
22	149	0.47507
24	149	0.45225
26	149	0.45197
32	149	0.56704
55	149	0.98041
56	149	0.47918
58	149	0.49141
59	149	0.51625
60	149	0.47156
66	149	0.46609
74	149	0.53428
76	149	0.48945
85	149	1.048
86	149	0.47897
87	149	0.52354
91	149	0.51774
92	149	0.51387
94	149	0.95522
95	149	0.48853
98	149	0.49186
99	149	0.45822
100	149	0.44226
106	149	0.44073
109	149	0.46244
110	149	0.45842
111	149	0.46699
112	149	0.48295
117	149	0.52692
118	149	0.47731
121	149	0.50046
125	149	0.46592
126	149	1.1152
132	149	0.47474
138	149	0.86837
141	149	0.45577
146	149	1.0213
147	149	2.5354
148	149	7.7963
9	150	0.51304
10	150	1.1009
11	150	0.99869
15	150	0.53579
16	150	0.52724
18	150	0.48912
19	150	0.51052
29	150	0.4832
35	150	0.50967
37	150	0.71934
54	150	0.51356
56	150	0.49638
57	150	0.46373
62	150	0.49119
65	150	0.48611
71	150	0.49849
73	150	0.62832
77	150	0.50658
79	150	0.47715
82	150	0.51926
83	150	1.0567
84	150	0.50864
87	150	0.54157
89	150	0.71223
93	150	0.47127
94	150	0.49477
96	150	0.4991
109	150	0.47945
110	150	0.47511
113	150	0.95732
114	150	0.48496
115	150	0.49253
118	150	0.49465
121	150	0.51858
125	150	0.48283
133	150	1.0008
134	150	0.46883
135	150	0.45763
136	150	0.45472
137	150	0.45303
139	150	1.3314
140	150	0.92625
141	150	0.94481
142	150	0.97564
143	150	0.51817
144	150	0.49938
145	150	1.0311
146	150	0.52859
147	150	1.5748
148	150	1.6133
149	150	7.5142
3	151	0.54679
12	151	0.49434
13	151	0.50549
15	151	0.54388
17	151	0.50694
36	151	0.51896
55	151	0.51565
58	151	0.51772
63	151	0.49991
68	151	0.47675
76	151	0.51507
80	151	0.52572
85	151	0.55038
86	151	0.50437
89	151	0.72376
92	151	1.0819
97	151	0.52543
104	151	0.46096
105	151	0.44496
108	151	0.4637
110	151	0.48313
111	151	0.49191
114	151	0.49323
115	151	0.50085
119	151	0.4791
121	151	1.055
125	151	0.49081
126	151	0.58769
127	151	0.48875
135	151	0.4661
137	151	0.46128
140	151	0.47136
143	151	0.52635
144	151	1.5219
145	151	0.52354
147	151	2.1332
148	151	1.6378
149	151	3.054
150	151	5.2684
5	152	0.49002
8	152	0.50999
14	152	0.47976
16	152	0.51208
23	152	0.46026
36	152	0.99211
53	152	0.45064
55	152	0.49287
60	152	0.94857
67	152	0.48485
68	152	0.45457
69	152	0.46806
71	152	0.48393
77	152	0.49185
79	152	0.46297
83	152	0.51321
84	152	0.4938
86	152	0.48168
87	152	0.52626
88	152	0.66795
93	152	0.4573
96	152	0.48446
101	152	0.43932
102	152	0.43297
107	152	0.44288
110	152	0.46108
116	152	0.49077
127	152	0.46659
128	152	0.44035
131	152	1.8638
135	152	0.88812
136	152	0.44113
137	152	0.43948
139	152	0.86095
144	152	0.96954
145	152	0.50056
146	152	1.5401
148	152	1.0449
149	152	1.4588
150	152	4.0293
151	152	11.769
2	153	0.51709
10	153	0.54974
18	153	0.48857
22	153	0.49184
23	153	0.47395
27	153	0.44943
65	153	0.48563
66	153	0.48252
69	153	0.48193
75	153	0.5307
78	153	0.47564
85	153	0.54125
87	153	1.0816
88	153	0.68697
91	153	0.5363
92	153	0.53188
96	153	0.99675
103	153	0.44997
113	153	0.47834
116	153	0.50579
117	153	0.54608
121	153	0.51867
123	153	0.45032
126	153	0.57762
128	153	1.3621
136	153	0.45507
138	153	0.45084
139	153	0.44413
140	153	0.46333
141	153	0.47193
143	153	1.5526
144	153	0.99713
146	153	1.0554
147	153	2.6221
148	153	1.6106
149	153	2.5012
150	153	2.5898
151	153	5.2597
152	153	9.0526
5	154	0.49801
8	154	1.0362
12	154	0.47982
13	154	0.98165
14	154	0.97545
15	154	0.52865
21	154	0.48436
38	154	0.81905
54	154	1.0135
55	154	0.50085
56	154	0.48988
59	154	0.52766
62	154	0.48473
69	154	0.95186
78	154	0.46964
83	154	0.52141
85	154	0.53499
89	154	0.70201
94	154	0.48815
101	154	0.44697
112	154	0.49352
115	154	0.48605
125	154	0.47637
126	154	0.57003
128	154	0.44792
130	154	0.48585
132	154	0.48542
134	154	0.46262
138	154	0.44453
141	154	0.46607
143	154	1.0226
147	154	1.036
148	154	0.53065
149	154	0.98845
150	154	3.5823
151	154	4.1586
152	154	5.466
153	154	10.731
12	155	0.96817
13	155	0.495
19	155	0.50873
22	155	0.49038
38	155	0.82632
53	155	0.46295
59	155	0.53315
65	155	0.48405
66	155	0.96175
74	155	0.54964
75	155	0.52905
78	155	0.47423
81	155	0.50857
93	155	0.4698
98	155	0.50659
99	155	0.47419
100	155	0.45695
103	155	0.44951
104	155	0.45256
105	155	0.43663
110	155	0.47343
112	155	0.49758
116	155	0.50474
117	155	0.54465
121	155	0.51749
122	155	1.0229
127	155	0.47879
131	155	0.47894
133	155	0.49841
142	155	0.4855
143	155	0.51577
144	155	0.49667
145	155	0.51248
148	155	0.53476
149	155	0.49845
150	155	0.51612
151	155	2.0958
152	155	2.5054
153	155	3.6043
154	155	9.6731
1	156	0.70706
2	156	0.63401
10	156	0.67243
14	156	0.60612
54	156	0.62857
57	156	0.57011
63	156	0.60378
73	156	0.78024
84	156	0.62246
91	156	0.66171
93	156	0.57781
94	156	1.2106
101	156	0.55681
113	156	0.58678
123	156	0.55267
124	156	0.62142
125	156	0.59132
128	156	0.55711
133	156	1.8429
138	156	0.55402
143	156	0.63337
144	156	0.61053
146	156	0.64604
147	156	0.64231
149	156	1.2263
150	156	1.9028
151	156	1.9308
152	156	0.61618
153	156	0.63301
154	156	3.1282
155	156	3.7816
14	157	0.50273
18	157	0.49729
24	157	0.47714
27	157	0.91492
33	157	0.51405
36	157	0.51913
53	157	0.47256
59	157	0.54405
60	157	0.49714
62	157	0.49972
63	157	0.50011
66	157	0.49121
69	157	0.49065
72	157	0.4679
75	157	0.5399
77	157	0.51491
89	157	0.7251
93	157	0.47949
98	157	0.51754
106	157	0.46555
110	157	0.48328
113	157	0.48689
114	157	0.49344
116	157	0.51476
118	157	0.50359
121	157	0.52789
124	157	0.51619
126	157	0.58826
127	157	0.48889
134	157	0.47721
137	157	0.46145
139	157	0.45208
142	157	0.49591
148	157	0.54625
149	157	1.0183
150	157	2.1084
151	157	2.1409
152	157	1.5356
153	157	1.5785
154	157	1.5601
155	157	2.0964
156	157	4.5101
6	158	0.53056
7	158	0.52204
11	158	0.49507
18	158	0.48486
22	158	0.48797
29	158	0.4791
38	158	0.82423
40	158	0.49172
55	158	0.5032
58	158	0.50486
60	158	0.48451
62	158	0.48706
64	158	0.4701
66	158	0.47883
75	158	1.0535
77	158	0.5022
79	158	0.47316
83	158	1.0478
84	158	0.5042
85	158	0.53753
86	158	0.49195
94	158	0.49044
95	158	1.0032
107	158	0.45266
111	158	0.4797
112	158	0.49583
114	158	0.48085
116	158	0.50147
119	158	0.93363
124	158	0.50335
129	158	0.46538
132	158	0.48776
142	158	0.48354
145	158	0.51099
146	158	1.048
148	158	0.53317
149	158	1.9862
150	158	0.51419
151	158	1.0446
152	158	1.997
153	158	3.5937
154	158	1.0146
156	158	5.0306
157	158	9.4051
5	159	0.54353
6	159	0.57556
12	159	0.52414
13	159	0.53548
17	159	0.53717
33	159	0.54512
34	159	0.68037
35	159	0.54802
42	159	0.57186
55	159	0.54581
58	159	0.54957
69	159	0.52054
76	159	0.54576
82	159	0.55868
94	159	0.53261
101	159	0.49167
114	159	0.52388
131	159	0.51891
133	159	0.53981
134	159	0.50732
146	159	0.56766
149	159	0.5392
152	159	1.0838
154	159	0.55022
156	159	0.67985
157	159	2.2642
158	159	7.1864
9	161	0.5457
19	161	0.54308
33	161	0.53797
69	161	1.029
74	161	1.173
82	161	0.55235
83	161	0.56165
91	161	0.57191
95	161	0.53831
103	161	0.48024
111	161	0.51557
113	161	0.51031
120	161	0.49398
121	161	0.55279
123	161	0.48067
125	161	0.51448
126	161	0.61646
140	161	0.49432
147	161	0.55814
148	161	0.57099
150	161	0.55153
151	161	0.55981
152	161	0.53602
153	161	1.1014
154	161	1.0886
157	161	0.56025
159	161	2.3659
3	162	1.2195
5	162	0.57133
12	162	1.1017
13	162	0.56322
14	162	0.56019
31	162	0.58784
55	162	0.57454
56	162	0.56218
62	162	0.55635
63	162	0.55757
66	162	0.5474
76	162	0.5739
80	162	0.58598
82	162	0.5882
85	162	0.61367
86	162	0.56184
94	162	0.56006
95	162	0.5727
97	162	0.58562
98	162	0.57643
108	162	0.51651
121	162	0.58905
128	162	0.51412
129	162	0.53159
137	162	0.51354
140	162	0.52461
142	162	0.55228
148	162	0.60852
149	162	0.56727
150	162	0.58721
152	162	0.57023
154	162	0.57925
155	162	0.58397
161	162	11.234
