1	2	7.6166
1	3	1.4526
2	3	2.6872
1	4	1.9454
2	4	1.8058
3	4	5.672
2	5	1.2616
4	5	2.3633
2	6	0.91892
3	6	0.97056
4	6	2.5777
5	6	5.4289
1	7	1.8999
3	7	0.61596
4	7	2.1984
5	7	1.1538
6	7	9.2365
1	8	2.4787
2	8	0.57593
3	8	0.60297
6	8	2.4614
7	8	7.8643
3	9	0.6096
4	9	1.0878
6	9	0.82989
7	9	3.7124
8	9	12.97
1	10	0.6315
3	10	0.61412
8	10	2.6156
9	10	2.1167
1	11	0.61721
7	11	1.5631
8	11	1.019
9	11	1.031
10	11	3.1191
5	12	0.52888
7	12	0.98025
9	12	0.48497
10	12	0.48913
11	12	7.1342
9	13	0.46559
10	13	0.46989
11	13	4.5629
12	13	10.287
3	14	0.55424
8	14	0.46842
9	14	0.47405
10	14	0.95704
11	14	2.3236
12	14	6.112
13	14	10.022
3	15	0.55618
4	15	0.49454
8	15	0.47046
9	15	0.47611
11	15	0.93357
12	15	3.5087
13	15	7.9766
14	15	8.5475
9	16	0.46418
11	16	3.1842
12	16	5.1277
13	16	7.77
14	16	7.9112
15	16	14.651
8	17	0.96409
11	17	3.3488
12	17	3.5956
13	17	5.5925
14	17	2.1895
15	17	6.1634
16	17	9.4369
1	18	0.62314
3	18	0.60639
9	18	0.52119
10	18	2.6281
11	18	3.0708
12	18	1.4437
13	18	4.155
14	18	2.3502
15	18	2.8332
16	18	2.3014
17	18	3.387
7	19	0.51474
10	19	0.51374
11	19	0.99992
12	19	0.94011
13	19	1.8028
14	19	1.8353
15	19	1.3831
16	19	1.7974
17	19	1.4172
18	19	8.5942
1	20	0.58351
7	20	0.49177
9	20	0.97305
11	20	0.47707
12	20	1.3443
13	20	3.0018
14	20	1.3097
15	20	0.87779
16	20	2.1379
17	20	1.7992
18	20	2.8953
19	20	8.0082
3	21	0.57351
4	21	1.021
7	21	0.49713
10	21	1.9848
11	21	0.96506
12	21	0.45356
13	21	1.3041
14	21	0.88528
15	21	0.88956
16	21	1.3002
18	21	3.9048
19	21	3.8138
20	21	17.722
1	22	0.59939
5	22	0.54612
7	22	1.5194
8	22	0.49529
10	22	0.50546
11	22	0.49178
13	22	0.44334
17	22	1.3942
18	22	2.487
19	22	5.8304
20	22	5.0974
21	22	12.662
4	23	0.53199
5	23	0.55873
8	23	0.50743
10	23	0.51749
15	23	0.46581
16	23	0.90797
17	23	0.95465
18	23	0.50984
19	23	1.4949
20	23	1.9039
21	23	2.8865
22	23	9.3126
3	24	0.60464
5	24	0.56601
7	24	1.0512
8	24	1.0283
10	24	1.0491
19	24	0.50454
20	24	1.445
21	24	2.9235
22	24	5.4614
23	24	10.689
8	25	0.5146
9	25	0.52071
12	25	0.48037
13	25	0.46091
14	25	1.4084
19	25	1.0101
20	25	0.96393
21	25	0.48739
22	25	2.4837
23	25	6.6171
24	25	9.2884
2	26	0.54256
4	26	0.50561
12	26	0.44924
13	26	1.2921
14	26	0.87727
15	26	0.88137
16	26	0.85875
18	26	1.934
19	26	0.94454
20	26	0.45022
21	26	0.91147
22	26	1.8582
23	26	1.4293
24	26	0.48273
25	26	8.6885
2	27	0.52692
5	27	0.51559
6	27	0.7484
7	27	0.47731
11	27	0.92585
12	27	1.7398
13	27	1.2498
14	27	0.42426
15	27	1.2791
16	27	1.246
17	27	1.3108
18	27	0.93688
19	27	1.3722
20	27	2.1779
21	27	3.0885
22	27	0.44989
24	27	1.8709
25	27	5.611
26	27	7.4301
5	28	0.51038
6	28	1.48
9	28	0.93461
10	28	0.47162
11	28	1.374
12	28	0.43025
13	28	1.2351
14	28	0.41914
15	28	0.84281
16	28	1.642
17	28	1.2954
18	28	0.92676
19	28	0.45236
20	28	2.1523
21	28	1.7454
22	28	3.56
23	28	0.45714
24	28	1.3879
25	28	4.6263
26	28	5.1879
27	28	15.891
4	29	0.4882
7	29	0.47506
8	29	0.46441
9	29	0.47002
11	29	0.92143
12	29	0.43287
15	29	0.42416
18	29	0.46616
19	29	1.3654
20	29	0.86658
21	29	1.7562
22	29	0.89541
23	29	0.45969
24	29	3.2581
25	29	4.6536
26	29	6.9594
27	29	5.8915
28	29	5.824
6	30	1.631
7	30	1.7543
18	30	0.86272
20	30	2.4132
21	30	1.6191
22	30	1.6515
23	30	0.84657
24	30	0.85729
25	30	3.4746
26	30	4.8059
27	30	6.2137
28	30	1.5324
29	30	32.394
2	32	0.55398
9	32	0.49797
13	32	0.44058
15	32	0.45073
16	32	0.43923
18	32	0.98848
19	32	1.4484
21	32	0.46601
22	32	1.8998
23	32	0.97391
24	32	1.4802
25	32	0.49351
26	32	1.3848
28	32	0.44223
29	32	3.5592
30	32	1.6394
11	33	0.93325
20	33	0.87838
21	33	0.88253
23	33	0.92071
25	33	0.94619
27	33	2.5433
28	33	0.83689
29	33	0.84203
30	33	2.0638
32	33	9.8225
3	35	0.56101
6	35	0.7609
7	35	0.48611
8	35	0.47528
10	35	0.48516
11	35	1.415
13	35	0.84986
14	35	0.86554
15	35	0.43482
18	35	1.4317
19	35	0.46611
20	35	0.88842
21	35	0.44973
22	35	0.91694
25	35	0.95275
26	35	2.2273
27	35	0.43123
28	35	0.42653
29	35	2.5749
30	35	1.5809
32	35	3.1889
33	35	3.4478
9	36	0.48237
10	36	1.46
11	36	0.47299
12	36	0.88884
13	36	0.85132
14	36	0.86684
15	36	0.4356
16	36	1.2731
17	36	0.89279
18	36	0.95703
19	36	0.46725
20	36	1.3351
21	36	1.8031
22	36	0.91923
25	36	0.95556
26	36	0.89313
27	36	1.2965
28	36	1.2818
29	36	0.85997
30	36	0.7945
32	36	0.45672
33	36	1.7339
35	36	9.6938
3	37	1.4018
13	37	1.0318
15	37	1.056
16	37	1.0305
17	37	1.091
20	37	2.1893
25	37	1.1879
28	37	1.0362
29	37	1.0432
30	37	7.0563
32	37	2.2181
33	37	3.9004
35	37	8.5541
36	37	7.541
4	38	1.2013
5	38	1.2739
9	38	1.1569
11	38	1.1527
14	38	1.0361
24	38	2.2885
26	38	1.0691
27	38	3.1147
29	38	2.0583
30	38	6.8794
32	38	1.0946
35	38	4.2208
36	38	7.4395
10	39	0.49806
12	39	0.4555
13	39	0.87354
15	39	0.89368
16	39	1.3063
18	39	0.98014
19	39	0.47872
21	39	0.46204
22	39	0.94188
24	39	0.48923
25	39	1.9573
26	39	0.91538
27	39	2.216
28	39	1.7536
29	39	1.7643
32	39	0.46796
33	39	1.7686
35	39	1.355
36	39	3.6224
37	39	1.0969
38	39	5.4129
4	40	0.50258
11	40	0.94918
12	40	0.44598
13	40	0.42695
15	40	0.4369
16	40	0.85141
19	40	0.93736
20	40	1.339
21	40	0.45224
22	40	0.46111
24	40	0.47914
25	40	0.95882
26	40	1.7924
27	40	0.4336
28	40	0.8571
29	40	0.8627
32	40	1.3748
33	40	0.86705
35	40	0.44215
36	40	0.88592
38	40	1.06
39	40	9.0862
1	41	0.58615
8	41	0.48307
10	41	0.98629
15	41	0.44175
18	41	0.48511
20	41	0.45142
21	41	0.45698
22	41	0.4659
23	41	0.4779
25	41	0.4843
27	41	0.43811
28	41	0.4333
29	41	1.3079
30	41	0.81048
33	41	0.88423
35	41	2.233
36	41	2.2385
37	41	2.2091
38	41	1.0898
39	41	4.1306
40	41	6.2893
1	42	0.655
4	42	0.56483
5	42	0.5941
9	42	1.6311
10	42	1.6461
11	42	0.53381
12	42	0.50075
14	42	0.48766
15	42	0.49032
16	42	0.47776
17	42	0.50279
18	42	0.53954
20	42	1.0031
21	42	1.5235
23	42	0.53195
24	42	1.0764
26	42	1.0061
27	42	0.97366
28	42	0.4809
29	42	1.4523
35	42	0.99274
36	42	0.49746
38	42	1.2803
39	42	2.0402
40	42	4.4876
41	42	4.0405
4	43	0.70066
8	43	0.66667
9	43	1.3494
11	43	1.3288
14	43	0.60552
15	43	0.60862
21	43	1.2608
23	43	0.65965
26	43	0.62413
27	43	0.60452
29	43	0.60087
32	43	0.63856
36	43	1.8541
39	43	2.5306
40	43	1.2381
41	43	4.4001
42	43	19.147
1	44	1.0473
8	44	1.6766
17	44	0.78747
21	44	0.79312
22	44	0.80889
25	44	0.85009
32	44	0.80309
35	44	0.77462
36	44	0.77832
39	44	0.79525
40	44	0.77847
42	44	1.8131
43	44	1.2208
3	45	0.67435
14	45	0.51751
19	45	0.55827
20	45	0.53236
24	45	0.57043
29	45	0.51363
35	45	0.52641
36	45	0.52778
37	45	1.4106
39	45	1.0815
40	45	2.1159
41	45	2.1437
42	45	6.5878
43	45	8.3261
44	45	20.419
6	46	0.95693
8	46	0.57125
9	46	0.57817
13	46	1.0197
15	46	0.52184
20	46	0.53427
21	46	1.0804
24	46	1.1452
25	46	0.57436
26	46	1.0698
28	46	1.0237
29	46	0.51508
32	46	0.54722
35	46	0.52779
38	46	1.4382
39	46	1.0847
40	46	0.53076
41	46	2.6877
42	46	5.4215
43	46	6.8867
44	46	5.9401
45	46	6.4114
7	47	0.49628
12	47	0.90559
19	47	0.47601
20	47	1.8154
22	47	0.46822
24	47	0.97305
27	47	0.44055
28	47	1.3074
29	47	0.87688
32	47	1.3957
38	47	1.0803
39	47	0.4613
40	47	2.7101
41	47	1.3687
42	47	3.5506
43	47	2.5182
44	47	4.7529
45	47	4.303
46	47	14.563
6	48	0.79137
8	48	0.49418
9	48	0.5
10	48	1.5132
15	48	0.45227
17	48	0.4634
20	48	0.46208
22	48	0.47683
23	48	0.97841
25	48	0.49563
26	48	0.46346
29	48	0.89303
30	48	1.6454
32	48	0.47385
33	48	1.793
36	48	0.91683
38	48	1.0982
39	48	0.93963
40	48	0.91961
41	48	2.324
42	48	1.0326
43	48	1.2818
44	48	3.2237
45	48	2.7374
46	48	2.1975
47	48	8.4084
9	49	0.47463
11	49	1.3959
13	49	0.83794
14	49	0.42667
19	49	1.3794
20	49	0.43799
21	49	0.44359
22	49	0.90453
25	49	0.46998
26	49	0.43942
28	49	0.42055
29	49	0.84636
32	49	0.4494
35	49	0.43357
39	49	0.89113
40	49	1.308
41	49	1.3214
42	49	2.4469
43	49	2.4287
44	49	0.76365
45	49	2.0763
46	49	4.684
47	49	3.9862
48	49	14.437
2	50	1.0771
5	50	0.52689
8	50	0.47713
15	50	0.43586
17	50	0.44659
18	50	0.4789
19	50	0.46759
20	50	0.44525
21	50	0.90234
22	50	0.46003
26	50	0.89406
27	50	0.86512
28	50	0.42752
29	50	0.86063
30	50	0.79287
35	50	0.4411
37	50	1.0725
39	50	0.45324
40	50	0.44318
41	50	2.2408
42	50	0.49746
43	50	0.61764
44	50	1.5536
45	50	0.52775
46	50	1.5886
47	50	4.5061
48	50	4.1286
49	50	10.874
3	51	0.56393
7	51	0.48824
9	51	0.48308
10	51	0.48745
11	51	0.47374
15	51	0.43622
17	51	0.44698
20	51	0.44563
21	51	1.3544
22	51	0.92064
24	51	0.47835
25	51	0.47853
26	51	0.44731
27	51	0.43287
28	51	1.7116
29	51	0.43066
32	51	0.45745
35	51	1.3241
36	51	0.88447
37	51	2.1461
39	51	0.45352
40	51	0.88712
41	51	1.7938
42	51	0.49789
44	51	2.332
45	51	2.1127
46	51	2.1195
47	51	2.7053
48	51	1.3772
49	51	2.1763
50	51	10.62
12	52	0.43407
13	52	0.83062
15	52	0.85018
16	52	0.82819
17	52	0.87119
18	52	0.93498
21	52	0.88039
25	52	0.4668
27	52	1.2656
28	52	0.83376
30	52	0.7744
33	52	0.84588
35	52	0.86061
36	52	1.2931
37	52	2.0975
39	52	0.88455
40	52	1.7292
41	52	1.3115
42	52	0.97049
43	52	0.60279
45	52	0.51498
46	52	1.0332
47	52	0.87932
48	52	0.44764
49	52	2.1213
50	52	2.1563
51	52	12.949
6	53	0.74063
10	53	1.4116
11	53	0.91363
12	53	1.7159
13	53	0.41029
14	53	0.4177
15	53	0.84002
16	53	2.0455
17	53	1.2913
18	53	1.3866
19	53	0.45112
20	53	0.42907
21	53	0.43505
26	53	0.86209
27	53	0.83367
28	53	0.41186
29	53	0.41463
30	53	0.76723
33	53	1.6771
35	53	0.42524
36	53	0.85185
39	53	0.43714
40	53	0.85434
41	53	0.43203
42	53	1.4389
46	53	2.0433
47	53	0.43453
48	53	0.88491
49	53	1.2577
50	53	2.1307
51	53	4.6918
52	53	7.8938
11	54	0.4822
12	54	0.45324
13	54	0.86844
14	54	0.44205
15	54	0.88855
16	54	0.43294
19	54	1.4288
20	54	0.45388
21	54	0.45965
22	54	0.46858
23	54	0.4809
26	54	0.45539
27	54	0.44083
28	54	0.43584
29	54	0.43861
30	54	0.80769
32	54	0.93131
39	54	0.92336
40	54	0.4517
41	54	0.45663
42	54	0.50709
46	54	0.53957
47	54	1.377
49	54	1.7729
50	54	2.2532
51	54	3.6078
52	54	5.7157
53	54	9.5594
11	55	0.99671
13	55	0.89954
17	55	0.94271
18	55	0.504
20	55	0.94005
21	55	0.95089
22	55	0.48448
26	55	0.9419
27	55	0.45627
28	55	0.45144
29	55	0.45411
30	55	1.6703
33	55	0.90893
35	55	0.46484
36	55	0.4661
39	55	1.4321
40	55	2.3383
41	55	0.94476
42	55	1.0502
43	55	0.65118
44	55	0.81822
45	55	0.55655
46	55	0.55827
47	55	0.94929
48	55	1.4501
49	55	1.8345
50	55	0.93315
51	55	4.2015
52	55	4.0989
53	55	5.8531
54	55	3.8008
5	56	0.55247
9	56	1.0149
10	56	1.535
13	56	0.44963
14	56	0.4579
16	56	0.44824
18	56	0.50378
20	56	0.46989
21	56	0.47525
23	56	0.4962
24	56	0.50288
25	56	0.50308
26	56	0.47073
29	56	0.45394
35	56	0.92923
36	56	0.46592
39	56	0.47716
40	56	2.3376
41	56	2.3608
46	56	1.1161
47	56	1.8977
48	56	0.4832
49	56	0.91686
50	56	1.3993
51	56	1.8667
52	56	0.45531
53	56	3.1508
54	56	2.8496
55	56	4.4163
9	57	0.72111
13	57	1.2761
14	57	0.64974
22	57	0.68823
28	57	0.64049
33	57	1.4765
41	57	0.67358
42	57	1.5214
43	57	0.98612
44	57	1.3087
45	57	1.6226
46	57	0.82041
47	57	0.67412
48	57	2.7451
49	57	1.3015
50	57	3.9732
51	57	1.3251
52	57	0.64677
53	57	2.5609
54	57	0.67424
55	57	2.786
56	57	8.3552
3	58	1.017
4	58	0.89636
6	58	1.5782
8	58	1.7095
22	58	0.82579
24	58	0.85665
25	58	2.5998
26	58	0.80159
29	58	0.77313
32	58	0.81979
35	58	0.7913
36	58	0.79561
38	58	3.0373
39	58	0.81203
40	58	0.79629
41	58	0.81042
44	58	1.714
46	58	1.0075
47	58	1.6176
48	58	0.82326
49	58	2.3416
53	58	0.76945
54	58	1.6175
55	58	0.83477
56	58	0.83453
57	58	1.3235
22	59	1.026
32	59	1.018
47	59	1.0048
50	59	0.98586
58	59	7.5133
8	60	0.82073
23	60	0.81195
28	60	0.73827
29	60	0.74277
30	60	1.6536
33	60	1.8039
45	60	0.94482
48	60	0.79047
50	60	1.5261
55	60	0.80182
58	60	3.1969
59	60	2.2531
10	61	1.7625
18	61	0.87082
23	61	1.7092
25	61	0.87624
38	61	3.0878
40	61	0.8045
58	61	5.2254
60	61	9.7085
2	62	0.58556
4	62	0.54725
5	62	0.57451
8	62	1.0445
19	62	0.51299
20	62	0.49035
22	62	0.50467
23	62	0.51649
25	62	0.52414
29	62	0.94717
32	62	0.5014
33	62	0.94846
36	62	0.48596
40	62	0.48773
43	62	0.67985
47	62	0.9889
50	62	0.48662
54	62	0.49522
55	62	0.5111
58	62	0.87058
60	62	2.5082
61	62	14.964
2	63	0.60252
4	63	1.6876
8	63	2.1453
9	63	1.0851
11	63	1.0662
12	63	0.50114
13	63	0.48078
15	63	1.4751
16	63	0.47938
17	63	0.50391
18	63	1.0776
19	63	0.52637
23	63	0.53083
25	63	0.53858
28	63	0.48257
35	63	0.49697
39	63	0.51026
41	63	1.0107
45	63	0.59673
51	63	0.49897
55	63	0.52468
56	63	1.5734
57	63	0.75014
58	63	2.7108
61	63	0.91321
62	63	3.2781
4	64	0.55127
10	64	0.53545
13	64	1.8669
14	64	0.47492
15	64	0.47772
16	64	0.93099
19	64	0.51329
21	64	0.49507
22	64	0.50498
23	64	0.51919
29	64	0.47178
35	64	1.452
36	64	0.48481
39	64	0.99474
40	64	0.97161
41	64	0.49234
42	64	0.54808
48	64	1.0065
49	64	0.4771
50	64	0.48466
52	64	0.94534
53	64	0.46713
54	64	0.98845
55	64	0.51221
56	64	1.0243
57	64	0.73918
60	64	1.7151
61	64	0.90632
62	64	0.53493
63	64	7.6784
2	66	0.83101
13	66	0.65187
17	66	0.68635
41	66	0.69189
48	66	2.1118
49	66	0.66648
52	66	0.6611
56	66	0.71576
61	66	1.4655
12	68	1.1492
14	68	0.55845
16	68	2.1902
17	68	1.7298
20	68	0.5756
23	68	0.61103
29	68	0.55492
35	68	0.56942
42	68	0.65071
53	68	0.54993
54	68	1.1626
64	68	0.63164
66	68	0.93646
12	69	2.0297
13	69	0.97005
14	69	0.49328
15	69	0.49627
16	69	1.4515
17	69	0.50866
20	69	0.50748
25	69	0.54647
28	69	0.48685
35	69	0.50296
36	69	1.0075
46	69	0.60862
55	69	0.53174
60	69	0.88716
68	69	0.65493
11	70	0.4802
12	70	0.90169
15	70	1.3242
16	70	0.85998
17	70	0.90479
28	70	0.43286
33	70	0.88891
35	70	0.89381
41	70	0.45423
42	70	0.5048
45	70	0.53607
48	70	0.46489
53	70	0.43146
54	70	0.45658
63	70	0.50601
64	70	0.49147
66	70	0.69242
68	70	0.57977
69	70	4.0844
5	94	1.0696
7	94	0.49493
8	94	0.48381
9	94	0.48964
10	94	0.49421
11	94	0.9603
15	94	0.44148
16	94	0.86023
18	94	0.4856
20	94	0.45111
21	94	0.91445
22	94	0.4663
24	94	0.96933
27	94	0.43824
28	94	0.43297
29	94	1.7435
32	94	0.92682
35	94	1.7879
36	94	0.44775
38	94	2.178
39	94	1.3781
40	94	0.89789
41	94	0.45427
47	94	0.45671
51	94	0.44829
53	94	1.2947
54	94	0.45661
56	94	0.4729
57	94	0.67441
63	94	0.50584
64	94	0.98265
66	94	1.3813
69	94	1.5309
7	95	0.4919
10	95	0.49147
11	95	0.47702
16	95	0.42618
17	95	0.89658
18	95	0.96453
23	95	0.47659
24	95	0.48122
27	95	0.86931
28	95	1.2867
29	95	0.43208
32	95	0.46014
35	95	0.44364
37	95	1.1008
48	95	0.46121
49	95	0.43718
50	95	0.44381
51	95	0.88873
56	95	0.93976
61	95	0.81661
63	95	0.50243
64	95	0.97247
69	95	0.50482
70	95	0.44931
94	95	12.132
10	96	0.47093
11	96	0.45709
12	96	0.42913
13	96	0.41019
14	96	0.41753
16	96	0.40902
17	96	0.86074
19	96	0.45127
20	96	0.42902
21	96	0.43515
22	96	0.88781
25	96	0.92357
26	96	0.43118
27	96	1.2506
32	96	0.44116
33	96	0.84088
35	96	0.8507
36	96	0.42595
38	96	1.0307
44	96	0.75307
45	96	1.0188
48	96	0.44253
49	96	0.41927
52	96	0.41535
53	96	0.41029
54	96	0.43455
55	96	0.45047
56	96	0.45038
60	96	0.74033
94	96	9.0607
95	96	17.932
3	97	0.56569
7	97	0.48968
8	97	0.95746
9	97	0.48449
11	97	0.95018
12	97	0.89278
15	97	0.43759
17	97	0.44845
21	97	0.90559
26	97	0.89709
27	97	0.4341
32	97	0.45874
35	97	1.7703
38	97	1.0697
45	97	0.5303
46	97	0.53193
47	97	0.45213
50	97	0.44392
52	97	0.43302
53	97	0.4279
54	97	0.45238
55	97	0.93629
57	97	0.66579
69	97	0.50617
94	97	4.9481
95	97	11.154
96	97	8.1309
10	98	0.48669
12	98	0.88881
13	98	0.8515
14	98	0.43359
15	98	0.43571
16	98	0.42445
18	98	0.47862
20	98	1.3356
21	98	0.45083
27	98	0.43218
28	98	0.42736
29	98	0.43004
30	98	0.79694
35	98	0.44062
40	98	1.3293
41	98	0.44773
49	98	0.43454
50	98	0.44204
51	98	0.88468
52	98	0.43116
54	98	0.9009
55	98	0.46612
63	98	0.99709
94	98	4.4795
95	98	6.2218
96	98	5.5396
97	98	11.534
7	99	0.48782
9	99	0.48265
10	99	0.48691
11	99	0.47327
13	99	1.2782
14	99	0.86778
15	99	0.43601
16	99	0.42476
17	99	0.44683
21	99	0.90222
22	99	0.45993
25	99	0.47805
26	99	0.89371
28	99	0.42767
29	99	0.43035
36	99	0.44192
37	99	1.0795
38	99	1.0651
39	99	0.9062
40	99	0.88676
41	99	0.44801
48	99	0.45879
51	99	0.44263
52	99	0.43146
55	99	0.46638
56	99	0.93235
60	99	0.7649
63	99	0.49872
66	99	0.67993
69	99	0.50445
70	99	0.89631
94	99	1.3447
95	99	1.334
96	99	2.985
97	99	5.7708
98	99	11.049
9	100	0.50948
13	100	0.45181
14	100	0.46022
16	100	1.3511
18	100	0.50591
19	100	0.49442
20	100	0.47216
25	100	1.0102
26	100	0.47274
28	100	0.45349
32	100	0.48321
36	100	0.46804
39	100	0.47919
41	100	0.47417
46	100	0.56053
48	100	0.48538
52	100	0.45753
53	100	0.90468
54	100	0.47712
62	100	0.51265
63	100	1.0534
64	100	0.51487
94	100	1.4258
95	100	2.3629
96	100	2.2635
97	100	2.3503
98	100	3.7438
99	100	3.7459
1	101	0.60456
4	101	0.52433
9	101	1.0106
10	101	1.0195
12	101	0.93233
14	101	0.45482
16	101	0.44546
19	101	0.48978
20	101	0.93404
21	101	0.47276
23	101	0.49438
27	101	0.45352
28	101	0.44844
30	101	0.83371
32	101	0.47886
36	101	0.46329
37	101	1.1303
38	101	1.1152
42	101	1.044
44	101	0.81648
46	101	0.55561
48	101	0.96123
49	101	0.91185
55	101	0.97696
57	101	1.389
58	101	0.83389
64	101	0.50879
94	101	3.759
95	101	1.3985
96	101	0.89451
97	101	0.93075
98	101	2.7805
99	101	4.173
100	101	6.3766
10	102	0.48926
11	102	0.4757
13	102	0.42859
14	102	0.43643
15	102	1.3156
16	102	0.42727
18	102	0.96251
19	102	0.94009
20	102	0.448
21	102	0.45358
23	102	0.47431
25	102	0.48047
27	102	0.86994
36	102	0.44441
37	102	1.0768
40	102	0.44589
46	102	0.53227
48	102	0.46125
51	102	1.3354
56	102	0.46858
57	102	0.66508
63	102	1.5033
94	102	2.2538
95	102	0.89463
96	102	0.42899
97	102	2.232
98	102	2.2222
99	102	4.892
100	102	2.3531
101	102	15.382
8	103	0.46757
13	103	0.41754
14	103	0.42523
15	103	0.85465
16	103	1.665
17	103	0.43792
18	103	0.46942
19	103	0.45838
27	103	0.42385
28	103	0.41912
35	103	0.86432
36	103	0.43311
41	103	0.43906
47	103	0.88299
51	103	1.3015
55	103	0.45722
63	103	0.48889
64	103	0.4756
69	103	0.49433
70	103	0.87827
94	103	0.87847
96	103	0.41783
97	103	1.7402
98	103	1.7325
99	103	3.034
100	103	3.2134
101	103	0.4545
102	103	7.8464
13	104	1.6145
15	104	0.41321
17	104	0.42344
20	104	0.42208
26	104	0.42407
27	104	1.6402
29	104	0.4079
32	104	0.43385
36	104	0.41901
37	104	1.0192
39	104	0.43008
51	104	0.41962
52	104	0.40872
64	104	1.3782
66	104	0.64225
68	104	0.54045
69	104	0.47752
70	104	0.42439
94	104	1.2736
95	104	0.42037
96	104	0.80718
97	104	1.6837
98	104	2.9337
99	104	1.2583
100	104	1.7802
101	104	2.6396
102	104	1.6878
103	104	14.796
8	105	0.46312
13	105	0.4123
15	105	0.42209
16	105	0.82226
17	105	1.2977
18	105	0.92941
20	105	0.4312
27	105	0.83801
28	105	1.2416
30	105	0.77204
32	105	0.44338
35	105	0.42752
36	105	0.42812
39	105	0.43949
40	105	0.42928
43	105	0.59978
49	105	0.42142
51	105	0.85733
52	105	0.41749
53	105	2.062
62	105	0.47267
64	105	1.4079
70	105	0.43355
94	105	0.43365
95	105	0.42914
96	105	1.6488
97	105	0.86024
98	105	1.7132
99	105	1.7144
101	105	1.7979
102	105	3.0181
103	105	3.7798
104	105	8.925
12	106	0.41743
13	106	0.39901
14	106	0.8123
15	106	0.817
16	106	0.79572
17	106	0.41859
19	106	0.43895
20	106	0.41722
21	106	0.42328
28	106	0.40053
36	106	0.82861
43	106	0.57867
46	106	0.49626
48	106	0.86095
50	106	0.41446
52	106	0.40401
53	106	0.79809
54	106	0.84543
64	106	0.90765
69	106	0.9434
70	106	0.83885
94	106	0.41958
95	106	1.2455
96	106	1.1965
97	106	2.0811
99	106	2.4885
100	106	0.44038
101	106	0.87007
102	106	2.0865
103	106	6.9092
104	106	5.8884
105	106	12.428
2	107	0.52811
4	107	0.49072
5	107	0.51596
6	107	1.5034
11	107	0.46239
12	107	0.43406
13	107	0.82925
14	107	0.42191
16	107	0.41349
18	107	0.46768
20	107	0.86733
23	107	0.46188
26	107	0.4361
29	107	0.83834
32	107	0.44621
35	107	0.4302
36	107	0.86138
37	107	2.1162
39	107	0.44226
41	107	0.43712
45	107	0.51501
47	107	0.43967
48	107	0.89487
49	107	1.272
52	107	0.41982
56	107	0.91118
57	107	0.64878
62	107	0.47598
63	107	0.48718
64	107	0.47182
94	107	2.1803
95	107	0.86225
96	107	1.6576
97	107	2.5964
99	107	0.86247
100	107	0.91611
101	107	1.3566
102	107	2.1692
103	107	1.2676
104	107	1.2238
105	107	3.7488
106	107	5.6421
9	108	0.46356
11	108	0.45424
12	108	0.4266
14	108	0.41493
15	108	0.41738
17	108	0.42767
20	108	0.42631
23	108	0.45372
24	108	0.45872
26	108	0.85723
29	108	0.41212
35	108	0.84568
38	108	1.0124
41	108	0.85907
42	108	0.47622
46	108	0.50726
50	108	0.42344
51	108	0.84778
52	108	0.41281
53	108	0.81554
55	108	0.44774
56	108	0.44766
58	108	0.76244
59	108	0.94514
61	108	0.77011
63	108	0.47853
70	108	0.85712
94	108	3.4295
95	108	0.84813
96	108	0.40752
97	108	0.42534
98	108	0.8471
99	108	0.42386
100	108	1.35
101	108	2.6667
102	108	2.1321
103	108	1.2461
104	108	1.2035
105	108	2.0481
106	108	2.3784
107	108	9.4698
10	109	0.98817
12	109	0.90309
14	109	0.44097
17	109	0.90803
19	109	0.94966
26	109	0.45375
27	109	0.43931
39	109	0.46007
41	109	0.45499
51	109	0.44967
52	109	0.43845
53	109	1.2999
54	109	0.45781
55	109	0.47344
68	109	0.58135
69	109	0.51289
94	109	1.3666
95	109	1.3569
96	109	0.43348
97	109	0.4509
98	109	1.3467
102	109	1.3549
103	109	3.522
104	109	2.5576
105	109	3.4855
106	109	1.6864
107	109	3.5079
108	109	9.9105
11	110	0.45609
12	110	0.42851
13	110	0.82059
14	110	0.4178
15	110	1.2598
16	110	0.40905
18	110	0.92308
26	110	0.4306
28	110	0.41185
30	110	0.76328
35	110	0.42483
36	110	0.85136
39	110	0.43666
40	110	0.42707
41	110	0.43157
42	110	0.47927
46	110	0.50983
51	110	1.2791
53	110	0.41048
54	110	0.43425
55	110	0.44959
60	110	0.73527
64	110	0.4671
69	110	0.97105
70	110	0.43143
94	110	0.43155
95	110	0.85566
98	110	0.85142
99	110	0.42602
100	110	1.3544
101	110	0.44677
102	110	0.85704
103	110	3.7576
104	110	3.2305
105	110	2.0629
106	110	5.5897
107	110	3.3201
108	110	6.9365
109	110	7.7903
11	111	0.46879
12	111	0.88126
13	111	0.42238
14	111	0.43018
15	111	0.43221
16	111	0.84212
17	111	0.4429
18	111	0.47437
19	111	0.46331
26	111	1.3284
35	111	0.43692
39	111	0.44897
40	111	0.879
43	111	1.8355
47	111	0.44629
48	111	0.45464
50	111	0.43845
55	111	0.46205
56	111	0.46182
57	111	0.65545
61	111	0.79445
62	111	0.48144
69	111	0.49993
70	111	0.4442
94	111	0.44429
95	111	0.88196
96	111	0.84556
97	111	0.87982
98	111	0.43794
99	111	0.43825
100	111	0.92759
101	111	0.45945
102	111	0.88142
103	111	2.5773
104	111	1.6633
105	111	2.1247
106	111	1.2338
107	111	3.8485
108	111	7.9858
109	111	10.236
110	111	7.1786
1	112	1.2131
4	112	0.52457
5	112	0.5516
15	112	1.3682
17	112	0.46749
19	112	0.97866
21	112	0.47201
23	112	0.49399
27	112	0.905
29	112	0.45017
32	112	0.47823
50	112	0.46268
52	112	0.45131
53	112	0.44602
66	112	0.71898
94	112	0.46905
95	112	0.93042
96	112	0.8922
98	112	1.8502
99	112	1.8511
100	112	0.49006
101	112	1.9408
102	112	1.3958
103	112	2.2674
104	112	1.3161
105	112	1.7934
106	112	2.1685
107	112	2.7065
108	112	3.989
109	112	3.7611
110	112	3.5651
111	112	5.9607
1	113	0.55592
9	113	0.46369
11	113	0.45439
13	113	0.40867
14	113	0.41618
16	113	0.40741
18	113	0.45986
20	113	0.42732
21	113	0.86599
23	113	0.45336
26	113	0.42893
35	113	0.42317
40	113	0.85086
41	113	0.42989
43	113	0.59322
44	113	0.74705
45	113	0.50684
49	113	0.41727
50	113	0.4244
52	113	0.41384
53	113	0.40885
54	113	0.4326
55	113	0.44791
56	113	0.89545
57	113	0.63634
66	113	0.65113
68	113	0.54783
94	113	0.85983
95	113	0.42623
96	113	0.40884
98	113	0.8481
99	113	1.6975
100	113	0.89955
101	113	0.89021
102	113	1.2806
103	113	0.83172
104	113	0.80439
106	113	2.386
107	113	1.2402
108	113	4.0642
109	113	2.1556
110	113	4.4956
111	113	5.0473
112	113	10.655
1	114	0.57694
7	114	0.48717
12	114	0.88859
14	114	0.43382
17	114	0.44663
20	114	0.89053
22	114	0.91899
23	114	0.47123
24	114	1.4327
35	114	0.44055
37	114	1.0725
45	114	0.52768
48	114	1.3753
49	114	0.43456
52	114	0.43133
57	114	0.66132
61	114	0.80193
63	114	0.99617
64	114	0.48523
94	114	0.89613
95	114	0.88959
96	114	1.2792
97	114	0.4436
99	114	0.44192
100	114	0.46759
101	114	2.7797
102	114	0.88876
103	114	0.86629
106	114	0.82953
107	114	2.5877
108	114	3.8149
110	114	1.7033
111	114	2.1895
112	114	2.312
113	114	13.149
3	115	0.58258
9	115	0.50029
11	115	0.49091
12	115	0.46154
19	115	0.48512
20	115	0.46279
22	115	0.47721
25	115	0.49583
28	115	0.4444
29	115	0.44705
36	115	0.45892
39	115	0.47016
46	115	0.55
47	115	0.46743
48	115	0.47612
54	115	0.46791
57	115	0.68711
58	115	1.6488
61	115	0.83338
62	115	0.50367
63	115	1.0342
64	115	1.009
94	115	0.93146
95	115	0.92515
96	115	0.88677
98	115	0.45893
100	115	1.4562
102	115	0.46163
103	115	0.45013
105	115	0.44561
106	115	0.43129
107	115	0.897
108	115	1.3221
112	115	0.48057
113	115	3.968
114	115	14.679
7	116	0.55008
8	116	0.53829
10	116	0.54874
16	116	0.48274
27	116	0.49094
42	116	0.56518
48	116	1.0385
49	116	0.98658
50	116	1.0037
51	116	0.50206
56	116	0.52663
61	116	0.90605
63	116	0.56295
70	116	0.50931
96	116	0.97079
97	116	0.50353
98	116	1.0029
101	116	0.52475
102	116	0.5039
103	116	0.98381
104	116	0.47718
105	116	0.48771
106	116	0.47221
107	116	0.98206
109	116	2.0358
110	116	0.48388
111	116	0.49677
112	116	1.5752
113	116	2.411
114	116	2.0032
115	116	3.6362
9	117	0.49269
11	117	0.48334
12	117	0.90876
14	117	0.44352
23	117	0.96373
25	117	1.4646
27	117	0.44206
29	117	1.3197
35	117	0.45056
36	117	0.90325
45	117	1.0788
46	117	0.54105
47	117	0.46017
48	117	0.46863
49	117	0.44443
53	117	0.87185
54	117	0.46049
60	117	0.77866
62	117	0.9924
94	117	1.3743
95	117	0.45464
96	117	1.7441
97	117	0.45364
100	117	0.47812
101	117	1.4208
102	117	2.272
103	117	1.329
104	117	0.85775
106	117	0.84832
107	117	0.88191
108	117	3.9006
109	117	0.9179
110	117	1.3065
111	117	1.7914
112	117	0.47287
113	117	3.0369
114	117	3.6126
115	117	4.6904
116	117	7.1643
1	118	0.58512
2	118	0.54485
4	118	0.50707
7	118	0.49332
8	118	0.48228
11	118	0.47863
12	118	0.44958
13	118	1.7204
19	118	0.4725
21	118	0.45585
27	118	1.3109
28	118	0.86346
29	118	0.43463
40	118	0.4476
41	118	0.4529
42	118	0.50279
43	118	0.62552
52	118	0.4355
53	118	0.43032
57	118	0.67102
63	118	1.0082
64	118	0.97923
69	118	1.0169
94	118	1.8093
95	118	0.44794
96	118	0.8604
97	118	1.3455
98	118	2.2331
99	118	0.44689
103	118	0.87593
104	118	1.27
105	118	0.43238
106	118	0.4184
107	118	1.3043
108	118	2.1373
109	118	1.3625
110	118	1.7213
111	118	1.772
112	118	0.46755
113	118	0.85738
114	118	0.89351
115	118	1.8573
116	118	2.5371
117	118	6.8509
7	119	0.46701
11	119	0.45253
12	119	1.274
15	119	0.83022
16	119	1.2128
21	119	0.43051
27	119	0.41227
28	119	0.81388
29	119	0.4099
32	119	0.43663
35	119	0.42084
41	119	0.42759
45	119	0.50391
46	119	1.0118
52	119	0.41047
61	119	0.77297
64	119	0.46135
69	119	0.47942
70	119	1.2788
95	119	0.42131
96	119	0.40504
98	119	0.4215
99	119	0.84361
100	119	0.89681
102	119	2.5465
103	119	2.0663
104	119	1.1963
105	119	0.8143
106	119	2.3633
107	119	0.81822
109	119	0.42899
110	119	2.4349
111	119	1.2549
112	119	1.3236
113	119	0.80845
114	119	1.2658
115	119	0.4389
117	119	1.7257
118	119	5.9517
12	120	0.43007
13	120	1.231
14	120	0.41745
17	120	0.43059
18	120	0.46352
19	120	0.45211
20	120	0.42926
23	120	0.45809
29	120	0.41498
32	120	0.44216
37	120	1.0511
50	120	0.85265
52	120	1.6619
56	120	0.45162
68	120	1.0998
69	120	0.48488
70	120	0.43141
95	120	0.85218
98	120	0.85364
100	120	0.90845
101	120	0.89589
103	120	0.41845
104	120	0.80723
105	120	2.8842
106	120	0.79722
108	120	0.4072
109	120	0.43447
110	120	0.41088
111	120	1.2709
112	120	0.89344
113	120	0.40929
116	120	0.48709
117	120	0.43684
118	120	1.7209
119	120	8.4918
12	121	0.41735
13	121	0.79652
14	121	0.40523
15	121	0.40784
16	121	0.79436
17	121	1.6718
18	121	0.44995
20	121	0.41661
26	121	0.83864
32	121	0.42915
36	121	0.4139
39	121	0.42531
49	121	1.2226
51	121	0.82869
52	121	0.40324
54	121	0.42234
55	121	0.43839
56	121	0.43837
68	121	0.53341
70	121	1.256
96	121	1.1934
98	121	1.6567
99	121	0.41448
100	121	1.3225
101	121	0.86967
102	121	1.2513
103	121	1.6243
104	121	0.3917
105	121	1.9995
106	121	1.9344
107	121	0.40176
108	121	0.79054
109	121	0.42159
110	121	1.5949
111	121	0.82219
113	121	0.7943
114	121	0.41465
116	121	0.47297
117	121	1.696
118	121	4.5938
119	121	4.7097
120	121	11.513
11	122	0.44005
12	122	0.82535
13	122	1.179
14	122	0.39968
16	122	1.1761
17	122	0.41256
22	122	0.85383
26	122	0.41458
35	122	1.2265
39	122	0.42054
40	122	0.40954
47	122	0.41806
48	122	0.42518
49	122	0.40268
52	122	0.39789
56	122	0.4338
59	122	0.92636
63	122	0.46373
64	122	0.44665
66	122	0.6272
69	122	0.92819
94	122	0.41321
95	122	0.40713
99	122	0.81913
100	122	0.87303
101	122	1.7189
102	122	0.41226
103	122	1.2036
104	122	2.3183
105	122	1.577
106	122	2.6696
107	122	0.39577
108	122	0.77914
109	122	1.2507
110	122	0.39375
111	122	1.2192
113	122	1.961
114	122	0.40996
115	122	0.42673
116	122	0.46852
117	122	0.83826
118	122	2.8841
119	122	3.864
120	122	7.4214
121	122	10.617
12	123	1.2328
13	123	0.39151
14	123	0.79628
16	123	0.39053
17	123	1.2326
19	123	0.43196
20	123	0.40952
24	123	0.44219
27	123	0.39858
28	123	0.39302
32	123	0.42258
35	123	0.40716
36	123	0.40717
49	123	0.80213
52	123	0.79269
53	123	0.39131
54	123	0.41548
64	123	0.44453
68	123	0.52265
69	123	0.92361
70	123	0.82265
94	123	0.4115
95	123	0.40554
96	123	1.5628
97	123	0.81835
99	123	0.81574
100	123	0.43455
101	123	0.42785
103	123	0.39958
104	123	2.3096
105	123	0.7855
106	123	1.52
107	123	0.39427
108	123	0.38814
109	123	0.41511
110	123	0.39223
111	123	0.40474
113	123	1.172
114	123	0.40826
117	123	1.2521
118	123	4.1034
119	123	6.1597
120	123	5.0593
121	123	9.0688
122	123	8.164
12	124	0.84113
13	124	1.2023
14	124	0.81515
15	124	0.41046
16	124	1.1993
17	124	1.2618
18	124	0.45341
19	124	0.4421
23	124	0.44848
28	124	0.4023
33	124	0.82583
36	124	1.6671
40	124	0.41751
50	124	0.41648
51	124	0.41709
52	124	0.81147
53	124	0.40062
63	124	0.47236
64	124	0.45548
68	124	1.0726
69	124	0.47315
70	124	0.84241
96	124	0.80009
97	124	0.41883
99	124	0.41748
100	124	0.44462
102	124	0.84033
103	124	0.81796
104	124	1.9704
105	124	0.80427
106	124	1.9452
107	124	1.2113
108	124	1.1921
109	124	0.42487
110	124	0.40146
111	124	0.8284
112	124	0.87301
113	124	0.79977
116	124	1.4309
117	124	0.42713
118	124	1.2603
119	124	3.1543
120	124	5.9793
121	124	3.87
122	124	8.3643
123	124	11.746
12	125	0.82456
15	125	0.40249
16	125	0.784
18	125	0.44437
19	125	0.43336
21	125	0.41778
22	125	0.42642
25	125	0.44391
26	125	0.41419
28	125	0.39452
29	125	0.39756
35	125	0.40851
39	125	0.4201
40	125	0.40939
41	125	0.41493
44	125	0.71833
46	125	0.48977
48	125	0.42477
49	125	0.40245
52	125	0.39787
64	125	0.44629
69	125	0.46365
70	125	1.6516
95	125	0.40738
96	125	0.39229
97	125	0.82119
98	125	0.40894
99	125	0.81853
100	125	0.43577
101	125	0.42928
102	125	0.82386
104	125	1.1594
105	125	1.5774
106	125	0.76316
107	125	0.79193
109	125	0.8329
110	125	1.5746
111	125	0.40608
112	125	0.85551
113	125	1.1762
114	125	0.4096
117	125	0.83747
118	125	1.2358
119	125	1.1601
120	125	2.3459
121	125	4.5553
122	125	4.1036
123	125	2.9748
124	125	6.4743
10	126	0.46184
12	126	0.42042
13	126	0.40123
15	126	1.2325
17	126	0.42096
21	126	0.42612
28	126	0.40276
32	126	0.43222
41	126	0.42322
44	126	0.7336
45	126	0.49791
52	126	0.40622
53	126	0.40117
68	126	1.0724
70	126	0.84333
94	126	0.84362
95	126	0.83313
96	126	1.603
98	126	0.83441
99	126	0.83503
102	126	0.42014
103	126	2.0455
104	126	1.9733
105	126	1.6114
106	126	0.77961
108	126	1.5928
109	126	0.84934
110	126	1.6069
111	126	0.41415
112	126	0.87301
113	126	0.80029
114	126	0.41771
116	126	0.95209
117	126	1.2812
118	126	0.4206
119	126	1.9769
120	126	2.3993
121	126	4.6585
122	126	3.0561
123	126	3.8069
124	126	3.5086
125	126	8.414
4	127	0.49442
7	127	0.47991
12	127	0.43608
13	127	0.8307
14	127	0.84464
15	127	0.4254
18	127	0.47013
20	127	0.43464
22	127	0.45101
27	127	0.84593
30	127	0.78678
35	127	0.43204
41	127	0.43907
43	127	0.6081
44	127	0.76971
49	127	0.42554
52	127	0.42051
56	127	0.45819
66	127	0.66635
68	127	1.1143
69	127	0.49049
70	127	0.43667
95	127	1.7215
96	127	0.41461
97	127	1.3027
98	127	0.43259
99	127	0.43286
100	127	0.92217
102	127	0.87117
103	127	1.2721
104	127	0.81685
105	127	1.2503
106	127	1.6125
108	127	0.41171
109	127	0.44061
111	127	1.2883
118	127	0.43541
119	127	2.4513
120	127	3.7166
121	127	0.40093
122	127	1.5748
123	127	3.1383
124	127	3.2158
125	127	5.9149
126	127	7.6718
5	128	0.50323
11	128	0.90055
12	128	0.42252
13	128	0.40259
14	128	0.40934
15	128	0.41228
16	128	0.40161
17	128	1.2672
18	128	0.45527
19	128	0.44395
23	128	0.45052
27	128	0.81974
28	128	1.2124
33	128	0.82451
35	128	0.41864
36	128	0.41865
39	128	0.43045
41	128	0.85055
43	128	0.58534
46	128	0.50213
49	128	0.82479
52	128	0.81509
57	128	0.63009
69	128	0.94909
70	128	0.42295
95	128	0.41696
96	128	0.80359
98	128	1.2572
99	128	1.2582
100	128	0.89329
101	128	0.8795
102	128	0.42209
103	128	0.82179
104	128	1.1877
105	128	1.6155
106	128	1.1724
108	128	0.39911
109	128	0.85366
110	128	1.21
111	128	0.41616
113	128	1.2053
116	128	0.47884
118	128	0.84372
119	128	2.3757
120	128	1.2007
121	128	2.7205
122	128	2.6718
123	128	3.0435
124	128	1.5587
125	128	3.4417
126	128	3.5233
127	128	4.0341
12	129	0.41487
14	129	0.80531
15	129	0.81062
17	129	0.41529
28	129	0.39732
29	129	0.40028
35	129	0.41112
48	129	0.42755
51	129	0.82354
68	129	0.52874
69	129	1.869
70	129	2.4955
94	129	0.83217
97	129	0.82666
98	129	0.41163
100	129	0.43826
102	129	0.41458
103	129	0.80725
104	129	0.38927
105	129	1.192
106	129	0.76891
107	129	1.5963
108	129	0.39274
109	129	1.6762
110	129	1.9817
112	129	0.43064
113	129	0.39475
114	129	0.82437
117	129	0.42142
118	129	0.82982
119	129	1.9493
120	129	1.5771
121	129	1.9138
122	129	1.8826
123	129	2.6267
124	129	1.1528
125	129	3.3932
126	129	5.0132
127	129	4.3778
128	129	8.8758
12	130	0.83453
13	130	0.79619
15	130	0.40765
16	130	0.39704
17	130	1.2531
18	130	0.44967
20	130	0.41634
21	130	0.42291
26	130	0.41921
27	130	0.40498
52	130	0.40304
69	130	3.2895
70	130	0.41834
94	130	0.41849
95	130	0.82627
96	130	1.9878
99	130	0.82867
100	130	0.88153
101	130	0.86913
102	130	0.41697
103	130	0.81193
104	130	2.3492
105	130	1.1989
106	130	0.77338
107	130	0.4014
109	130	0.42148
110	130	1.5945
111	130	0.82205
112	130	0.43314
113	130	0.7941
116	130	0.94533
119	130	1.9606
120	130	0.79314
121	130	1.925
122	130	1.5149
123	130	2.2646
124	130	3.0921
125	130	3.0337
126	130	4.2665
127	130	4.003
128	130	9.3152
129	130	9.1781
9	131	0.45924
10	131	0.46357
11	131	0.44991
12	131	1.2673
13	131	0.8078
14	131	0.4112
15	131	1.2405
16	131	1.2082
19	131	0.44431
20	131	0.84486
21	131	0.85681
26	131	0.84892
28	131	1.2163
29	131	0.81639
41	131	0.85077
50	131	0.41957
66	131	0.64445
68	131	0.54153
70	131	2.1237
94	131	1.2746
96	131	0.40384
97	131	1.2639
98	131	0.41948
99	131	1.2594
102	131	0.42233
103	131	1.234
104	131	1.5896
105	131	2.0297
106	131	1.1783
107	131	0.40816
109	131	3.4135
110	131	0.8082
111	131	0.83236
112	131	0.43916
113	131	1.2075
117	131	0.42928
118	131	0.42366
119	131	3.1916
120	131	2.8266
121	131	2.743
122	131	2.3187
123	131	1.155
124	131	1.5767
125	131	3.0923
126	131	6.3167
127	131	6.1286
128	131	5.1476
129	131	8.5665
130	131	9.0081
6	132	0.7567
12	132	0.43813
13	132	0.83895
14	132	0.42716
15	132	1.7174
16	132	1.2546
17	132	0.88007
19	132	0.46079
20	132	0.43867
27	132	0.42594
36	132	0.43526
41	132	1.7654
42	132	0.49059
46	132	0.52228
51	132	0.43593
53	132	0.41971
54	132	0.444
63	132	0.49168
64	132	0.47803
66	132	0.67064
69	132	0.49685
70	132	1.3238
94	132	1.324
96	132	0.41971
97	132	0.87448
98	132	1.306
99	132	0.87124
100	132	1.3849
101	132	0.45685
102	132	0.87624
103	132	0.85378
104	132	1.2386
105	132	2.1093
106	132	1.2246
107	132	0.42438
108	132	0.83432
109	132	0.44257
110	132	2.5171
111	132	0.43173
113	132	0.83573
114	132	0.43537
115	132	0.45253
118	132	1.3201
119	132	2.075
120	132	2.521
121	132	2.854
122	132	1.2079
123	132	2.406
124	132	1.642
125	132	1.6098
126	132	0.82145
127	132	5.1077
128	132	4.9486
129	132	5.6727
130	132	4.8906
131	132	9.5035
12	133	0.44527
13	133	0.85366
14	133	0.86936
15	133	0.43674
16	133	0.42551
17	133	0.44753
18	133	0.47927
26	133	0.44743
27	133	0.86631
28	133	0.42843
29	133	0.86213
36	133	0.44257
40	133	0.88817
41	133	0.44858
42	133	0.49848
43	133	0.61828
48	133	0.45936
49	133	0.871
53	133	0.42714
54	133	0.45135
55	133	0.93368
64	133	1.9443
94	133	2.6937
96	133	0.8545
97	133	1.3336
99	133	0.88574
100	133	0.93726
101	133	0.92844
103	133	0.43409
104	133	0.84045
105	133	0.42942
106	133	1.6625
107	133	0.86422
108	133	0.42472
109	133	1.3492
110	133	2.1337
111	133	1.7554
112	133	1.8534
113	133	0.42507
114	133	0.88502
117	133	0.45253
118	133	1.3429
119	133	1.6909
120	133	1.7123
121	133	3.3235
122	133	0.82136
123	133	1.227
124	133	1.2557
125	133	1.231
126	133	2.0925
127	133	1.3018
128	133	1.682
129	133	4.5426
130	133	1.246
131	133	5.4678
132	133	4.7993
1	134	0.60446
4	134	0.52413
7	134	0.5106
10	134	1.0191
11	134	0.49582
21	134	0.94557
24	134	0.50053
25	134	0.50083
26	134	0.46833
30	134	0.83436
39	134	0.47476
42	134	0.5223
45	134	0.55387
46	134	1.1114
50	134	0.46377
51	134	0.46406
52	134	0.45259
53	134	0.44737
58	134	0.8341
59	134	1.0377
60	134	0.80074
62	134	1.0175
64	134	0.50925
94	134	0.47013
95	134	0.46674
96	134	0.44754
97	134	0.93086
98	134	0.46343
99	134	1.3911
100	134	0.98059
101	134	1.4574
106	134	0.4353
107	134	0.90524
108	134	0.44478
109	134	1.4125
110	134	1.3405
112	134	1.9411
113	134	1.3355
114	134	2.3161
115	134	1.4433
116	134	2.0985
117	134	1.8944
118	134	0.93735
120	134	1.3454
122	134	1.2913
123	134	0.42852
124	134	0.87718
125	134	1.2897
130	134	0.87018
131	134	0.88118
132	134	1.3708
133	134	3.2494
6	135	0.80976
7	135	0.51742
8	135	1.5182
10	135	1.0325
11	135	0.50265
21	135	0.47957
23	135	0.50066
25	135	0.50768
42	135	0.52998
48	135	0.4876
49	135	1.3878
50	135	0.4707
52	135	0.45948
58	135	0.84344
59	135	1.048
60	135	0.81001
61	135	0.85262
62	135	1.0308
63	135	0.52928
64	135	0.51701
66	135	0.72344
95	135	0.47427
96	135	0.90909
99	135	0.47044
101	135	1.4783
102	135	0.47284
104	135	0.44693
106	135	0.44216
107	135	1.3795
108	135	1.3553
113	135	0.45183
114	135	1.4096
115	135	1.4634
117	135	0.48037
121	135	0.44245
123	135	0.4359
127	135	0.46252
128	135	0.44801
130	135	0.4423
134	135	7.3896
1	136	0.61549
3	136	1.1977
9	136	0.51526
10	136	0.51946
11	136	0.50589
15	136	0.9346
24	136	0.51073
25	136	0.51094
27	136	0.46335
30	136	0.85007
32	136	0.48871
33	136	0.92473
36	136	0.47336
46	136	0.56725
49	136	0.4657
50	136	0.47394
51	136	0.47416
57	136	1.4157
58	136	0.84883
60	136	0.81525
62	136	0.51854
94	136	0.48061
95	136	0.4778
99	136	0.47359
100	136	0.49996
102	136	0.47598
105	136	0.46006
114	136	0.47295
115	136	2.4548
117	136	0.96709
119	136	0.45342
123	136	0.43928
126	136	0.89775
129	136	0.44308
133	136	0.47397
134	136	2.4794
135	136	10.553
1	137	0.60147
5	137	1.0962
6	137	0.79576
7	137	0.50846
9	137	1.5094
13	137	0.44537
24	137	0.49851
29	137	0.44971
44	137	0.81161
50	137	0.46209
58	137	1.6566
97	137	0.46367
99	137	0.46193
104	137	0.4386
106	137	0.43384
107	137	0.90218
110	137	0.44522
114	137	2.7687
117	137	0.47179
134	137	0.96777
135	137	4.4157
136	137	19.753
7	138	0.51311
9	138	0.50769
12	138	0.46835
21	138	1.4253
23	138	0.49646
25	138	0.50329
27	138	0.45577
29	138	0.45356
45	138	0.5569
46	138	0.55874
47	138	0.47432
49	138	0.45815
53	138	0.44962
54	138	0.47473
55	138	0.49078
64	138	0.51202
98	138	0.4657
101	138	0.97647
106	138	0.43749
108	138	1.3411
110	138	0.89805
114	138	1.3964
117	138	0.47592
118	138	0.47107
124	138	0.44095
127	138	0.45727
129	138	0.43487
131	138	0.88561
132	138	0.45919
133	138	1.3993
134	138	0.9764
135	138	2.9701
136	138	2.9895
137	138	7.7799
5	139	0.53994
7	139	0.50039
8	139	0.48928
9	139	0.4951
11	139	0.48571
21	139	0.46295
24	139	0.98065
25	139	0.49064
29	139	0.44174
32	139	0.46901
41	139	0.45994
42	139	1.0219
47	139	0.46231
49	139	0.44639
57	139	0.6801
60	139	0.78393
68	139	0.58614
94	139	0.45994
95	139	0.9123
97	139	0.45563
103	139	0.44496
111	139	0.44989
114	139	0.45365
115	139	0.94255
117	139	0.4638
120	139	0.43824
127	139	0.88803
129	139	0.42272
132	139	0.4472
133	139	0.45458
134	139	0.95162
135	139	1.9309
136	139	2.9158
137	139	7.11
138	139	14.345
9	140	0.4997
12	140	0.92171
23	140	0.48933
26	140	0.92594
44	140	0.80474
45	140	0.54639
46	140	0.54869
48	140	0.4748
49	140	0.45052
50	140	0.45766
54	140	0.46647
56	140	0.48294
58	140	0.82329
61	140	0.83144
94	140	0.46363
95	140	0.91826
96	140	0.44117
107	140	0.44576
108	140	0.4383
109	140	0.93111
112	140	0.4792
113	140	0.43967
114	140	0.45799
115	140	0.47577
134	140	0.96035
135	140	1.9494
136	140	1.963
137	140	4.7842
138	140	4.8264
139	140	16.915
1	141	0.87697
4	141	0.74852
27	141	0.6484
39	141	0.67765
42	141	0.75994
43	141	0.98436
58	141	1.3202
62	141	0.72706
101	141	0.69448
107	141	0.64796
109	141	0.67416
113	141	0.63655
114	141	1.3236
134	141	1.3898
135	141	0.70384
136	141	0.70856
138	141	2.0975
139	141	1.3601
140	141	5.4813
1	142	0.63791
8	142	0.52642
12	142	0.49158
13	142	0.47154
16	142	0.47013
18	142	1.0577
21	142	0.49865
26	142	0.49391
27	142	0.47849
30	142	0.88993
33	142	1.9383
37	142	1.2181
42	142	0.55204
47	142	0.99567
51	142	0.48952
62	142	0.53629
63	142	0.55089
69	142	0.55861
70	142	0.49636
95	142	0.4929
97	142	0.49104
99	142	0.48918
100	142	0.51686
101	142	0.51241
102	142	0.4916
103	142	0.47948
106	142	0.45936
110	142	0.47139
113	142	0.9394
116	142	0.55286
117	142	1.4984
121	142	0.45965
122	142	0.45472
123	142	0.45251
125	142	0.45388
126	142	0.46275
128	142	0.4651
130	142	0.91862
133	142	0.97911
134	142	2.0496
135	142	0.51942
136	142	1.0456
137	142	0.51024
138	142	0.51496
139	142	2.0076
140	142	1.5196
141	142	8.1049
1	143	0.56884
2	143	0.52978
8	143	0.46878
9	143	0.9489
10	143	0.95757
14	143	0.42572
15	143	0.42797
17	143	0.43858
18	143	0.47054
25	143	0.4698
28	143	0.83943
30	143	1.5626
32	143	0.44902
36	143	0.4339
39	143	0.44513
40	143	0.87046
42	143	0.48875
43	143	0.6075
46	143	0.52032
49	143	0.85406
51	143	0.86909
54	143	0.4426
64	143	0.47618
68	143	0.56059
70	143	0.43974
94	143	0.43983
95	143	0.87174
97	143	0.43589
98	143	0.434
101	143	0.9108
102	143	0.43681
103	143	0.4256
106	143	0.81365
109	143	0.44127
110	143	0.83646
111	143	0.86094
112	143	0.45438
113	143	1.2498
114	143	1.7364
117	143	0.88788
118	143	0.43854
119	143	0.82696
120	143	0.83715
121	143	0.81244
122	143	0.80201
123	143	0.39941
124	143	1.6355
126	143	0.40921
127	143	0.8477
128	143	0.82143
130	143	0.81207
131	143	2.471
132	143	0.42764
133	143	1.7401
134	143	0.91107
135	143	0.92478
136	143	0.93115
138	143	0.91561
139	143	0.44578
140	143	1.7986
141	143	2.6065
142	143	12.017
3	144	0.56652
8	144	0.47909
9	144	0.48484
19	144	0.46949
22	144	0.46187
28	144	0.42913
29	144	0.43194
30	144	0.79928
32	144	0.45899
39	144	0.91005
40	144	0.44491
43	144	0.62132
45	144	0.5303
49	144	0.43661
50	144	0.44385
55	144	0.9369
70	144	0.4496
94	144	0.89932
95	144	0.89117
96	144	0.4277
97	144	1.337
98	144	0.44376
100	144	0.94111
101	144	0.46547
102	144	1.3397
103	144	0.43517
106	144	0.41599
111	144	0.44012
113	144	0.85199
114	144	0.44383
115	144	0.9225
116	144	0.50402
117	144	1.8152
118	144	1.3449
121	144	0.83077
122	144	0.41005
127	144	0.43334
128	144	0.41987
129	144	0.82551
133	144	0.44473
134	144	1.3969
135	144	0.94522
136	144	0.47587
137	144	0.92787
138	144	0.46798
139	144	1.3671
140	144	3.2166
142	144	1.9653
143	144	11.332
1	145	0.56136
6	145	0.74302
8	145	0.46246
9	145	0.46807
10	145	0.47241
12	145	0.43084
15	145	0.8439
16	145	0.411
17	145	0.43241
24	145	0.4634
26	145	0.43292
28	145	0.41378
41	145	0.86783
42	145	0.48181
48	145	0.44439
50	145	0.42809
52	145	0.41741
53	145	0.41237
54	145	0.43646
56	145	0.45199
60	145	0.74137
64	145	0.93866
94	145	0.86717
95	145	0.85901
96	145	0.82454
97	145	0.42981
98	145	0.42795
99	145	1.713
100	145	0.45418
102	145	0.43078
103	145	0.41966
105	145	0.4144
106	145	0.40099
107	145	0.41674
108	145	0.81952
109	145	0.87037
111	145	0.42452
112	145	0.44801
117	145	0.43782
118	145	0.86466
120	145	0.41243
122	145	0.78992
123	145	0.78686
124	145	0.40277
125	145	0.39494
128	145	0.40459
129	145	0.79551
130	145	1.2002
131	145	0.40593
133	145	0.42901
134	145	0.44929
135	145	0.45614
136	145	0.45932
137	145	0.44769
139	145	0.43959
140	145	0.44333
141	145	0.64249
142	145	0.94824
143	145	4.2026
144	145	7.7349
12	146	0.43444
17	146	1.3074
18	146	0.46809
19	146	0.91365
20	146	0.8689
22	146	0.44937
26	146	0.43651
27	146	0.4221
28	146	0.41697
38	146	1.0453
43	146	0.60481
46	146	0.5177
47	146	0.44006
50	146	0.43144
51	146	0.8637
52	146	0.84125
54	146	0.43996
55	146	0.45597
56	146	0.91172
62	146	0.476
94	146	0.43695
96	146	1.2461
98	146	0.43146
99	146	0.43176
100	146	0.91633
101	146	0.4528
102	146	0.43431
103	146	1.2692
104	146	1.2262
106	146	1.6158
107	146	0.41977
108	146	1.651
109	146	0.87771
111	146	0.42803
113	146	0.828
114	146	0.86336
115	146	0.44883
117	146	2.2072
118	146	1.307
119	146	1.231
120	146	0.41529
123	146	0.39591
124	146	0.40538
126	146	0.406
127	146	1.2605
129	146	0.40044
130	146	0.40277
131	146	0.81804
132	146	0.42501
133	146	0.43255
134	146	1.3592
135	146	0.46008
136	146	0.46334
137	146	0.45147
138	146	0.45536
140	146	0.44673
141	146	0.64897
142	146	1.913
143	146	2.1179
144	146	4.7641
145	146	9.1852
2	147	0.54213
9	147	0.48667
11	147	0.47734
15	147	0.43995
16	147	0.85735
28	147	0.86318
35	147	0.44489
47	147	0.45442
48	147	0.46276
60	147	0.76873
61	147	1.6174
68	147	0.57572
69	147	0.50846
94	147	0.4522
95	147	0.44862
96	147	1.291
97	147	0.89578
99	147	1.3387
102	147	0.4487
103	147	0.43739
105	147	0.86504
106	147	0.41863
107	147	0.43516
114	147	0.89181
115	147	0.46322
116	147	0.50561
118	147	0.45085
119	147	0.8514
120	147	0.43101
121	147	1.255
122	147	0.41341
123	147	0.4117
125	147	0.8262
126	147	0.42138
128	147	0.84648
130	147	2.091
133	147	1.7874
134	147	0.4677
136	147	0.47764
137	147	0.46594
138	147	0.46999
140	147	0.46207
141	147	0.66751
142	147	0.49327
143	147	2.1912
145	147	10.372
146	147	10.021
10	148	0.46739
13	148	0.40748
15	148	0.41714
16	148	0.4063
17	148	0.42748
19	148	0.44806
22	148	0.88149
26	148	0.42813
35	148	0.42236
36	148	0.84604
52	148	0.41261
53	148	0.40759
69	148	0.48205
70	148	0.42845
94	148	0.42858
95	148	0.84867
96	148	0.81488
99	148	0.42345
103	148	0.41495
104	148	0.80191
106	148	0.39629
107	148	1.2354
108	148	0.40495
109	148	0.43037
110	148	0.81536
111	148	0.83963
112	148	0.44293
113	148	1.2182
114	148	0.42338
118	148	0.42735
119	148	0.80509
121	148	1.1862
122	148	0.39001
124	148	0.79554
126	148	1.5935
127	148	0.82452
128	148	1.5983
129	148	0.78586
130	148	0.79043
131	148	2.006
132	148	1.2505
133	148	1.697
135	148	0.45121
136	148	0.45439
138	148	0.44657
140	148	0.87653
142	148	1.4068
143	148	1.6618
144	148	1.6993
145	148	4.9144
146	148	5.3644
147	148	13.676
9	149	0.5113
10	149	0.51609
14	149	0.45823
17	149	0.47239
21	149	0.95469
25	149	0.50689
26	149	0.47294
36	149	0.46746
39	149	0.47954
41	149	0.47447
43	149	0.66123
52	149	0.91185
54	149	0.47666
56	149	0.49372
64	149	0.51387
68	149	0.60783
70	149	0.94785
94	149	0.94772
96	149	0.90093
97	149	0.46967
99	149	0.93597
100	149	0.9924
101	149	1.4719
102	149	0.47054
103	149	0.45853
104	149	0.4431
105	149	0.45273
106	149	0.87573
108	149	0.4474
109	149	0.47568
111	149	0.92752
112	149	0.49016
115	149	0.97255
117	149	0.95647
118	149	0.4723
120	149	0.45054
123	149	0.85879
124	149	0.43984
125	149	0.43103
127	149	0.91228
128	149	0.44152
129	149	0.4342
131	149	0.88712
132	149	0.9217
133	149	0.93725
134	149	0.49093
138	149	0.49352
139	149	0.48022
141	149	1.418
142	149	1.0371
143	149	3.2143
144	149	1.4085
145	149	3.1684
146	149	6.8436
147	149	3.7762
148	149	10.737
11	150	0.48281
13	150	0.43408
16	150	0.43283
23	150	0.96327
25	150	0.97553
29	150	0.43858
33	150	0.88903
42	150	0.50767
56	150	0.95098
58	150	0.81533
61	150	0.82383
62	150	0.49614
94	150	0.45662
95	150	0.90498
96	150	0.43431
97	150	0.90506
98	150	0.45062
99	150	0.45089
100	150	1.4333
103	150	0.44188
105	150	0.43651
107	150	0.43902
110	150	0.43421
111	150	1.3407
113	150	0.43257
114	150	1.8027
115	150	1.405
118	150	0.45522
119	150	0.42935
120	150	0.43459
125	150	0.41617
129	150	1.2573
130	150	0.84302
131	150	0.42765
133	150	0.45157
134	150	4.2554
135	150	0.95974
138	150	0.95043
139	150	1.8508
141	150	2.7098
142	150	0.49897
143	150	1.3277
144	150	3.1672
145	150	1.7454
146	150	1.7592
147	150	2.2744
148	150	2.5882
149	150	6.6761
1	151	0.59813
7	151	0.50544
9	151	0.50013
15	151	0.45245
26	151	1.3908
29	151	0.44667
45	151	0.54769
54	151	0.46749
55	151	0.4835
94	151	0.46509
96	151	0.44273
97	151	0.92126
100	151	0.48547
102	151	0.46139
103	151	0.44987
105	151	0.88989
107	151	0.89532
108	151	0.43999
111	151	0.45477
112	151	0.48017
114	151	0.45856
115	151	1.4287
118	151	0.46366
120	151	0.44345
123	151	0.42363
126	151	0.86702
128	151	0.43542
132	151	0.90436
133	151	0.91899
134	151	0.48085
135	151	0.48771
137	151	0.95798
139	151	1.4126
140	151	0.95003
142	151	1.5213
144	151	1.843
145	151	0.44457
146	151	2.6892
147	151	1.8516
148	151	0.43963
149	151	3.3989
150	151	9.3562
10	152	0.48835
16	152	0.42539
18	152	0.48001
22	152	0.46096
28	152	0.42826
29	152	0.8621
39	152	0.45411
41	152	0.44901
42	152	0.49895
64	152	0.48608
94	152	0.44883
96	152	0.42687
97	152	0.88951
98	152	0.44285
100	152	0.46959
101	152	0.4646
102	152	0.44564
103	152	1.3028
104	152	0.83987
105	152	0.8581
106	152	0.41515
107	152	0.8631
109	152	0.45023
110	152	0.42674
111	152	1.7567
113	152	0.42509
115	152	0.46032
116	152	0.50313
117	152	0.4529
118	152	0.44748
121	152	0.82922
123	152	0.40766
124	152	0.41735
125	152	0.40915
126	152	0.83523
127	152	0.86536
128	152	0.41918
130	152	0.82876
131	152	0.42029
133	152	0.44381
134	152	1.859
135	152	0.94336
137	152	0.46302
138	152	0.46707
139	152	0.45481
140	152	0.91747
141	152	0.66578
142	152	0.49045
143	152	0.43498
144	152	0.44473
145	152	0.8577
146	152	2.1613
147	152	0.89421
148	152	1.2719
149	152	4.6869
150	152	4.5161
151	152	6.898
9	153	0.46863
12	153	0.43094
17	153	0.43107
18	153	0.46426
19	153	0.45279
28	153	0.41246
29	153	0.83126
36	153	0.42716
52	153	0.41597
53	153	0.82161
54	153	0.4357
57	153	0.6432
68	153	0.54913
94	153	0.86378
95	153	0.42599
96	153	0.41026
97	153	0.85849
98	153	0.85514
102	153	0.86107
105	153	0.82476
106	153	0.79804
107	153	0.41407
108	153	1.2225
111	153	0.42448
115	153	0.44537
117	153	0.4376
118	153	0.4306
119	153	0.80898
121	153	1.5883
122	153	0.3903
125	153	1.1726
126	153	0.39994
127	153	0.4125
128	153	1.1997
129	153	0.7886
131	153	0.40427
132	153	0.84166
133	153	1.2867
134	153	0.44925
138	153	0.90333
142	153	0.47434
143	153	1.6766
145	153	1.2389
146	153	0.41568
147	153	0.86348
148	153	0.8158
149	153	1.8032
150	153	0.43507
151	153	4.4413
152	153	10.267
9	154	0.44195
13	154	0.38703
14	154	0.78743
21	154	0.41144
23	154	0.43278
28	154	0.77704
29	154	0.78297
49	154	0.39627
51	154	0.40278
52	154	1.1755
53	154	0.38687
55	154	0.42656
56	154	0.42657
57	154	0.6056
64	154	0.43973
68	154	0.51712
69	154	0.91403
94	154	0.81378
95	154	0.4014
96	154	0.77272
97	154	0.80867
98	154	1.208
99	154	0.403
100	154	0.4291
102	154	0.40564
104	154	0.38057
105	154	0.7768
106	154	0.37579
107	154	0.7801
108	154	0.3839
109	154	0.8201
110	154	0.77523
111	154	0.39984
112	154	1.2638
113	154	0.38605
116	154	0.92095
117	154	0.41238
118	154	0.40575
119	154	0.76183
120	154	0.3852
121	154	0.74785
123	154	0.36639
124	154	1.8762
125	154	0.3682
127	154	0.38861
128	154	1.1305
129	154	1.1143
130	154	0.74717
132	154	0.39629
133	154	2.0203
134	154	1.2702
135	154	0.43055
138	154	0.85122
140	154	1.2488
142	154	0.44705
143	154	1.1844
144	154	1.6148
145	154	0.77785
146	154	2.7404
147	154	2.8478
148	154	2.3049
149	154	1.2738
150	154	0.8198
151	154	4.1864
152	154	11.685
153	154	17.332
2	155	0.51707
15	155	0.41578
20	155	0.42468
29	155	0.41056
35	155	0.42134
38	155	1.0097
40	155	0.42285
41	155	0.42802
42	155	0.47442
45	155	0.50372
49	155	0.41529
51	155	0.4223
53	155	0.40615
70	155	0.85375
94	155	0.85401
97	155	1.2714
98	155	0.42202
99	155	0.84465
100	155	0.89717
101	155	0.44286
102	155	2.1246
103	155	0.41384
104	155	0.39956
105	155	0.40796
106	155	0.39478
107	155	1.23
108	155	0.40332
110	155	0.81299
111	155	0.41882
112	155	0.8832
113	155	1.2147
114	155	0.4224
115	155	0.43922
117	155	0.86374
118	155	0.85155
119	155	0.40068
120	155	0.40538
121	155	0.39351
122	155	0.77533
123	155	0.38626
124	155	0.79096
125	155	1.1638
128	155	1.1916
129	155	0.39096
130	155	1.1797
131	155	0.7995
132	155	0.4156
133	155	1.6929
135	155	0.4503
136	155	0.45357
138	155	0.44551
140	155	0.4366
143	155	1.2424
144	155	0.42341
145	155	1.2245
146	155	0.4111
147	155	1.2786
148	155	1.21
150	155	1.2897
151	155	4.8227
152	155	3.3809
153	155	7.7066
154	155	14.52
9	156	0.4839
10	156	0.48828
11	156	0.47455
12	156	0.44595
15	156	0.43696
17	156	0.44773
20	156	0.44639
21	156	0.45224
22	156	0.4611
26	156	0.44807
28	156	0.85723
36	156	0.44299
37	156	1.0751
39	156	0.4543
42	156	0.49874
45	156	0.52907
47	156	0.45165
54	156	0.45174
68	156	0.57164
94	156	0.89808
96	156	0.42722
98	156	0.4431
100	156	0.46968
105	156	0.85877
106	156	0.83115
107	156	0.43187
108	156	0.42459
110	156	0.8542
113	156	0.85091
114	156	0.44317
115	156	0.92094
116	156	0.50291
119	156	0.4224
120	156	0.42757
121	156	0.83006
122	156	0.81962
124	156	0.41777
125	156	0.81925
126	156	0.41804
127	156	0.86599
128	156	0.83919
129	156	1.2373
130	156	0.82964
131	156	0.84134
132	156	0.43668
134	156	1.3946
135	156	0.47175
136	156	0.94994
138	156	0.46717
142	156	0.49036
143	156	1.7411
144	156	0.44497
146	156	1.2977
147	156	0.89468
148	156	0.84867
149	156	0.46874
150	156	1.3554
151	156	1.38
152	156	0.88821
153	156	3.4251
154	156	5.2448
155	156	10.998
7	157	0.47933
12	157	0.8737
16	157	0.41692
17	157	0.4385
18	157	0.94068
40	157	0.87034
42	157	1.465
46	157	0.5197
52	157	0.4234
62	157	0.47795
70	157	0.43962
96	157	0.41826
97	157	0.8717
98	157	0.43397
99	157	0.86854
102	157	0.87358
103	157	0.85124
104	157	0.41155
105	157	1.6816
106	157	1.2206
107	157	0.42279
108	157	0.41572
109	157	0.44123
111	157	1.7219
112	157	0.45423
113	157	1.2499
117	157	0.88776
118	157	0.43844
119	157	1.6538
120	157	0.4185
121	157	1.2186
122	157	1.6039
123	157	0.3994
124	157	0.40882
125	157	1.6036
126	157	1.6368
127	157	0.4237
128	157	0.82129
129	157	0.80739
130	157	0.40602
131	157	0.8237
132	157	0.85525
133	157	0.435
137	157	0.45379
138	157	0.45768
142	157	0.48043
143	157	0.42626
144	157	0.87157
145	157	0.84053
146	157	0.84707
147	157	1.3146
148	157	0.83095
149	157	1.3769
151	157	0.45066
152	157	1.3048
153	157	1.2572
154	157	4.343
155	157	5.7978
156	157	10.445
12	158	0.86458
14	158	0.42156
15	158	0.84739
22	158	0.44711
23	158	0.45898
27	158	0.4203
28	158	0.41555
39	158	0.88098
41	158	0.87079
49	158	0.42265
50	158	0.85967
53	158	0.41419
54	158	0.43808
55	158	0.45348
64	158	0.47128
69	158	0.4898
70	158	0.87061
95	158	0.43173
96	158	0.41419
99	158	0.85962
101	158	0.45068
102	158	1.2969
103	158	0.42124
104	158	0.81495
105	158	1.6653
106	158	0.80581
108	158	0.41173
109	158	1.3098
110	158	0.82802
111	158	1.278
112	158	0.4496
113	158	1.2371
115	158	0.44644
117	158	0.43933
118	158	0.86834
119	158	2.4573
120	158	1.244
121	158	1.6097
122	158	0.39745
123	158	0.39589
124	158	0.4052
125	158	0.39731
126	158	0.81085
127	158	1.6801
128	158	0.81418
129	158	0.39999
130	158	1.6092
133	158	0.43051
143	158	1.2659
144	158	1.7258
145	158	0.41607
146	158	1.6775
147	158	1.3012
148	158	0.41137
149	158	0.45446
150	158	0.43808
152	158	1.2917
153	158	1.2461
154	158	1.9562
155	158	2.051
156	158	4.3089
157	158	6.3301
8	159	0.47708
12	159	0.88995
15	159	0.87246
17	159	0.447
18	159	0.95793
27	159	1.2983
36	159	0.88431
43	159	0.61786
46	159	1.0593
51	159	0.44284
55	159	0.46658
64	159	0.97069
94	159	0.44836
97	159	0.44414
99	159	0.4425
102	159	0.88996
103	159	0.86742
104	159	0.83936
106	159	0.83001
108	159	0.42406
109	159	0.89889
110	159	0.42631
111	159	1.7542
113	159	0.42465
115	159	0.45943
118	159	0.89408
119	159	0.84393
120	159	0.42723
121	159	0.41465
122	159	0.81935
123	159	0.408
126	159	0.41768
127	159	0.86574
128	159	0.83894
129	159	0.41213
130	159	1.658
131	159	0.42004
139	159	0.45414
143	159	0.43453
145	159	0.85698
146	159	0.43195
148	159	1.6948
149	159	1.4041
150	159	0.45105
151	159	1.3773
152	159	0.44333
153	159	3.8514
154	159	3.6287
155	159	1.6901
156	159	5.7667
157	159	7.3865
158	159	7.3115
14	160	0.41654
16	160	0.40788
28	160	0.41065
35	160	0.84744
37	160	2.0561
38	160	1.0142
39	160	0.87105
47	160	0.43292
48	160	0.44088
52	160	0.41425
53	160	0.81852
54	160	0.8661
55	160	1.3454
56	160	0.4483
57	160	0.636
69	160	0.48392
70	160	1.2904
96	160	0.81839
97	160	0.42643
98	160	0.42456
99	160	1.2746
100	160	0.45041
102	160	0.85476
104	160	0.80524
105	160	0.41131
106	160	0.79609
108	160	1.627
109	160	0.43168
111	160	0.42117
112	160	0.44439
113	160	1.6302
114	160	0.84943
117	160	0.43435
118	160	0.85807
119	160	1.2135
121	160	0.7948
122	160	0.7846
123	160	1.5632
124	160	0.80002
125	160	1.569
126	160	0.40039
127	160	0.41461
128	160	0.40187
129	160	0.78997
130	160	0.79455
131	160	2.0144
132	160	0.83667
133	160	0.85124
134	160	0.44567
137	160	0.44408
143	160	0.41703
144	160	0.4264
145	160	0.82231
146	160	0.82873
147	160	0.42879
148	160	1.2194
149	160	0.8981
150	160	0.43295
151	160	0.88209
152	160	1.7021
153	160	2.8708
154	160	0.38627
155	160	1.2156
156	160	2.9812
157	160	5.8389
158	160	5.7801
159	160	11.479
9	161	0.47581
13	161	0.41921
14	161	0.85365
16	161	0.41797
17	161	0.43976
18	161	0.47188
27	161	0.85154
28	161	0.4208
35	161	0.43424
37	161	1.068
48	161	0.45184
49	161	0.42816
51	161	0.4357
54	161	0.44379
56	161	0.45946
68	161	0.56257
94	161	0.44102
95	161	0.43702
99	161	0.43546
101	161	0.45666
102	161	0.87597
104	161	0.82515
105	161	0.84304
108	161	0.41678
109	161	0.88495
110	161	1.2579
112	161	0.91133
113	161	0.83535
114	161	0.43527
115	161	0.45246
118	161	0.43971
119	161	0.41454
120	161	0.83929
121	161	0.81447
122	161	0.80397
123	161	1.2011
124	161	1.2297
125	161	0.80372
126	161	1.2307
127	161	0.42494
129	161	0.80936
130	161	0.81407
131	161	0.4129
132	161	1.2864
133	161	0.43618
134	161	0.91361
135	161	0.46369
138	161	0.45909
142	161	0.48209
143	161	0.8548
144	161	0.43702
146	161	0.42468
147	161	1.7577
148	161	1.2496
149	161	1.842
151	161	0.45201
152	161	0.43615
153	161	1.6808
154	161	1.1872
155	161	4.1519
156	161	1.3093
157	161	4.7011
158	161	5.5001
159	161	4.7926
160	161	10.035
1	162	0.56747
7	162	0.47851
8	162	0.46777
15	162	1.281
16	162	0.41597
17	162	0.43758
18	162	0.46949
26	162	0.43802
27	162	0.42373
29	162	0.42153
36	162	0.43294
41	162	0.43907
46	162	1.038
57	162	0.64978
63	162	0.97795
94	162	0.4388
96	162	0.4173
97	162	1.7397
98	162	1.2991
100	162	0.91881
102	162	0.43587
103	162	1.274
104	162	1.2318
106	162	1.2177
108	162	0.82951
110	162	0.83463
111	162	0.85912
112	162	0.45334
113	162	1.247
114	162	0.43318
116	162	0.98455
117	162	0.44297
118	162	2.6251
119	162	0.41247
120	162	0.41753
121	162	0.81045
122	162	0.39996
123	162	0.79678
124	162	1.2235
125	162	0.39989
126	162	0.81643
128	162	0.40965
129	162	0.4027
130	162	1.6201
131	162	0.41089
132	162	0.85339
133	162	0.86817
134	162	0.90908
135	162	0.92281
136	162	0.4646
138	162	0.91361
141	162	0.64966
143	162	0.85064
144	162	0.86972
145	162	0.83863
147	162	1.3119
148	162	1.2435
149	162	1.3742
150	162	0.88311
152	162	2.6039
153	162	2.9266
154	162	2.3629
155	162	1.6526
156	162	1.3029
157	162	3.4024
158	162	4.6317
159	162	3.9022
160	162	5.8256
161	162	8.9552
10	163	0.51102
14	163	0.45641
18	163	0.50285
20	163	0.46856
22	163	0.48329
29	163	0.45274
30	163	0.83468
35	163	0.46364
36	163	0.46477
40	163	0.9324
43	163	1.3001
45	163	0.55516
49	163	0.91474
51	163	0.46543
52	163	0.45394
56	163	0.48965
57	163	1.3915
64	163	0.51048
94	163	0.94292
96	163	0.44887
98	163	0.46486
99	163	0.46511
101	163	0.48718
102	163	0.46756
105	163	0.4511
106	163	0.43663
108	163	0.44607
110	163	0.44825
114	163	1.8588
115	163	0.96509
117	163	0.47502
122	163	0.86319
124	163	0.43976
125	163	0.43108
126	163	0.4396
132	163	0.45834
133	163	0.46564
134	163	0.48723
135	163	0.98819
138	163	0.48963
139	163	0.47718
140	163	0.48142
141	163	0.69585
142	163	0.51381
143	163	0.91384
144	163	1.401
145	163	0.90132
146	163	0.90879
147	163	0.46911
151	163	0.96444
152	163	1.3984
153	163	0.9008
154	163	0.8492
155	163	0.44452
157	163	1.3704
158	163	1.8086
159	163	0.46527
160	163	1.7882
161	163	3.2073
162	163	6.8386
1	164	0.60438
5	164	0.55081
7	164	0.51121
9	164	1.0117
10	164	1.0201
21	164	0.94758
22	164	0.48278
23	164	0.49455
28	164	0.44997
32	164	0.95936
41	164	0.47065
56	164	0.4889
95	164	0.9374
97	164	0.46652
99	164	0.46473
100	164	0.49081
101	164	1.9474
106	164	0.43687
108	164	0.44642
109	164	0.47168
111	164	0.46036
112	164	0.48636
113	164	0.89267
114	164	0.92828
115	164	0.96376
118	164	0.47012
121	164	0.4372
122	164	0.86552
125	164	0.86418
128	164	0.44284
132	164	0.4581
134	164	1.4601
135	164	1.4799
137	164	0.96943
138	164	0.97805
141	164	0.69498
142	164	1.0262
144	164	1.4008
145	164	0.90129
146	164	0.90911
147	164	0.46876
148	164	0.89158
150	164	0.94822
151	164	2.8912
153	164	0.45147
155	164	0.88995
156	164	0.93221
157	164	0.45674
158	164	0.45191
161	164	2.7485
162	164	1.8234
163	164	11.716
8	165	0.92896
11	165	0.46075
15	165	0.42376
24	165	0.46544
25	165	0.46545
27	165	0.4205
28	165	0.41554
46	165	0.51556
47	165	0.43828
52	165	0.4192
53	165	0.41414
63	165	0.48564
95	165	0.43143
96	165	0.41405
97	165	0.43166
100	165	1.3684
101	165	0.90217
103	165	0.8429
104	165	0.81476
105	165	0.41619
106	165	0.80537
107	165	0.41856
108	165	1.2345
110	165	0.8282
111	165	1.279
113	165	0.41247
114	165	0.42994
117	165	0.87942
118	165	1.3027
119	165	0.40921
120	165	0.41424
121	165	0.80396
122	165	0.39669
123	165	0.39513
125	165	0.79326
128	165	0.40635
129	165	0.39946
130	165	0.40178
131	165	0.40767
133	165	0.86168
134	165	1.805
135	165	0.91624
136	165	0.46131
138	165	0.90702
141	165	0.64624
142	165	0.47626
143	165	0.84414
146	165	0.41932
147	165	0.43403
148	165	1.6451
149	165	0.45471
150	165	0.43826
151	165	0.89299
152	165	1.2922
153	165	0.82955
154	165	0.78118
155	165	2.4595
156	165	1.7242
157	165	0.42206
158	165	2.0892
159	165	1.291
160	165	0.82579
161	165	4.2318
162	165	6.7378
163	165	4.9789
164	165	8.1465
10	166	0.93282
11	166	0.45297
12	166	0.42557
16	166	1.2186
17	166	0.42737
20	166	0.426
21	166	0.43168
22	166	0.44021
24	166	0.45775
25	166	0.45752
26	166	0.42765
27	166	0.4137
28	166	0.409
29	166	0.41163
32	166	0.43744
42	166	0.47593
47	166	0.43107
48	166	0.43907
51	166	0.42344
52	166	0.41259
53	166	0.81525
54	166	0.43128
55	166	0.44654
56	166	0.44637
64	166	0.46384
70	166	0.42843
94	166	0.42856
96	166	0.40759
98	166	0.42277
99	166	0.84617
102	166	0.42558
103	166	1.2439
104	166	0.80201
106	166	1.1895
107	166	0.41212
108	166	1.2156
109	166	0.85963
111	166	0.83874
112	166	1.7702
113	166	0.40585
114	166	0.84578
116	166	0.48065
117	166	0.43253
118	166	0.42735
120	166	0.408
121	166	0.79187
122	166	0.39097
123	166	1.1684
124	166	0.39863
125	166	0.78178
126	166	1.5957
129	166	1.9678
132	166	0.4166
133	166	0.42381
138	166	0.89191
140	166	0.43827
142	166	0.46817
143	166	0.83066
144	166	0.42469
145	166	0.81899
146	166	0.82546
147	166	0.427
148	166	0.40484
149	166	2.6837
150	166	0.43122
151	166	1.3177
152	166	0.84757
153	166	0.4087
154	166	1.1547
155	166	1.6147
156	166	2.1208
157	166	2.4923
158	166	1.6446
159	166	1.2701
160	166	2.8445
161	166	3.7477
162	166	2.0721
163	166	1.7808
164	166	1.335
165	166	11.514
4	167	0.47883
5	167	0.50343
11	167	0.45163
13	167	1.6245
14	167	0.82707
28	167	0.81532
38	167	1.0071
39	167	0.43237
40	167	0.84554
48	167	0.43771
50	167	0.42175
51	167	0.42209
52	167	0.82248
54	167	0.42993
58	167	0.75746
61	167	0.7655
94	167	1.2814
95	167	0.42332
97	167	0.84665
99	167	0.84354
100	167	0.44715
104	167	0.39967
108	167	1.2114
110	167	1.2186
111	167	0.83618
112	167	0.44116
113	167	2.0228
114	167	0.42161
118	167	0.85188
119	167	1.2046
120	167	0.40652
122	167	0.38946
123	167	1.5519
124	167	1.5885
125	167	0.77886
126	167	0.79498
127	167	0.82327
128	167	0.399
130	167	0.39441
131	167	0.39994
132	167	1.6611
133	167	0.42252
139	167	0.86598
140	167	1.3105
142	167	0.46677
143	167	1.242
145	167	0.8163
146	167	1.6454
147	167	0.42568
148	167	0.80699
149	167	1.3374
150	167	0.42982
152	167	0.42242
153	167	1.2215
154	167	0.76692
155	167	0.40227
156	167	1.6912
157	167	1.6561
158	167	1.2295
159	167	2.5324
160	167	4.0505
161	167	1.6602
162	167	1.2393
163	167	2.2192
164	167	1.7748
165	167	9.4272
166	167	15.328
12	168	0.46348
20	168	0.4644
21	168	0.47009
27	168	0.4509
29	168	0.44866
30	168	0.83039
35	168	0.45957
40	168	0.92417
41	168	0.46706
45	168	0.55073
50	168	0.461
51	168	0.92264
52	168	0.89966
56	168	0.48558
61	168	0.83928
69	168	0.52555
94	168	0.46727
95	168	0.46367
96	168	0.44472
102	168	0.92695
104	168	0.4374
106	168	0.43254
107	168	0.4497
108	168	0.8839
109	168	0.93639
110	168	0.88837
114	168	0.46061
115	168	0.47845
116	168	1.566
117	168	0.47093
119	168	1.76
121	168	0.43239
122	168	0.42737
123	168	0.42549
124	168	1.3066
125	168	0.42691
126	168	2.1772
127	168	0.45155
129	168	0.42968
130	168	1.2965
131	168	0.87569
132	168	0.45422
133	168	0.46156
136	168	0.49327
138	168	0.4855
141	168	0.69134
143	168	1.3584
144	168	0.92572
146	168	0.45024
147	168	0.46502
148	168	1.7663
150	168	0.47
152	168	0.92395
153	168	0.89233
154	168	1.6818
156	168	1.3863
157	168	0.45269
158	168	0.44808
159	168	1.8447
160	168	1.3289
161	168	0.90811
162	168	1.3554
163	168	0.96901
164	168	3.3888
165	168	4.0365
166	168	4.8526
167	168	9.2354
2	169	0.57028
8	169	1.0147
17	169	0.47662
22	169	0.48986
24	169	0.50866
25	169	0.509
32	169	0.48674
35	169	0.46997
43	169	1.3191
45	169	0.56315
47	169	0.4799
51	169	0.47202
54	169	0.48038
63	169	0.53062
98	169	0.47131
101	169	0.49393
103	169	0.46228
104	169	0.44791
105	169	0.45778
109	169	0.47869
111	169	0.93429
115	169	0.97802
119	169	0.45101
120	169	0.91349
121	169	0.44333
126	169	0.44643
132	169	0.46482
133	169	0.47199
134	169	0.9877
137	169	0.49184
139	169	0.48385
142	169	0.52074
143	169	0.46345
144	169	0.47369
145	169	0.45716
146	169	0.92217
147	169	0.47559
148	169	1.3566
149	169	0.99899
150	169	0.48097
152	169	0.47277
154	169	1.2941
155	169	0.90246
156	169	0.47282
159	169	0.47174
160	169	1.3603
162	169	0.92489
163	169	0.49529
164	169	0.98913
165	169	3.6733
166	169	1.8059
167	169	4.0514
168	169	10.806
6	170	0.80038
10	170	0.5107
12	170	0.46756
19	170	0.49133
21	170	0.94866
29	170	0.9061
33	170	0.90766
38	170	1.1131
40	170	0.46663
51	170	0.93157
55	170	0.48977
94	170	0.472
95	170	0.46901
96	170	0.899
97	170	0.46705
98	170	0.465
101	170	0.48739
103	170	0.45611
104	170	0.44198
108	170	0.4468
110	170	0.44852
113	170	0.44683
114	170	0.4647
117	170	0.47513
127	170	0.45735
128	170	0.44304
133	170	0.46571
134	170	0.97454
139	170	0.95489
140	170	0.48206
142	170	0.51374
143	170	0.91457
144	170	0.46741
145	170	0.90219
146	170	0.45497
147	170	0.46929
150	170	0.47459
151	170	0.48241
153	170	0.90341
154	170	0.85149
155	170	0.89066
156	170	0.93316
157	170	0.4572
161	170	0.45856
162	170	0.45632
163	170	0.97746
164	170	1.4639
165	170	1.3591
166	170	1.7819
167	170	1.3325
168	170	4.3619
169	170	11.884
6	171	0.84562
7	171	0.54182
8	171	0.53014
9	171	0.53622
10	171	0.54038
15	171	0.48758
16	171	0.47542
49	171	0.4857
55	171	1.0378
62	171	0.53936
101	171	0.51695
102	171	0.49621
103	171	0.48431
110	171	0.47647
113	171	0.47475
114	171	0.49304
121	171	1.3983
125	171	0.46088
128	171	0.47233
136	171	0.52637
137	171	0.5144
138	171	0.51911
142	171	0.54444
143	171	0.97175
146	171	0.48385
147	171	0.99592
148	171	0.47449
149	171	0.52379
151	171	0.51163
155	171	0.47387
156	171	0.49542
157	171	0.48568
159	171	0.49407
160	171	0.4754
161	171	0.97458
163	171	1.0363
165	171	0.48159
166	171	0.94656
167	171	0.472
168	171	0.51411
169	171	1.5739
170	171	3.6233
5	172	0.57882
8	172	0.52634
9	172	0.53243
10	172	0.53659
18	172	0.52896
25	172	0.52827
28	172	0.47491
33	172	1.9118
40	172	0.49175
48	172	1.0155
61	172	0.88718
63	172	1.1013
66	172	0.75518
95	172	0.49537
96	172	0.47436
105	172	0.47667
111	172	0.48532
113	172	0.94199
114	172	0.48927
115	172	0.50766
116	172	0.55201
120	172	0.47629
123	172	0.45592
139	172	1.5086
144	172	0.98535
146	172	0.96004
150	172	0.50024
152	172	1.9668
157	172	0.96381
158	172	0.47673
161	172	0.48347
162	172	0.48108
163	172	0.51435
164	172	1.5393
165	172	0.47778
166	172	0.93908
167	172	0.93651
168	172	1.5308
169	172	2.0832
170	172	3.083
171	172	5.4342
11	173	1.0164
17	173	0.48102
18	173	1.0282
19	173	0.50233
20	173	0.47967
26	173	0.48017
28	173	0.46056
32	173	0.49086
37	173	1.1684
40	173	0.47717
41	173	0.48172
43	173	0.66697
48	173	0.49309
51	173	0.95251
55	173	0.50055
59	173	1.0689
61	173	0.86662
68	173	0.61708
69	173	0.54376
94	173	0.48285
95	173	0.96031
98	173	0.47537
101	173	0.49835
102	173	0.47802
103	173	0.46624
111	173	0.47105
116	173	0.53725
117	173	0.48567
118	173	0.48134
132	173	0.46891
133	173	0.47598
135	173	0.50479
138	173	0.50051
139	173	0.48818
141	173	0.71409
143	173	0.46759
144	173	1.434
145	173	0.46129
148	173	0.45634
149	173	0.50437
150	173	0.48541
152	173	0.47704
154	173	0.43574
157	173	0.46748
159	173	0.95171
160	173	0.45741
161	173	0.46893
162	173	0.93323
164	173	0.99719
165	173	0.92662
166	173	0.91076
167	173	0.45408
168	173	1.9821
169	173	3.5428
170	173	2.4964
171	173	3.1727
172	173	11.549
2	174	0.55711
11	174	0.49199
12	174	0.4627
16	174	0.44274
20	174	0.92839
25	174	0.49689
26	174	0.46495
28	174	0.44581
33	174	0.89821
35	174	0.45888
42	174	0.5187
45	174	0.54976
49	174	0.90556
51	174	0.46104
53	174	0.44462
55	174	0.48476
56	174	0.48448
60	174	0.79235
98	174	0.92033
99	174	0.46044
103	174	0.45138
104	174	0.43744
107	174	0.9003
108	174	0.44229
109	174	0.46734
110	174	0.44388
113	174	0.88436
114	174	0.45987
117	174	0.47026
118	174	0.93161
120	174	0.89255
121	174	0.43311
122	174	0.42869
123	174	0.4268
131	174	0.43792
132	174	0.45385
134	174	0.48227
135	174	0.48885
138	174	0.96914
139	174	0.47258
142	174	0.50847
144	174	0.46265
146	174	0.45033
147	174	0.46447
148	174	0.44164
149	174	0.48778
151	174	0.95501
153	174	0.4473
154	174	1.2645
155	174	0.44085
156	174	1.3855
157	174	0.45253
158	174	1.3432
159	174	0.46071
162	174	0.90329
165	174	0.44838
166	174	2.2043
167	174	0.87917
168	174	0.9594
169	174	1.4703
170	174	1.4506
171	174	2.0492
172	174	3.051
173	174	7.9049
21	175	0.99956
24	175	0.52815
36	175	0.49021
41	175	0.49687
42	175	0.55242
45	175	0.58525
51	175	0.49087
52	175	0.47917
54	175	0.49939
55	175	0.51564
56	175	0.51541
95	175	0.98907
96	175	0.47421
102	175	0.49284
103	175	0.48096
107	175	0.47962
110	175	1.4191
112	175	1.0267
113	175	0.94271
115	175	0.50825
117	175	0.50056
119	175	0.46967
121	175	0.46176
124	175	0.46547
128	175	0.46732
131	175	0.93378
132	175	0.48369
133	175	0.49082
134	175	0.51324
136	175	0.52333
138	175	0.51577
141	175	0.73234
142	175	0.54098
143	175	0.48223
146	175	1.4397
148	175	0.9414
149	175	0.5196
150	175	0.50023
152	175	0.98367
153	175	0.47635
157	175	0.48197
158	175	0.47704
161	175	1.4509
162	175	0.48117
164	175	0.51386
165	175	0.47789
166	175	0.46985
167	175	0.4685
168	175	1.5317
169	175	0.52136
170	175	2.0579
171	175	2.1776
172	175	2.1625
173	175	4.207
174	175	5.6024
25	176	0.55646
33	176	1.0109
37	176	1.2654
41	176	0.52299
48	176	0.5344
51	176	0.51675
53	176	0.49927
63	176	0.57947
94	176	0.52422
100	176	0.54387
103	176	0.50628
113	176	0.49634
114	176	0.51538
116	176	0.58034
118	176	0.5224
129	176	0.96803
132	176	0.50936
144	176	0.51885
151	176	1.069
156	176	0.51762
159	176	0.5163
162	176	1.0135
163	176	0.5413
164	176	1.0803
165	176	1.0069
166	176	0.4947
167	176	0.49334
169	176	1.0964
170	176	0.54089
171	176	0.57165
172	176	2.2714
173	176	3.3171
174	176	1.6063
175	176	5.1165
5	177	0.64729
9	177	0.59555
24	177	0.59039
28	177	1.063
49	177	0.53945
50	177	0.54895
51	177	0.54915
94	177	0.55749
129	177	0.5142
135	177	0.58122
140	177	0.56807
145	177	0.53265
146	177	0.53766
151	177	0.56814
154	177	0.50381
165	177	0.53519
166	177	0.5256
167	177	0.52414
168	177	0.57125
170	177	1.1499
172	177	0.60381
173	177	1.176
174	177	0.56909
175	177	1.8134
176	177	1.9059
8	178	0.57016
24	178	0.57185
30	178	0.95506
100	178	0.55984
111	178	0.52725
114	178	0.53147
116	178	0.5965
135	178	0.56295
142	178	0.58607
144	178	0.53556
150	178	1.0875
160	178	1.0262
164	178	1.1124
167	178	0.50948
173	178	0.56909
174	178	1.1029
175	178	1.1696
176	178	1.8404
177	178	2.6102
1	179	0.6377
5	179	0.58115
6	179	0.84391
7	179	1.0808
11	179	0.5255
15	179	0.48613
22	179	0.51107
51	179	0.49312
107	179	0.96477
109	179	0.99918
110	179	0.47506
134	179	0.51522
136	179	0.52497
137	179	0.51298
140	179	0.51031
141	179	0.73553
144	179	0.49502
150	179	0.5026
151	179	0.51019
165	179	0.48013
170	179	0.51621
172	179	2.1682
173	179	0.52739
177	179	2.4251
178	179	5.862
2	180	0.603
3	180	0.63135
5	180	1.7753
18	180	0.54122
25	180	0.5409
32	180	0.51732
44	180	0.88231
54	180	0.51086
61	180	0.90799
94	180	0.50933
109	180	0.50914
111	180	0.49694
126	180	0.47615
136	180	0.53491
138	180	0.52744
143	180	0.987
146	180	0.98263
151	180	0.51963
163	180	0.52627
165	180	0.48915
172	180	0.55236
173	180	0.53754
176	180	2.3232
177	180	1.2354
178	180	1.1941
179	180	12.758
