4	5	1.9048
4	6	2.9984
5	6	1.8425
4	7	0.61786
5	7	4.4255
6	7	4.18
4	8	1.2205
5	8	0.62495
6	8	2.359
7	8	3.6476
6	9	1.2125
7	9	0.62443
8	9	4.9367
5	10	0.63929
6	10	0.60421
8	10	1.8456
9	10	3.1578
6	11	1.146
8	11	1.1668
9	11	1.2
10	11	5.9824
4	12	1.8441
6	12	0.59345
9	12	0.62157
10	12	1.8585
11	12	4.1105
8	13	0.57971
10	13	0.59415
11	13	1.6895
12	13	5.249
4	14	0.58595
6	14	1.1299
7	14	2.3319
8	14	1.7284
10	14	1.1793
11	14	0.55967
12	14	1.7371
13	14	8.3292
4	15	0.64742
10	15	1.3033
11	15	1.8552
12	15	1.2817
13	15	4.2964
14	15	7.3014
5	16	0.61738
7	16	0.60046
12	16	1.791
13	16	1.7178
14	16	1.7054
15	16	6.9103
10	17	1.8426
11	17	0.58289
12	17	1.2074
13	17	2.3156
15	17	1.2707
16	17	4.7388
4	18	0.6234
9	18	0.63028
10	18	1.256
12	18	1.2335
13	18	1.7725
15	18	0.6496
16	18	3.6299
17	18	1.2237
9	19	1.1396
12	19	0.55643
13	19	0.53357
14	19	0.52874
15	19	1.7545
16	19	0.54667
17	19	1.1053
18	19	6.7557
6	20	0.52591
8	20	0.53661
12	20	0.53884
13	20	0.51662
15	20	0.56658
17	20	0.53542
18	20	6.5408
19	20	12.768
6	21	0.58475
10	21	0.60969
12	21	1.1988
14	21	1.1408
15	21	1.261
17	21	0.59465
18	21	1.2146
19	21	1.0972
20	21	5.8479
4	22	0.60555
9	22	1.224
13	22	0.57507
14	22	1.1416
15	22	1.8922
16	22	0.58832
21	22	6.496
6	23	0.60243
7	23	0.62041
16	23	1.2114
18	23	0.62604
20	23	0.54881
22	23	4.8642
14	24	1.0638
15	24	1.1769
17	24	0.55567
18	24	0.56627
19	24	1.5317
21	24	0.55172
22	24	1.1042
23	24	4.5531
6	25	2.1773
12	25	0.55793
14	25	2.6474
17	25	0.55416
19	25	0.50792
20	25	0.49113
21	25	0.55006
23	25	2.2711
24	25	15.33
11	26	0.58281
13	26	1.1572
15	26	0.635
16	26	0.59217
18	26	0.61143
19	26	0.55167
20	26	1.0687
22	26	2.9731
23	26	0.6123
24	26	4.9937
25	26	9.4008
8	28	0.56098
10	28	1.1501
17	28	0.55996
20	28	0.99701
21	28	0.556
24	28	0.518
26	28	2.2372
11	30	0.54108
12	30	0.56017
13	30	0.53707
18	30	0.56704
19	30	0.51127
20	30	0.98911
23	30	0.5699
25	30	0.5118
28	30	1.0373
5	31	0.58065
8	31	0.55678
12	31	0.5597
20	31	0.49489
21	31	1.656
22	31	0.5523
25	31	0.51212
28	31	1.556
30	31	12.357
4	32	0.57872
7	32	0.5762
11	32	0.55237
12	32	0.5719
15	32	0.6017
17	32	0.56784
21	32	0.56381
24	32	0.5252
25	32	0.52302
26	32	0.5672
28	32	1.5891
30	32	5.2587
31	32	12.62
4	33	0.56516
6	33	1.09
7	33	1.1257
9	33	0.57158
10	33	0.56977
11	33	0.53937
13	33	0.53553
14	33	0.53147
18	33	0.56537
20	33	0.98723
21	33	0.55079
22	33	1.1022
23	33	0.56806
25	33	0.51085
26	33	0.55402
28	33	1.5522
30	33	2.5679
31	33	6.6766
32	33	7.8683
4	34	0.5912
5	34	0.60545
15	34	0.61519
23	34	0.59373
25	34	1.0723
26	34	1.1601
28	34	2.1693
30	34	0.53866
31	34	1.6152
32	34	4.949
33	34	10.743
6	35	0.60606
22	35	0.6117
23	35	1.2585
26	35	0.61604
30	35	2.2932
31	35	1.7177
32	35	2.3395
33	35	1.7142
34	35	9.5567
13	36	1.1601
14	36	0.57586
15	36	0.63641
17	36	0.59998
22	36	0.59582
26	36	0.59984
30	36	0.55768
31	36	2.2285
32	36	0.56911
33	36	1.6677
34	36	1.7447
35	36	4.319
12	38	0.59986
13	38	0.57535
16	38	0.58867
23	38	0.60869
24	38	0.55261
25	38	0.5514
26	38	0.59522
32	38	0.56457
33	38	1.1027
36	38	0.59624
12	39	0.61732
14	39	0.58766
17	39	0.6121
25	39	0.56762
30	39	0.56962
31	39	0.56892
33	39	0.56774
34	39	0.59346
35	39	0.62903
36	39	0.61299
38	39	4.2582
13	40	0.54552
14	40	0.54061
17	40	0.56497
19	40	0.51908
21	40	1.1217
23	40	0.5784
24	40	0.52213
26	40	0.56409
30	40	0.52288
32	40	0.53409
33	40	0.52172
34	40	1.6409
39	40	2.3129
14	41	0.48781
20	41	1.3541
22	41	0.50821
32	41	0.96307
36	41	1.0257
40	41	4.7815
7	42	0.57285
11	42	0.5482
17	42	0.56378
20	42	0.99579
25	42	0.51529
31	42	0.51986
38	42	0.56097
39	42	0.57793
40	42	2.6372
41	42	6.614
9	43	0.52514
18	43	0.51617
19	43	0.46416
20	43	0.8967
25	43	0.46331
26	43	1.0129
32	43	0.47848
35	43	0.52425
38	43	0.50618
40	43	1.8995
41	43	3.8235
42	43	5.6229
19	44	0.46101
20	44	1.3359
25	44	0.46009
26	44	0.503
34	44	0.48808
36	44	0.50635
39	44	0.51768
40	44	0.94323
41	44	5.0624
42	44	4.652
43	44	6.6948
18	45	0.52231
25	45	0.4684
28	45	0.47711
31	45	0.94754
32	45	0.48373
35	45	0.53048
36	45	1.0312
40	45	1.4403
41	45	2.1461
42	45	0.474
43	45	3.4057
44	45	5.0722
18	46	0.56503
19	46	1.0143
20	46	0.98007
21	46	0.55072
25	46	1.014
33	46	0.51049
41	46	0.9297
42	46	2.0568
43	46	0.92211
44	46	3.662
45	46	3.264
12	47	0.51391
13	47	0.49269
16	47	0.50549
19	47	0.46689
20	47	0.45101
25	47	1.3985
33	47	0.47013
36	47	0.51246
39	47	0.52392
40	47	0.47764
41	47	0.42754
42	47	1.4148
44	47	1.2636
45	47	2.1427
46	47	3.7125
11	48	0.52195
16	48	0.53063
20	48	0.47366
21	48	0.53236
24	48	0.49339
31	48	0.49487
32	48	0.50533
40	48	1.5048
41	48	1.7966
42	48	0.99216
43	48	1.7819
44	48	1.7693
45	48	0.90063
46	48	1.464
47	48	4.9324
4	49	0.49014
18	49	0.48608
20	49	0.42141
21	49	0.47562
24	49	0.43948
28	49	0.44435
31	49	0.44129
33	49	0.44007
40	49	1.3404
41	49	1.1959
43	49	1.9764
44	49	1.1775
45	49	1.1976
46	49	2.5961
47	49	2.388
48	49	2.5083
5	58	0.53555
17	58	0.51104
19	58	0.46805
31	58	0.47177
36	58	0.51254
41	58	0.85898
42	58	0.94775
43	58	0.85333
44	58	0.42375
45	58	0.43101
46	58	1.3992
47	58	1.2876
48	58	0.45085
49	58	0.40067
18	59	0.51147
40	59	1.4131
43	59	1.258
45	59	0.42354
46	59	0.45836
47	59	0.84375
48	59	0.4431
49	59	1.181
58	59	10.156
18	60	0.55033
19	60	0.49578
20	60	0.47916
24	60	0.49843
28	60	0.50295
33	60	0.49782
34	60	0.52275
39	60	0.55355
41	60	1.3681
42	60	0.50346
43	60	0.45327
45	60	0.45806
46	60	0.49551
48	60	1.4368
49	60	0.4261
58	60	7.2995
59	60	4.9376
11	61	0.53691
17	61	0.55198
18	61	0.56254
19	61	0.50757
20	61	0.9821
22	61	0.54847
25	61	0.5081
28	61	0.51483
30	61	0.511
35	61	1.1373
40	61	0.51902
41	61	1.4032
42	61	1.0313
43	61	0.92969
44	61	0.92345
46	61	2.0304
47	61	0.46746
49	61	0.87493
58	61	2.3402
59	61	2.3029
60	61	2.4768
11	62	1.0391
18	62	0.54423
19	62	0.98113
20	62	0.47422
24	62	0.49326
40	62	0.50174
41	62	0.45119
43	62	0.89674
44	62	0.44534
45	62	0.90609
47	62	1.3528
48	62	0.47359
58	62	4.5163
59	62	5.3321
60	62	2.8703
61	62	8.3358
8	63	0.50593
9	63	0.52125
30	63	0.46601
43	63	0.4225
44	63	0.41965
47	63	1.2749
48	63	0.89243
58	63	3.4055
59	63	2.5127
60	63	4.0596
61	63	2.7769
62	63	5.8068
19	64	2.3994
24	64	0.48253
25	64	0.9598
40	64	0.49078
43	64	0.8768
44	64	0.43545
45	64	0.44287
46	64	0.9575
47	64	0.44094
48	64	1.3889
49	64	1.2363
58	64	2.2086
59	64	4.3458
60	64	3.2755
61	64	1.4393
62	64	1.8531
63	64	12.236
11	65	0.4899
18	65	0.51211
19	65	0.46131
20	65	0.44565
31	65	0.4652
32	65	0.47493
41	65	0.42315
42	65	1.3994
43	65	0.42028
44	65	0.83482
46	65	0.91832
47	65	0.84566
48	65	0.44397
49	65	1.184
58	65	3.3933
59	65	4.1714
60	65	1.7993
61	65	1.3844
62	65	5.3435
63	65	7.1366
64	65	8.2757
20	66	0.44798
24	66	0.46637
31	66	0.46762
43	66	0.84491
44	66	1.6783
45	66	0.42669
46	66	0.46158
48	66	0.89256
49	66	0.39671
58	66	2.132
59	66	4.1933
60	66	3.1654
61	66	2.3193
62	66	4.4763
63	66	5.9082
64	66	6.5676
65	66	5.4643
34	67	0.54463
36	67	0.56407
38	67	0.55954
39	67	0.57629
41	67	0.95094
47	67	0.95011
49	67	0.44416
58	67	0.95192
59	67	0.46822
61	67	2.0656
62	67	3.4927
63	67	1.8824
64	67	1.464
65	67	4.2216
66	67	8.959
6	68	0.56322
19	68	1.0557
20	68	0.51099
28	68	0.53507
41	68	0.48738
42	68	0.5373
46	68	0.52892
58	68	0.48735
60	68	1.0308
61	68	0.52732
62	68	0.51012
63	68	0.48174
64	68	0.49915
65	68	1.9221
66	68	3.3811
67	68	4.8345
8	69	0.53417
14	69	0.51079
17	69	0.53332
18	69	0.54317
20	69	0.47376
25	69	0.4903
28	69	0.49705
33	69	0.49208
36	69	0.5347
43	69	0.89673
44	69	0.89073
48	69	0.47341
58	69	0.45128
59	69	0.44409
60	69	3.344
62	69	1.8921
63	69	1.7852
64	69	0.92564
65	69	2.2253
66	69	0.44739
67	69	0.99654
68	69	7.1291
8	70	0.53792
9	70	0.55349
17	70	0.53643
18	70	0.5459
20	70	0.47558
32	70	0.50635
33	70	0.98943
35	70	0.55283
38	70	0.53387
40	70	0.50302
41	70	0.45196
43	70	0.44872
47	70	0.45145
48	70	0.94805
58	70	1.3592
59	70	0.89114
61	70	3.4444
62	70	1.901
63	70	1.7932
64	70	0.46485
65	70	1.7859
66	70	2.6927
67	70	4.0041
68	70	9.217
69	70	5.2239
4	71	0.54209
18	71	0.54098
20	71	0.47069
24	71	0.48983
25	71	0.48714
31	71	0.49081
36	71	0.53284
41	71	0.44745
42	71	0.49391
43	71	0.4445
44	71	0.44146
47	71	0.44713
58	71	0.89617
59	71	1.3222
60	71	1.425
61	71	0.48698
62	71	0.94025
63	71	0.88639
64	71	0.91959
65	71	1.325
66	71	1.332
67	71	1.4865
68	71	1.5207
69	71	3.2875
70	71	8.9612
11	72	0.55186
14	72	0.54415
18	72	0.57881
19	72	0.52268
21	72	0.56349
30	72	1.5782
31	72	0.52589
32	72	0.53716
33	72	0.52461
34	72	0.54971
41	72	0.48254
43	72	0.47974
44	72	0.47656
47	72	0.48234
48	72	0.50638
60	72	0.51012
61	72	0.52211
65	72	0.95148
66	72	0.47822
67	72	0.5318
68	72	2.1695
69	72	0.50411
70	72	1.0141
71	72	3.0107
8	73	0.58149
13	73	0.56119
22	73	1.1539
23	73	0.59432
28	73	0.54274
32	73	0.5503
34	73	1.1257
42	73	0.54578
49	73	0.46395
58	73	0.49477
61	73	1.0698
62	73	0.51764
63	73	0.48897
66	73	0.98091
68	73	1.1109
69	73	1.0332
70	73	0.51985
71	73	1.5436
72	73	6.5992
7	74	0.58426
14	74	0.55094
15	74	0.60985
19	74	0.52919
20	74	1.0245
21	74	0.57151
23	74	0.58923
24	74	0.53237
42	74	1.6143
43	74	0.48428
44	74	0.48096
47	74	0.48713
49	74	0.9116
58	74	0.48844
59	74	0.4805
60	74	0.51736
62	74	1.0234
64	74	1.001
65	74	0.48125
69	74	1.022
70	74	0.51287
71	74	3.558
72	74	2.724
73	74	2.2328
6	75	0.5036
7	75	0.52135
17	75	0.5129
21	75	1.0182
22	75	0.5098
25	75	0.46809
26	75	0.51128
39	75	0.52592
40	75	1.4387
42	75	0.94729
43	75	0.426
44	75	2.1151
45	75	0.4304
46	75	0.46606
47	75	0.42876
48	75	0.45032
58	75	1.293
60	75	0.91535
62	75	0.45277
63	75	1.7067
64	75	0.44273
65	75	0.42459
66	75	0.85358
67	75	0.95398
70	75	0.45332
71	75	1.7959
72	75	0.96845
73	75	2.4841
74	75	12.228
5	76	0.56017
7	76	0.54315
12	76	1.076
13	76	0.51565
19	76	1.4674
20	76	1.4182
24	76	0.4922
42	76	0.99029
43	76	0.44517
45	76	0.89985
46	76	0.48718
47	76	1.344
48	76	0.94124
58	76	0.9002
59	76	0.88496
60	76	1.9111
62	76	0.47256
63	76	1.3363
64	76	0.92413
65	76	1.7735
66	76	2.6741
67	76	0.99579
68	76	1.0197
70	76	0.47321
71	76	4.2193
72	76	1.5146
73	76	2.5893
74	76	9.6957
75	76	17.546
4	77	0.54944
9	77	0.55554
24	77	0.49584
25	77	0.98532
26	77	1.0737
28	77	0.50062
33	77	0.49581
38	77	0.53559
40	77	1.0083
41	77	0.90479
58	77	0.45361
59	77	0.44602
60	77	0.48125
62	77	0.95215
63	77	0.89765
64	77	0.93108
65	77	0.89381
66	77	1.3477
67	77	0.50161
68	77	0.5134
69	77	0.95148
70	77	0.47696
71	77	1.8896
72	77	0.50835
73	77	0.52133
74	77	4.1131
75	77	14.066
76	77	8.0557
7	78	0.59718
18	78	0.60151
20	78	0.52637
22	78	0.58506
24	78	0.54635
34	78	0.57086
43	78	0.99938
49	78	0.47107
58	78	0.50228
62	78	0.52536
63	78	0.49635
64	78	0.51412
68	78	0.56343
69	78	0.52428
70	78	1.055
71	78	1.0446
72	78	0.5579
73	78	1.7133
74	78	2.8313
75	78	5.0429
76	78	2.1024
77	78	8.9947
13	79	0.59108
22	79	0.60689
25	79	1.1321
71	79	0.5432
74	79	1.1755
75	79	1.5721
77	79	0.54978
78	79	4.8104
4	80	0.59953
6	80	0.57886
15	80	0.62402
22	80	1.1693
24	80	0.54604
28	80	1.1007
30	80	0.54674
60	80	0.53083
72	80	0.55777
73	80	0.57099
74	80	0.56566
76	80	2.1
77	80	1.0572
78	80	1.1581
79	80	9.0102
9	81	0.59271
10	81	0.59066
16	81	1.1363
18	81	0.58592
20	81	0.50958
21	81	1.1407
28	81	0.53485
31	81	0.5309
34	81	0.55588
36	81	0.57592
41	81	0.48477
61	81	0.52683
62	81	0.50895
67	81	1.0733
68	81	0.54822
70	81	0.51041
71	81	1.0109
72	81	0.5427
73	81	0.55637
75	81	1.4587
76	81	0.50777
77	81	2.0465
78	81	1.6941
79	81	2.9356
80	81	7.9011
10	82	0.60028
12	82	0.58989
17	82	0.58528
21	82	1.1616
23	82	0.59832
24	82	0.54188
25	82	1.0788
32	82	1.6623
33	82	1.0829
34	82	1.1337
48	82	0.52108
63	82	0.49233
67	82	0.54868
70	82	0.52213
71	82	0.5179
73	82	0.56778
75	82	0.49832
76	82	0.51969
77	82	2.0944
78	82	2.3031
80	82	4.5995
81	82	5.04
28	83	0.5755
35	83	0.63449
70	83	0.55049
72	83	0.5835
77	83	0.55232
78	83	0.6062
80	83	0.60566
81	83	3.545
82	83	1.8049
12	84	1.1525
13	84	0.55245
22	84	0.56831
28	84	1.0674
32	84	0.54115
35	84	0.58916
38	84	0.56882
59	84	0.47773
61	84	0.52588
62	84	1.017
63	84	0.47999
65	84	0.47853
68	84	0.5466
69	84	0.50773
70	84	0.51012
71	84	0.50516
72	84	1.0824
77	84	1.5342
78	84	1.125
79	84	1.1683
80	84	1.1243
81	84	2.1866
82	84	2.7906
83	84	1.1763
4	85	1.0869
8	85	0.53389
11	85	0.51806
13	85	0.51407
16	85	0.52704
17	85	0.53279
21	85	0.52906
23	85	0.54617
24	85	0.49153
26	85	0.5318
28	85	0.49611
33	85	0.4912
35	85	0.54938
38	85	0.52993
40	85	0.99986
42	85	0.49561
62	85	0.47193
63	85	0.44509
67	85	0.49719
68	85	0.50848
70	85	0.94684
71	85	0.93685
73	85	0.51607
74	85	0.50985
75	85	0.45086
76	85	0.94124
77	85	0.47419
78	85	2.095
80	85	0.52355
81	85	1.5213
82	85	1.558
83	85	3.8294
84	85	7.6016
6	86	0.55788
7	86	0.5758
10	86	0.58281
18	86	1.158
24	86	0.52559
25	86	0.52374
30	86	0.52619
31	86	1.0521
32	86	0.53731
38	86	0.56415
43	86	0.47977
48	86	1.0129
62	86	0.5051
67	86	0.53193
68	86	1.0851
69	86	0.50422
70	86	1.0143
75	86	0.48427
76	86	1.0099
78	86	1.1162
80	86	0.55796
81	86	1.0857
82	86	1.109
83	86	1.1674
84	86	2.7069
85	86	6.0421
6	87	1.1697
18	87	0.608
19	87	0.54559
20	87	0.52741
35	87	0.61439
41	87	0.50149
44	87	0.49419
60	87	0.53289
61	87	0.54541
65	87	1.4832
71	87	0.52328
73	87	0.57644
75	87	0.50289
77	87	0.5296
78	87	0.58519
79	87	0.60888
80	87	0.58482
84	87	0.56633
85	87	3.149
86	87	2.8111
19	88	0.52838
22	88	0.57332
33	88	1.0622
34	88	0.55803
43	88	0.48167
58	88	0.97204
62	88	0.51003
66	88	0.96227
69	88	0.50931
73	88	0.55854
74	88	0.5519
77	88	1.5378
78	88	0.56706
83	88	0.59379
85	88	1.0163
87	88	0.57066
14	89	0.50782
17	89	0.53132
18	89	1.0814
21	89	1.055
24	89	0.48985
28	89	0.49452
32	89	0.50134
33	89	0.48971
41	89	0.44734
47	89	0.89384
58	89	0.44829
60	89	0.95057
64	89	0.46003
68	89	1.014
69	89	0.46996
71	89	0.46675
74	89	1.016
75	89	1.3463
76	89	2.3427
77	89	1.8889
78	89	1.0447
79	89	0.54285
82	89	0.51737
83	89	1.6359
84	89	1.0102
85	89	0.93712
86	89	2.0083
87	89	2.6145
88	89	1.5187
10	90	0.52899
16	90	0.50854
17	90	0.51403
18	90	0.52244
19	90	0.47001
20	90	0.45405
23	90	0.52718
24	90	0.4729
25	90	0.46942
28	90	0.4777
31	90	0.47435
41	90	0.43067
43	90	0.42739
44	90	0.42441
58	90	1.7286
59	90	0.84963
60	90	0.45877
62	90	0.4539
64	90	0.44385
66	90	0.42799
67	90	0.95641
68	90	0.49012
69	90	0.90752
71	90	2.2507
72	90	0.4853
73	90	0.49787
74	90	1.4712
75	90	2.1597
76	90	2.7076
77	90	4.0954
78	90	1.0107
79	90	0.52524
80	90	0.50487
82	90	0.49966
83	90	1.5811
84	90	0.48789
85	90	1.3561
86	90	0.9707
88	90	0.97602
89	90	15.75
14	91	0.56237
32	91	0.55582
34	91	0.56845
40	91	0.55275
42	91	0.55076
47	91	0.49908
49	91	0.46771
63	91	0.98795
67	91	0.55054
70	91	0.5245
71	91	1.0394
73	91	0.56901
74	91	0.56333
75	91	2.0042
77	91	0.52604
78	91	0.57708
80	91	0.57659
81	91	0.56196
82	91	0.57266
84	91	0.55994
85	91	1.0424
86	91	1.1118
87	91	1.7471
88	91	1.1285
89	91	3.1172
90	91	5.0223
6	92	0.60441
14	92	0.58974
17	92	0.61442
19	92	0.56777
22	92	0.61002
24	92	0.57103
25	92	0.56969
39	92	0.62725
45	92	0.52915
67	92	0.5785
73	92	0.59627
75	92	0.52778
78	92	1.209
81	92	1.1816
83	92	0.63271
84	92	1.7628
85	92	0.54799
86	92	0.583
88	92	0.59393
89	92	1.6393
90	92	1.0579
91	92	4.816
7	93	0.60926
11	93	0.58532
15	93	0.63765
19	93	0.55514
22	93	0.59701
23	93	0.6144
24	93	1.1165
25	93	0.55679
33	93	0.55716
36	93	0.60217
40	93	0.56746
66	93	0.50911
70	93	0.53902
72	93	1.1397
73	93	1.1664
81	93	1.1545
82	93	0.58751
85	93	1.6064
86	93	0.57008
87	93	0.59838
89	93	0.53398
90	93	0.51675
91	93	0.58902
92	93	3.6985
7	94	0.55148
14	94	0.51973
22	94	0.53975
28	94	0.50611
30	94	0.50221
31	94	0.50245
58	94	0.4595
60	94	0.48673
62	94	0.96345
65	94	0.45296
70	94	0.48317
72	94	0.5135
78	94	0.53405
79	94	0.55486
81	94	1.0351
84	94	0.51697
85	94	1.92
86	94	0.51361
87	94	0.53573
89	94	0.95661
90	94	1.3847
91	94	1.0628
92	94	2.2334
93	94	3.8203
6	95	0.54382
7	95	0.56168
10	95	0.56868
14	95	0.53044
28	95	0.51624
30	95	0.51241
31	95	0.5124
33	95	0.5111
36	95	0.55475
38	95	1.1002
41	95	0.46933
43	95	0.46659
67	95	0.51788
70	95	0.49368
71	95	1.465
72	95	0.52339
73	95	0.5362
74	95	0.53089
77	95	0.49476
79	95	1.131
80	95	0.54404
84	95	1.5822
85	95	0.49006
86	95	0.52353
87	95	0.54714
88	95	1.0599
90	95	1.4163
92	95	0.56886
93	95	5.0042
94	95	9.501
9	96	0.61111
16	96	1.1748
18	96	0.60651
21	96	0.58956
22	96	0.58977
30	96	0.55179
42	96	0.55884
46	96	0.55011
70	96	0.53194
72	96	0.5628
83	96	0.61111
84	96	1.1346
89	96	0.52694
90	96	0.50975
92	96	1.2181
93	96	1.1921
94	96	1.0774
95	96	7.1373
10	97	0.61412
17	97	1.1987
18	97	0.61207
20	97	0.53584
24	97	0.55608
36	97	0.60032
61	97	1.1052
67	97	0.56324
68	97	0.57363
70	97	0.53628
71	97	0.53212
72	97	0.56827
73	97	0.58172
82	97	0.58445
84	97	0.57242
86	97	1.1369
89	97	0.53153
92	97	0.6142
93	97	0.60141
94	97	1.0871
95	97	2.2179
96	97	5.9398
10	98	0.56941
19	98	0.5096
20	98	0.49302
24	98	0.51243
25	98	0.51014
26	98	0.55354
30	98	0.51308
43	98	0.46664
60	98	0.4974
64	98	0.48167
70	98	0.494
71	98	0.97789
72	98	0.52424
73	98	0.53713
74	98	0.53131
80	98	1.0895
81	98	0.52901
82	98	0.54078
84	98	0.52802
85	98	0.49064
88	98	0.53049
90	98	0.94459
92	98	1.7086
93	98	1.1136
94	98	1.5018
95	98	2.0428
96	98	1.0995
97	98	3.8837
8	99	0.59225
59	99	0.49682
75	99	0.50681
80	99	0.58166
82	99	0.5786
85	99	1.0523
86	99	0.56053
90	99	0.50786
94	99	1.073
95	99	1.0929
96	99	1.1736
97	99	1.1852
98	99	5.4744
12	100	0.60297
13	100	1.1559
17	100	0.59833
24	100	0.55428
25	100	0.55264
30	100	0.55494
33	100	0.55325
38	100	0.59453
39	100	1.2239
43	100	0.50615
61	100	0.55059
63	100	0.50298
70	100	0.53481
72	100	0.56624
85	100	0.53106
86	100	0.56644
89	100	0.52958
90	100	0.51205
91	100	0.58598
93	100	0.60077
94	100	0.54162
96	100	1.78
97	100	0.59908
98	100	2.7644
99	100	5.9085
7	101	0.60657
10	101	0.61356
12	101	0.60329
17	101	0.59847
24	101	0.55555
33	101	0.55449
47	101	0.51106
72	101	0.56718
73	101	1.161
75	101	0.51303
77	101	0.53816
85	101	0.5328
89	101	1.0627
93	101	1.802
94	101	0.54311
95	101	0.55334
97	101	0.59879
98	101	2.2165
99	101	1.1825
100	101	5.3817
13	102	0.56435
17	102	1.1682
21	102	0.57999
22	102	0.58021
24	102	0.54124
25	102	0.53947
26	102	0.58377
28	102	0.54561
36	102	0.58528
38	102	0.58057
40	102	0.55037
41	102	0.49729
43	102	0.49428
60	102	0.52578
65	102	0.49019
66	102	0.49273
69	102	1.0387
74	102	0.56102
76	102	0.52017
77	102	0.52375
81	102	0.55934
84	102	0.55741
86	102	1.1064
89	102	0.51717
90	102	0.50004
91	102	0.57207
94	102	0.52894
95	102	1.0783
96	102	0.57926
97	102	0.58469
99	102	1.1539
100	102	1.7497
101	102	3.5028
11	103	0.57656
12	103	0.59703
18	103	0.60488
28	103	0.5536
30	103	1.0999
32	103	1.1228
44	103	0.49848
47	103	1.0092
62	103	0.52823
66	103	0.50031
68	103	0.5666
69	103	0.52721
73	103	0.57445
74	103	0.56913
75	103	1.0131
77	103	0.53167
78	103	0.5826
83	103	0.60955
85	103	1.0531
87	103	0.58849
89	103	1.05
90	103	0.50771
94	103	0.53685
95	103	0.5472
97	103	0.59266
98	103	1.6438
99	103	2.3409
100	103	1.1834
101	103	2.3678
102	103	3.4658
15	104	1.1966
19	104	1.0394
21	104	0.56087
25	104	0.52041
32	104	1.069
44	104	0.47298
61	104	0.51949
62	104	1.0048
64	104	0.98302
65	104	0.47284
66	104	0.95057
67	104	1.058
70	104	0.5039
71	104	0.99807
73	104	0.54766
77	104	0.50511
78	104	1.1111
84	104	1.6154
85	104	2.5032
86	104	0.53477
87	104	1.118
88	104	1.6244
89	104	0.99797
90	104	0.96398
91	104	1.1059
95	104	1.042
98	104	0.52159
99	104	0.55811
100	104	2.8189
101	104	0.56471
103	104	5.585
17	105	0.52682
18	105	1.0721
19	105	0.48298
20	105	0.93375
21	105	0.52307
24	105	0.97158
25	105	0.48285
40	105	0.49398
42	105	2.4461
43	105	0.44066
58	105	0.44462
60	105	0.47132
61	105	1.4493
62	105	0.93293
64	105	0.45628
67	105	0.98265
68	105	0.50277
71	105	2.3144
72	105	1.4934
74	105	1.0075
75	105	3.5611
76	105	0.46469
77	105	0.46833
78	105	1.5539
80	105	0.51762
85	105	0.46471
86	105	0.49789
87	105	0.51833
89	105	1.3887
90	105	1.7854
91	105	0.51518
93	105	0.52947
95	105	0.48456
96	105	1.045
98	105	0.97
100	105	2.1003
101	105	0.52686
102	105	0.51282
103	105	3.1234
104	105	6.433
6	106	0.52213
12	106	0.53493
15	106	0.56189
17	106	0.53155
18	106	1.6224
19	106	0.4871
21	106	0.52767
22	106	1.0565
24	106	0.49004
25	106	0.4869
39	106	1.6337
41	106	0.89473
42	106	0.98656
44	106	0.44106
45	106	0.44878
46	106	0.48546
58	106	0.44854
59	106	0.88218
61	106	0.48738
63	106	0.44387
64	106	0.46031
65	106	1.768
67	106	0.49567
68	106	0.50729
70	106	0.47154
71	106	0.46699
72	106	0.50234
75	106	1.7948
76	106	0.93693
77	106	0.94444
78	106	0.52269
83	106	1.0907
85	106	0.46879
87	106	0.52294
89	106	0.93371
90	106	0.89998
91	106	0.51966
92	106	0.54651
93	106	0.53417
94	106	0.4785
99	106	1.0504
100	106	1.5896
101	106	0.53156
104	106	1.4974
105	106	12.502
13	107	1.05
18	107	0.55401
20	107	0.48215
21	107	0.54018
36	107	0.54556
41	107	0.45822
42	107	1.0115
43	107	0.45496
48	107	0.96168
59	107	0.45158
60	107	0.48692
64	107	0.47112
65	107	0.45247
66	107	0.45483
68	107	0.51922
71	107	0.47814
74	107	0.52028
75	107	1.3789
76	107	1.4398
77	107	1.9348
78	107	0.53495
86	107	0.51418
89	107	0.95606
90	107	0.4609
91	107	0.53205
101	107	0.54411
102	107	0.52967
103	107	1.613
104	107	0.511
105	107	4.7408
106	107	8.1278
20	108	0.46885
22	108	0.52652
28	108	0.98559
30	108	0.48878
32	108	0.49961
33	108	0.48801
40	108	0.49628
43	108	0.44202
44	108	0.43896
45	108	0.44668
46	108	0.48345
48	108	0.46717
49	108	0.41516
58	108	1.3392
59	108	1.3168
60	108	1.4206
62	108	0.46854
63	108	0.8834
64	108	0.4582
65	108	1.7594
66	108	0.44215
68	108	0.50538
69	108	0.46822
70	108	0.46952
71	108	0.46488
75	108	0.44661
76	108	1.3993
77	108	0.47018
78	108	0.52085
84	108	0.50337
87	108	0.52102
88	108	0.5043
90	108	2.2394
93	108	0.53249
94	108	0.47646
96	108	0.5254
103	108	0.52341
104	108	0.49724
105	108	4.6097
106	108	5.5781
107	108	7.141
20	109	0.53107
34	109	1.7283
41	109	0.50673
58	109	1.5208
59	109	0.49893
65	109	0.49958
68	109	0.56877
69	109	0.52934
71	109	1.0543
74	109	1.7131
75	109	1.5246
76	109	0.52975
77	109	3.7343
80	109	0.58427
82	109	0.58029
87	109	0.59075
88	109	0.57243
89	109	0.52687
90	109	0.5094
101	109	0.59411
102	109	1.1597
104	109	0.56049
105	109	2.0897
106	109	4.7424
107	109	2.6978
108	109	9.9795
19	110	0.55285
20	110	1.071
34	110	0.58112
41	110	1.022
45	110	0.51362
59	110	0.50297
61	110	0.55235
64	110	0.52307
66	110	0.50625
69	110	0.5336
70	110	0.53642
73	110	0.58159
76	110	0.5344
77	110	0.53811
82	110	0.58571
85	110	1.0658
86	110	1.7046
90	110	1.0275
93	110	0.60212
96	110	1.1894
98	110	0.55463
103	110	0.59315
104	110	1.6961
105	110	0.52682
106	110	2.1259
108	110	1.5892
109	110	2.3812
7	111	0.58948
11	111	0.56523
13	111	0.56083
17	111	0.58088
19	111	0.53363
20	111	0.5164
26	111	0.58006
30	111	0.5376
32	111	0.54914
41	111	0.49164
46	111	0.53411
47	111	0.49106
48	111	0.51591
49	111	1.378
58	111	0.49228
59	111	0.48425
61	111	1.6006
62	111	0.51583
64	111	0.50448
65	111	0.485
70	111	1.0342
71	111	1.0248
72	111	1.0987
75	111	0.98611
76	111	0.51455
77	111	0.51841
79	111	1.1862
80	111	0.57062
83	111	0.59722
85	111	0.51396
88	111	0.55678
90	111	1.483
100	111	0.57977
101	111	1.1612
105	111	1.0156
106	111	1.5365
107	111	1.0492
108	111	2.0411
109	111	3.4567
110	111	5.8128
10	112	0.61276
11	112	0.58116
14	112	0.5734
17	112	0.59737
19	112	0.55126
21	112	0.59318
31	112	0.55434
34	112	0.57895
35	112	1.2294
43	112	0.50706
44	112	0.50368
48	112	0.53521
60	112	1.077
61	112	0.55049
64	112	1.043
65	112	0.50245
71	112	1.5896
72	112	0.5658
73	112	1.7375
74	112	0.57445
75	112	0.5117
77	112	1.0737
78	112	0.58743
79	112	0.60982
80	112	0.58723
86	112	0.56601
89	112	0.52995
90	112	1.0256
95	112	0.55184
99	112	0.58997
100	112	0.59668
101	112	0.59695
103	112	0.59087
104	112	1.127
105	112	2.1019
106	112	0.53028
110	112	1.7949
111	112	4.6356
4	113	0.58675
8	113	0.57669
11	113	0.55989
18	113	1.1736
19	113	1.0574
21	113	0.5712
36	113	0.5767
41	113	0.48707
42	113	0.53763
44	113	0.48038
45	113	0.9783
46	113	2.1162
47	113	0.97308
48	113	0.5111
49	113	0.91029
58	113	0.97533
59	113	0.95948
60	113	1.5497
62	113	0.51099
63	113	1.4465
64	113	0.49978
65	113	2.4026
66	113	0.48301
67	113	0.53834
69	113	0.51027
71	113	1.5227
72	113	0.54421
74	113	1.6539
76	113	0.50978
77	113	0.51359
79	113	0.58758
81	113	1.0989
86	113	1.0887
88	113	0.55135
89	113	0.50736
90	113	0.48978
91	113	1.126
92	113	0.59109
94	113	0.51944
95	113	0.5302
98	113	0.53071
102	113	1.1211
103	113	1.1375
105	113	0.50309
106	113	1.0149
107	113	0.51971
108	113	4.0442
109	113	1.1415
110	113	1.1516
111	113	3.3365
112	113	2.87
11	114	0.54319
15	114	0.59147
19	114	1.0249
20	114	0.4956
21	114	0.5544
25	114	0.51282
34	114	0.54046
41	114	0.94292
43	114	0.46821
44	114	0.92998
45	114	0.9467
46	114	1.0242
47	114	0.47099
49	114	1.3207
59	114	0.92887
60	114	1.0008
61	114	0.51241
63	114	1.4008
64	114	1.4525
66	114	0.46771
67	114	0.52165
69	114	0.49448
71	114	0.98312
73	114	0.54102
74	114	0.53454
75	114	0.47291
76	114	0.98732
77	114	0.49742
78	114	0.54902
80	114	1.0973
81	114	0.5323
83	114	0.57378
85	114	1.4798
87	114	1.1027
90	114	2.3708
94	114	0.50338
100	114	0.557
103	114	0.55189
104	114	0.52484
105	114	0.48736
106	114	0.49157
107	114	2.0138
108	114	2.4479
109	114	0.55389
110	114	1.6761
111	114	0.53906
112	114	2.785
113	114	9.612
9	115	0.55501
19	115	0.98725
20	115	0.47728
24	115	0.49646
33	115	0.49619
39	115	0.55111
41	115	0.45389
42	115	0.50056
43	115	0.90169
44	115	0.44778
45	115	0.45559
47	115	0.90702
48	115	0.47624
49	115	1.6954
58	115	1.3639
59	115	0.89443
60	115	0.48175
62	115	0.47678
63	115	2.6984
64	115	0.93275
65	115	1.3444
66	115	0.90094
67	115	1.0044
68	115	0.51356
69	115	0.47631
71	115	1.4198
72	115	0.50849
74	115	0.51481
75	115	0.45536
76	115	2.8517
77	115	0.47893
81	115	0.51224
85	115	0.47504
89	115	0.47329
90	115	1.3697
91	115	0.52624
94	115	0.96968
95	115	0.49508
96	115	0.53359
101	115	0.53798
102	115	0.52382
103	115	0.53169
104	115	0.5056
105	115	2.8164
106	115	3.7876
107	115	2.4236
108	115	0.9428
109	115	3.7353
110	115	0.53812
111	115	3.1141
112	115	1.6098
113	115	5.6561
114	115	7.9712
4	116	1.0876
6	116	0.5236
9	116	0.5499
13	116	0.5144
14	116	0.50971
16	116	0.5273
18	116	1.085
20	116	0.94553
26	116	0.53192
32	116	0.50322
34	116	0.5159
36	116	0.53441
38	116	0.53031
40	116	0.50008
41	116	0.44951
42	116	0.4956
44	116	2.2172
46	116	0.97561
47	116	0.44913
48	116	0.94316
58	116	0.45033
59	116	0.44297
60	116	0.47722
61	116	0.48901
62	116	0.47231
63	116	0.89106
64	116	0.92402
65	116	0.4439
67	116	0.49745
68	116	1.0176
69	116	0.47188
71	116	1.4063
74	116	0.50992
75	116	0.45097
76	116	0.94139
77	116	0.47432
80	116	0.52373
86	116	0.50388
89	116	0.46879
90	116	0.45217
91	116	0.52133
92	116	0.54803
95	116	0.49048
97	116	0.53327
101	116	0.53301
102	116	1.0379
105	116	0.92992
107	116	0.96018
108	116	1.4007
109	116	0.52863
110	116	1.5992
111	116	2.0563
113	116	1.5279
114	116	5.428
115	116	7.1294
15	117	0.58237
18	117	0.56045
22	117	0.54665
26	117	0.54923
28	117	0.51269
33	117	0.50774
39	117	0.56333
41	117	0.46498
43	117	0.92376
58	117	1.3969
59	117	1.3742
60	117	0.49324
65	117	0.45895
66	117	0.92267
67	117	0.51411
71	117	0.48462
72	117	0.52019
75	117	1.8659
76	117	0.97355
77	117	1.4713
78	117	0.54095
87	117	0.54299
89	117	0.4846
90	117	0.93535
91	117	0.53824
100	117	0.5487
101	117	0.55007
104	117	0.5173
106	117	0.96951
107	117	1.489
108	117	0.48275
109	117	0.54572
111	117	0.53119
112	117	1.6462
113	117	0.52623
114	117	5.1001
115	117	4.4209
116	117	12.164
15	118	0.59071
21	118	1.1077
24	118	0.51587
30	118	0.51652
39	118	0.57086
42	118	0.52139
43	118	0.93994
44	118	0.93363
46	118	0.51324
48	118	0.99242
59	118	0.46568
61	118	0.51271
62	118	0.99138
63	118	0.46792
66	118	0.46897
68	118	1.0658
70	118	0.99476
74	118	2.1392
75	118	1.4235
76	118	0.49493
77	118	0.99699
78	118	0.54844
81	118	0.53261
86	118	0.5278
89	118	0.49243
90	118	0.47564
91	118	0.54596
94	118	0.504
95	118	0.51412
99	118	0.55092
101	118	0.5576
102	118	0.54343
103	118	0.55142
104	118	0.52502
105	118	1.465
106	118	1.478
108	118	1.9628
111	118	2.1571
113	118	2.137
114	118	2.5899
115	118	4.9897
116	118	8.8976
117	118	10.722
