46	48	2.8422
41	49	0.83467
46	49	0.62245
48	49	6.022
41	50	0.92638
46	50	1.3566
48	50	3.5636
49	50	4.6952
46	51	0.60298
48	51	2.6596
49	51	3.2901
50	51	6.594
41	52	0.76292
48	52	4.0565
49	52	2.6868
50	52	1.9328
51	52	6.1144
41	53	0.76759
46	53	1.7367
48	53	3.5743
49	53	1.8043
50	53	1.9468
51	53	3.9593
52	53	9.2186
48	54	4.0619
49	54	3.5874
50	54	2.9032
51	54	0.87467
52	54	3.7484
53	54	9.6505
48	55	3.0715
49	55	3.6153
50	55	2.9267
51	55	1.7628
52	55	5.876
53	55	5.074
54	55	7.565
41	56	0.75012
46	56	0.56598
48	56	1.9965
49	56	5.2897
50	56	0.95112
51	56	4.3002
52	56	3.6852
53	56	4.1253
54	56	6.5602
55	56	13.222
48	57	1.6752
49	57	1.9714
50	57	1.0656
51	57	1.4395
52	57	4.1143
53	57	2.3021
54	57	2.7463
55	57	4.6145
56	57	8.101
52	59	1.5574
53	59	1.0454
54	59	0.51979
55	59	3.1446
56	59	1.0222
57	59	1.712
46	60	1.184
48	60	1.0442
49	60	0.92258
50	60	0.49788
51	60	0.44967
52	60	1.7134
53	60	1.7259
54	60	0.85779
55	60	1.7291
56	60	1.2651
57	60	2.352
59	60	8.0118
46	61	2.3626
48	61	2.0544
49	61	1.1971
51	61	0.57987
52	61	1.6571
53	61	2.2247
54	61	1.1062
55	61	3.9056
56	61	3.2609
57	61	4.8819
59	61	2.7948
60	61	13.656
48	63	0.58432
51	63	0.50039
52	63	0.47674
54	63	0.47737
55	63	0.96252
56	63	0.46928
59	63	0.59716
60	63	0.49084
61	63	1.9222
49	64	0.5026
50	64	0.54375
51	64	0.97814
56	64	0.91729
57	64	0.51172
59	64	0.58208
60	64	1.438
61	64	1.2467
63	64	12.305
49	65	0.53884
50	65	0.58521
51	65	0.52336
53	65	1.5059
56	65	1.9621
59	65	1.2539
60	65	1.0265
61	65	2.0276
63	65	4.0271
64	65	7.2861
46	67	1.6745
49	67	0.43437
52	67	1.6143
54	67	0.40413
56	67	0.39727
57	67	0.44393
59	67	0.50419
61	67	1.6075
63	67	1.8508
64	67	1.8099
65	67	3.3857
46	68	0.5636
48	68	0.49681
51	68	0.42784
53	68	0.41037
54	68	0.40786
56	68	1.6038
57	68	1.7911
59	68	1.5263
60	68	1.2585
61	68	1.0823
64	68	2.7379
65	68	3.9056
67	68	13.831
51	69	0.42591
52	69	0.81094
53	69	0.40852
55	69	0.81829
61	69	0.53881
63	69	0.92994
64	69	0.90899
67	69	4.3262
68	69	9.5282
50	70	0.63349
53	70	1.0809
54	70	0.53745
56	70	1.0561
60	70	0.55322
61	70	0.73725
63	70	0.62249
64	70	1.8192
65	70	1.3128
68	70	2.103
69	70	9.4196
51	71	0.43141
52	71	1.2325
55	71	0.41452
56	71	1.2133
57	71	0.45206
59	71	0.51339
60	71	1.27
61	71	2.1839
63	71	0.94237
64	71	1.8434
65	71	0.98543
67	71	3.5854
68	71	4.4254
69	71	5.2049
70	71	8.4794
46	72	0.5513
48	72	0.48534
50	72	0.92314
51	72	0.41752
52	72	0.79496
53	72	0.80108
54	72	0.39808
56	72	1.1737
57	72	1.3145
59	72	0.99577
60	72	0.81991
61	72	2.1157
63	72	0.45636
64	72	1.7874
65	72	0.95461
67	72	1.1552
68	72	1.9459
69	72	2.71
70	72	3.076
71	72	12.931
49	73	0.43697
50	73	0.47158
52	73	0.81238
53	73	0.4093
54	73	1.6272
55	73	1.2292
56	73	0.39981
57	73	0.4478
60	73	0.83792
61	73	1.6214
64	73	1.3702
65	73	0.97562
67	73	2.3609
68	73	4.3754
69	73	2.7696
70	73	2.095
71	73	2.4022
72	73	10.812
48	74	0.48436
49	74	0.42684
50	74	0.46051
51	74	1.2503
52	74	1.1905
53	74	1.5997
55	74	1.2009
56	74	0.3906
57	74	2.1881
59	74	0.49704
60	74	0.40941
61	74	0.52772
63	74	0.45558
64	74	1.3391
65	74	2.3823
67	74	1.153
68	74	2.3314
69	74	4.2513
70	74	2.045
71	74	4.3015
72	74	5.2774
73	74	10.781
48	75	0.48148
49	75	0.42464
50	75	0.45799
52	75	0.78959
53	75	0.79567
54	75	0.39538
57	75	0.43497
59	75	0.4939
60	75	0.40713
61	75	1.5726
64	75	0.88705
67	75	1.1475
68	75	1.9328
69	75	1.9228
70	75	1.5247
71	75	4.2816
72	75	7.8857
73	75	4.2197
74	75	16.105
48	76	0.50851
49	76	0.44752
50	76	0.48366
51	76	0.8729
53	76	0.41868
54	76	1.2484
55	76	1.2577
56	76	0.40894
59	76	0.52138
60	76	2.5713
64	76	0.46755
65	76	1.0007
68	76	2.0343
69	76	0.40475
70	76	1.0768
71	76	0.81938
72	76	2.767
73	76	5.2499
74	76	5.9133
75	76	6.2816
41	77	0.74084
48	77	0.98369
49	77	0.43389
51	77	0.84676
53	77	0.40614
54	77	0.40365
55	77	1.2201
56	77	2.3806
57	77	0.44366
59	77	0.50407
60	77	1.2462
61	77	2.6792
63	77	0.4624
64	77	0.90456
65	77	1.934
67	77	1.954
68	77	2.368
69	77	1.9638
70	77	3.6403
71	77	2.3867
72	77	7.686
73	77	5.4978
74	77	4.6022
75	77	5.7264
76	77	12.457
46	78	0.55773
49	78	0.43379
52	78	0.40305
53	78	0.4061
54	78	0.80723
55	78	0.40665
56	78	1.1902
57	78	0.88704
59	78	0.50376
60	78	0.41535
64	78	0.90422
65	78	0.48322
67	78	1.1724
68	78	1.184
69	78	0.39274
70	78	2.5982
71	78	4.3755
72	78	4.2276
73	78	0.78544
74	78	2.3013
75	78	5.727
76	78	2.4109
77	78	14.437
46	79	0.57809
50	79	0.96976
52	79	1.2508
55	79	0.84147
56	79	1.2313
60	79	0.85909
61	79	1.1104
64	79	0.93528
65	79	1.0011
67	79	1.2132
68	79	1.6331
69	79	1.6255
70	79	0.5391
71	79	0.82335
72	79	3.1843
73	79	1.6271
74	79	1.1919
75	79	2.7673
76	79	2.0814
77	79	6.0579
78	79	10.096
46	80	0.5732
49	80	0.44594
50	80	0.48129
51	80	0.43492
52	80	0.41414
54	80	0.4147
56	80	1.223
59	80	0.5173
60	80	0.42656
61	80	1.101
67	80	1.2053
68	80	1.2166
69	80	0.80735
70	80	2.6737
71	80	2.045
72	80	1.5824
73	80	2.4257
74	80	1.5798
75	80	2.3576
76	80	0.82723
77	80	3.6113
78	80	7.6233
79	80	17.435
41	81	0.76916
46	81	0.57973
51	81	0.44022
53	81	0.42244
55	81	0.42311
56	81	0.82562
61	81	0.55694
63	81	0.96134
65	81	0.50261
67	81	0.4068
68	81	0.41066
69	81	1.6351
70	81	0.54096
71	81	1.2422
72	81	1.2015
73	81	0.81843
74	81	2.3987
75	81	1.9889
76	81	1.256
77	81	3.6564
78	81	6.4999
79	81	7.5655
80	81	8.7676
55	82	0.4532
64	82	1.5056
65	82	0.53775
69	82	1.3143
70	82	1.1599
71	82	0.44407
72	82	0.86098
74	82	1.29
75	82	1.2823
78	82	1.3073
79	82	1.3515
80	82	1.3418
81	82	14.942
56	83	0.45764
63	83	0.53201
64	83	0.51912
67	83	0.45156
68	83	0.45537
69	83	0.45355
70	83	0.60061
74	83	0.89086
78	83	1.8047
79	83	0.46637
80	83	0.92591
81	83	5.623
82	83	14.496
52	84	0.44467
64	84	0.99468
67	84	0.43179
69	84	0.43377
70	84	0.57394
71	84	0.43954
73	84	0.87011
75	84	0.42285
78	84	1.7253
79	84	0.44601
80	84	0.44288
81	84	0.8966
82	84	3.3535
83	84	13.87
51	85	0.46454
54	85	0.44323
55	85	0.8936
67	85	0.43007
69	85	0.86379
70	85	0.57162
71	85	0.8758
76	85	0.44379
78	85	0.85939
81	85	0.44645
82	85	2.8596
83	85	3.4494
84	85	11.808
46	86	0.59011
55	86	0.43074
57	86	0.93836
64	86	0.47822
67	86	0.4142
68	86	0.83618
69	86	0.41619
74	86	0.40721
77	86	0.8274
78	86	0.41365
80	86	0.85011
81	86	0.86061
82	86	0.92145
83	86	1.4301
84	86	4.1058
85	86	9.0855
52	87	0.42572
54	87	0.42631
57	87	0.46813
59	87	1.0628
63	87	0.97625
64	87	0.95441
67	87	0.82597
69	87	0.41502
71	87	0.84072
76	87	0.42504
78	87	0.41241
79	87	0.42673
80	87	0.84777
81	87	0.85821
82	87	2.2984
83	87	2.3785
84	87	1.8204
85	87	5.8928
86	87	18.347
56	88	0.54001
63	88	0.6355
64	88	0.61798
65	88	0.6697
67	88	0.53267
68	88	0.53759
69	88	0.53544
71	88	0.54282
73	88	0.538
77	88	0.53277
78	88	1.0646
79	88	1.1033
80	88	1.0939
81	88	1.1069
82	88	3.5491
83	88	1.8365
84	88	2.9299
85	88	3.4959
86	88	7.8884
87	88	15.183
48	89	0.52004
52	89	0.85248
54	89	0.42681
59	89	0.53229
63	89	0.48885
65	89	0.51137
67	89	0.41356
68	89	0.83486
69	89	0.41554
71	89	0.42101
72	89	0.40734
75	89	1.6181
76	89	0.42593
77	89	0.41308
78	89	1.2391
79	89	1.7093
80	89	0.42442
81	89	2.1485
82	89	2.7608
83	89	2.8571
84	89	1.8225
85	89	2.7218
86	89	3.9369
87	89	5.2351
88	89	9.0132
49	90	0.48004
52	90	0.89127
53	90	0.44891
54	90	0.44626
57	90	0.4906
63	90	0.51192
64	90	1.0007
68	90	0.87299
69	90	0.43443
71	90	1.3198
75	90	0.84463
77	90	0.43165
78	90	0.43157
79	90	0.4468
80	90	1.3313
81	90	0.89825
82	90	1.444
83	90	1.9927
84	90	2.3822
86	90	0.91452
87	90	0.91189
88	90	4.7324
89	90	15.074
52	91	0.48108
61	91	0.64723
63	91	0.55361
67	91	0.46707
69	91	1.4078
71	91	0.95149
73	91	0.47131
75	91	0.45758
77	91	0.46689
78	91	0.93334
80	91	0.95852
81	91	0.48516
82	91	1.5556
85	91	1.0218
86	91	0.98767
87	91	0.98552
88	91	0.64151
89	91	6.4137
90	91	10.34
46	92	0.58269
51	92	0.44244
52	92	1.2641
55	92	0.42523
56	92	0.41483
60	92	0.43387
61	92	1.1197
63	92	0.96598
65	92	0.50503
67	92	0.81788
68	92	0.41266
69	92	2.0541
70	92	1.6323
71	92	0.83266
72	92	0.8059
73	92	2.059
75	92	2.001
76	92	0.42125
77	92	2.4509
78	92	1.2253
80	92	1.2588
81	92	2.5491
82	92	1.3642
83	92	0.47055
84	92	1.3511
85	92	0.89651
86	92	1.2974
88	92	0.55602
89	92	0.43183
90	92	2.7096
91	92	6.335
46	93	0.56618
48	93	0.99741
50	93	0.47486
51	93	2.1457
52	93	0.40855
53	93	0.82327
54	93	1.2274
55	93	0.82449
56	93	1.6086
57	93	0.89916
59	93	0.51093
60	93	2.1048
61	93	0.54356
63	93	0.93752
64	93	0.4583
67	93	0.79237
68	93	1.6001
70	93	1.0554
71	93	0.80661
73	93	1.9918
74	93	1.5563
75	93	1.1616
76	93	2.0381
77	93	1.1869
78	93	1.5824
79	93	1.6377
80	93	0.40673
82	93	0.44162
89	93	0.83743
90	93	0.43769
91	93	1.8929
92	93	4.554
41	94	0.73553
46	94	0.55394
48	94	0.48766
50	94	0.4638
51	94	0.41948
52	94	0.39936
53	94	1.6097
54	94	0.79992
55	94	0.80576
56	94	1.9654
57	94	1.7609
60	94	0.82377
61	94	0.5315
63	94	0.45853
64	94	0.44895
65	94	0.4796
69	94	0.38899
70	94	1.0304
71	94	0.39372
72	94	1.1394
74	94	1.1364
75	94	0.37733
76	94	1.9861
77	94	0.7723
78	94	0.38617
79	94	0.79989
85	94	0.4266
89	94	0.40927
91	94	0.46332
92	94	2.0243
93	94	14.1
46	95	0.56478
48	95	0.49673
49	95	0.43723
50	95	0.94408
51	95	0.42684
54	95	0.81432
55	95	1.6401
56	95	0.40009
57	95	1.7953
59	95	0.50988
60	95	0.41959
64	95	0.45797
65	95	0.97793
67	95	0.39348
68	95	0.39807
70	95	0.52451
71	95	1.6012
72	95	2.313
73	95	0.39367
74	95	0.38417
75	95	0.766
76	95	0.80663
77	95	1.1777
78	95	0.78523
80	95	1.2136
81	95	0.8188
89	95	1.2497
91	95	0.47253
92	95	2.4735
93	95	4.7807
94	95	12.397
48	96	0.48011
49	96	0.84723
51	96	1.2405
52	96	1.5744
54	96	0.78833
55	96	2.7798
56	96	1.5497
57	96	0.86647
60	96	1.217
61	96	2.0906
64	96	0.44162
65	96	0.94368
67	96	0.76316
68	96	0.77073
69	96	1.1505
70	96	1.0145
71	96	0.38839
72	96	0.37515
73	96	2.6835
74	96	0.74876
75	96	1.1181
76	96	1.961
77	96	0.7619
78	96	0.76194
79	96	0.3943
80	96	1.1754
86	96	0.808
89	96	0.80671
92	96	1.1967
93	96	6.9526
94	96	8.293
95	96	10.729
46	97	1.1411
48	97	0.50307
49	97	1.7767
52	97	0.82534
53	97	1.2473
54	97	0.41324
55	97	1.6655
56	97	0.40625
60	97	0.85023
61	97	0.54796
63	97	2.3653
67	97	1.2008
68	97	1.2124
69	97	1.2067
70	97	1.0642
71	97	0.81486
72	97	0.39392
73	97	1.2075
74	97	0.3932
75	97	0.78258
76	97	0.82361
77	97	1.1991
78	97	1.9985
79	97	0.82714
80	97	0.41085
81	97	0.83194
82	97	0.4458
85	97	0.87913
87	97	0.42228
88	97	0.54465
89	97	1.2686
90	97	0.44194
91	97	0.47753
92	97	2.9269
93	97	2.026
94	97	1.979
95	97	6.8441
96	97	13.271
48	98	0.48739
51	98	0.83967
52	98	0.79946
53	98	0.40277
55	98	0.80658
57	98	0.4399
59	98	0.49957
60	98	0.41196
63	98	0.45834
64	98	0.44842
65	98	0.47911
67	98	1.1626
68	98	0.3914
69	98	0.38949
70	98	0.515
71	98	0.39445
72	98	1.1431
73	98	1.168
74	98	0.7605
75	98	1.1357
76	98	0.79668
77	98	0.77383
78	98	1.5477
80	98	0.79582
81	98	1.2086
82	98	1.2968
83	98	0.44756
85	98	0.85252
86	98	1.2307
87	98	0.81797
88	98	0.52772
89	98	1.6385
90	98	0.42792
91	98	2.7768
92	98	6.4815
93	98	2.7461
94	98	1.5315
95	98	2.335
96	98	2.2667
97	98	15.459
46	99	0.55924
52	99	0.40401
54	99	0.4046
56	99	0.39768
57	99	0.44496
64	99	0.4537
65	99	0.48462
67	99	1.1746
68	99	0.79123
69	99	0.78721
70	99	1.0411
71	99	0.79688
74	99	0.38366
75	99	1.1463
77	99	0.78166
78	99	0.39085
79	99	1.6186
80	99	0.80428
83	99	0.45267
84	99	1.2976
88	99	1.0682
89	99	0.41399
90	99	0.86459
91	99	0.4682
92	99	2.8665
93	99	1.1891
94	99	1.5458
95	99	1.1773
96	99	2.671
97	99	2.8034
98	99	17.052
52	100	0.83275
56	100	0.40982
60	100	0.42931
61	100	1.1109
63	100	0.47834
65	100	0.50066
67	100	1.2105
68	100	1.6309
69	100	0.81133
71	100	0.82134
72	100	1.5858
74	100	0.39544
75	100	0.78752
76	100	0.82947
77	100	0.40282
78	100	1.2084
79	100	1.2515
80	100	0.41449
81	100	0.83915
84	100	0.44579
86	100	0.4273
87	100	0.42593
89	100	1.2803
91	100	1.9331
92	100	0.84412
93	100	1.6342
94	100	1.5935
95	100	1.6185
96	100	1.5729
97	100	1.651
98	100	6.7892
99	100	13.71
52	101	0.41426
55	101	0.41798
56	101	0.40778
57	101	0.45601
60	101	0.85383
61	101	0.55133
63	101	0.47538
65	101	0.99455
67	101	0.80331
69	101	0.4037
70	101	1.0701
73	101	0.8072
75	101	0.78471
76	101	1.2393
77	101	1.2031
79	101	0.83024
80	101	1.2372
86	101	0.42514
87	101	0.42386
89	101	0.42455
91	101	0.48004
92	101	2.0991
93	101	2.8465
94	101	0.79382
95	101	1.614
96	101	1.9578
97	101	0.82159
98	101	3.1813
99	101	6.4267
100	101	19.047
49	102	0.45682
52	102	0.42466
54	102	0.85055
57	102	0.4673
60	102	0.43761
65	102	0.5093
67	102	0.82353
68	102	0.83193
69	102	0.82784
71	102	0.83802
72	102	0.80965
74	102	0.80775
75	102	1.6084
77	102	0.41112
79	102	0.42551
80	102	0.42279
87	102	0.4343
88	102	0.56106
89	102	0.43512
90	102	2.272
91	102	1.9673
92	102	1.7214
93	102	0.41688
94	102	0.81352
96	102	0.40146
97	102	0.42105
98	102	6.5223
99	102	5.3509
100	102	4.2426
101	102	8.8714
46	103	0.58827
52	103	0.42468
55	103	0.85704
60	103	0.43751
61	103	0.5652
64	103	0.95264
65	103	0.50972
68	103	0.83182
69	103	0.41395
71	103	0.41927
72	103	1.6214
73	103	0.41416
75	103	1.2078
77	103	0.41135
79	103	0.42567
80	103	0.84567
81	103	2.1402
84	103	0.90827
88	103	1.1234
89	103	0.43523
90	103	0.90981
91	103	1.9676
92	103	1.291
95	103	0.82849
96	103	0.40164
97	103	0.84242
98	103	2.0394
99	103	3.7086
100	103	0.4248
101	103	4.6504
102	103	11.263
53	104	0.40892
54	104	0.81283
55	104	0.40952
57	104	0.89331
63	104	0.46571
64	104	0.91066
65	104	0.48706
67	104	1.5742
68	104	0.79474
69	104	0.39548
70	104	0.52428
71	104	0.40062
72	104	0.77436
73	104	0.39568
74	104	0.77288
75	104	1.5384
76	104	0.40488
77	104	0.39297
78	104	0.78592
80	104	1.6161
81	104	0.81822
86	104	0.83316
87	104	0.83072
88	104	1.6104
90	104	0.86963
91	104	0.47015
92	104	1.2338
93	104	1.1953
94	104	0.77808
96	104	1.151
97	104	2.0126
98	104	2.338
99	104	0.78741
100	104	2.435
101	104	2.4236
102	104	5.7978
103	104	11.186
46	105	0.57969
53	105	0.42223
60	105	0.43157
64	105	0.93877
65	105	0.50236
68	105	0.82086
69	105	0.8172
70	105	0.54118
71	105	0.82812
72	105	0.4007
73	105	0.81901
74	105	1.2003
75	105	0.39797
77	105	0.40625
78	105	0.40621
79	105	0.84038
80	105	1.252
81	105	1.2677
82	105	0.45238
83	105	0.46815
84	105	0.89603
86	105	0.43016
87	105	1.2871
88	105	2.2125
89	105	1.2886
90	105	2.2458
91	105	1.4543
92	105	2.1229
93	105	0.41174
96	105	0.7934
97	105	0.41587
98	105	2.0144
99	105	1.629
100	105	1.6789
101	105	1.6701
102	105	3.8522
103	105	4.708
104	105	13.498
48	106	0.4967
52	106	0.40715
63	106	0.93392
65	106	0.48825
69	106	0.79358
70	106	0.52539
71	106	0.80388
73	106	0.39703
74	106	0.77559
75	106	2.7015
76	106	0.40621
78	106	0.39428
79	106	0.40802
80	106	0.81068
81	106	0.41042
82	106	0.88009
83	106	0.45556
85	106	0.86771
86	106	1.2537
88	106	0.53786
89	106	0.41726
90	106	0.43612
91	106	0.47138
92	106	2.0628
93	106	0.79946
94	106	0.78076
95	106	0.39707
96	106	0.38498
97	106	1.2115
98	106	1.173
99	106	1.5802
100	106	2.0358
101	106	0.81052
102	106	1.6618
103	106	2.4936
104	106	5.1619
105	106	14.772
49	107	0.44473
50	107	0.48015
52	107	0.82581
55	107	0.41667
56	107	0.81288
59	107	0.51627
61	107	0.54959
63	107	0.47376
67	107	0.80101
68	107	0.8086
70	107	0.53376
71	107	0.40774
72	107	0.3943
73	107	0.80594
74	107	0.78723
76	107	1.237
77	107	1.6
78	107	0.79992
79	107	0.41388
80	107	1.2333
81	107	0.41627
82	107	0.44612
83	107	0.46183
90	107	0.88505
92	107	0.83674
93	107	0.81097
94	107	0.39618
95	107	0.80638
96	107	1.1716
97	107	0.4096
98	107	1.5865
99	107	0.40085
100	107	0.82642
101	107	2.0558
102	107	1.2646
103	107	3.7943
104	107	4.4306
105	107	4.5771
106	107	11.315
48	108	0.98024
51	108	0.42154
52	108	1.2038
54	108	0.40183
55	108	0.80971
57	108	0.44195
60	108	0.41364
61	108	0.53429
65	108	0.96367
67	108	0.38892
68	108	0.39286
71	108	1.1876
72	108	1.1469
73	108	0.39066
74	108	1.9073
75	108	0.75953
76	108	0.39983
77	108	1.1649
78	108	0.38829
79	108	1.206
80	108	0.39942
81	108	0.40442
84	108	0.42965
87	108	0.41058
89	108	0.41125
90	108	0.42976
93	108	1.1812
94	108	2.3049
95	108	1.9522
96	108	0.75811
97	108	2.3871
98	108	1.155
99	108	0.38886
100	108	2.0043
101	108	2.794
102	108	1.6367
103	108	2.0473
104	108	2.3466
105	108	0.40444
106	108	6.6712
107	108	15.13
48	109	0.49021
49	109	0.86462
50	109	0.4664
52	109	0.40184
53	109	0.80982
54	109	0.40243
55	109	0.40538
56	109	0.39554
59	109	1.5081
60	109	0.82867
61	109	1.068
64	109	0.90277
67	109	0.77877
68	109	0.39348
69	109	0.39146
70	109	0.5178
71	109	0.39625
72	109	0.3824
76	109	0.39985
77	109	0.77733
78	109	0.77738
79	109	0.40245
80	109	0.39997
81	109	0.4049
86	109	0.41235
87	109	0.41098
88	109	1.0628
91	109	0.46579
92	109	1.222
94	109	0.7685
95	109	0.39013
96	109	1.1384
97	109	0.3983
98	109	1.5415
99	109	0.77807
100	109	2.8068
101	109	1.1984
103	109	0.40983
105	109	3.2405
106	109	2.7501
107	109	4.3853
108	109	6.9603
49	110	0.43112
50	110	0.46524
53	110	0.40394
55	110	0.80864
63	110	0.46034
64	110	0.90223
65	110	0.48156
68	110	0.39251
70	110	0.51665
71	110	0.39489
72	110	1.1416
73	110	0.77729
75	110	1.1342
76	110	0.79601
77	110	0.38728
78	110	0.38732
79	110	0.40129
80	110	0.39892
87	110	0.40978
88	110	0.5313
92	110	0.40645
93	110	1.9647
94	110	0.76478
95	110	0.38764
96	110	1.5122
97	110	0.79418
98	110	0.76792
99	110	0.77464
102	110	0.40776
103	110	0.81714
104	110	1.9514
105	110	1.2125
106	110	2.7415
107	110	5.1685
108	110	2.6964
109	110	14.247
48	111	1.0617
52	111	0.86885
56	111	0.42763
60	111	0.44753
61	111	0.57975
65	111	0.52222
69	111	0.42348
70	111	0.5629
71	111	0.42897
72	111	0.41485
74	111	0.41405
75	111	0.41195
77	111	0.42087
78	111	0.4208
79	111	0.43555
89	111	0.44529
92	111	1.3206
93	111	0.8534
94	111	0.41684
95	111	0.84823
96	111	0.41091
97	111	0.86181
98	111	0.41728
99	111	0.84331
100	111	0.86963
101	111	0.86521
102	111	0.44327
103	111	0.44356
104	111	0.84777
105	111	1.7513
106	111	1.2756
107	111	3.8822
108	111	3.3521
109	111	10.484
110	111	17.565
48	112	0.51044
50	112	0.48602
52	112	0.41843
56	112	0.41191
57	112	0.46061
63	112	0.48004
65	112	0.50214
67	112	0.81134
69	112	1.2233
72	112	0.39883
73	112	0.40743
74	112	0.79583
75	112	0.7923
76	112	0.83409
77	112	0.81007
78	112	0.81003
80	112	0.83313
81	112	0.84333
85	112	0.44616
89	112	0.85758
90	112	0.44792
92	112	0.84813
93	112	0.41071
94	112	0.40074
95	112	0.8144
97	112	0.82976
98	112	0.40161
99	112	0.81111
100	112	0.83611
101	112	0.41625
102	112	0.85294
104	112	0.81597
105	112	1.687
106	112	2.4559
107	112	2.4918
108	112	1.6124
109	112	7.2597
110	112	4.8212
111	112	5.6791
46	113	0.57655
52	113	0.41619
54	113	0.83358
56	113	0.81938
57	113	1.3746
61	113	0.5537
63	113	0.47755
64	113	0.46719
65	113	0.49955
67	113	0.40349
69	113	0.40558
70	113	1.0745
72	113	0.39668
74	113	0.39578
75	113	1.1821
76	113	0.82964
77	113	0.40285
79	113	0.41702
80	113	0.41433
81	113	0.41942
83	113	0.46587
84	113	1.336
86	113	0.42708
87	113	0.42576
89	113	1.706
90	113	0.44558
92	113	0.4218
93	113	0.4085
94	113	1.1958
96	113	0.39333
98	113	0.79889
99	113	0.80678
101	113	0.41403
102	113	0.42424
103	113	1.274
104	113	0.81157
106	113	2.4427
107	113	2.4784
108	113	3.2073
109	113	3.2092
110	113	1.9981
111	113	5.6491
112	113	7.1069
48	114	0.49501
51	114	0.42568
64	114	0.45574
65	114	0.48695
67	114	0.39266
68	114	0.79378
69	114	0.39481
72	114	0.77089
76	114	0.8063
78	114	0.78385
79	114	0.81187
80	114	0.40343
81	114	0.40838
82	114	0.43891
83	114	0.90923
84	114	0.43415
85	114	0.43297
86	114	0.41594
87	114	0.82904
88	114	0.53714
89	114	0.41538
91	114	0.47037
92	114	0.41091
93	114	0.39754
95	114	0.7862
96	114	0.76515
97	114	0.80338
98	114	0.38856
99	114	0.39218
100	114	0.40429
101	114	0.40282
103	114	0.82671
104	114	0.39486
105	114	1.2259
106	114	0.79242
107	114	1.6085
108	114	1.1697
109	114	1.5598
110	114	1.1641
111	114	1.6923
112	114	2.0334
113	114	13.753
48	115	0.4784
52	115	0.39217
55	115	0.79115
67	115	0.37983
68	115	0.38399
69	115	0.38193
71	115	0.38647
72	115	0.37259
73	115	0.38059
75	115	0.74044
76	115	0.38959
77	115	0.75805
78	115	0.37908
80	115	0.39029
81	115	0.79017
82	115	0.84977
84	115	0.42021
85	115	0.41919
86	115	0.80484
87	115	0.40099
88	115	0.5187
89	115	0.40184
90	115	0.41937
92	115	0.3976
94	115	1.1232
95	115	0.37976
96	115	1.8501
99	115	2.6545
100	115	0.78162
103	115	0.79959
105	115	1.9768
106	115	1.1497
107	115	0.77792
109	115	0.37702
110	115	2.9998
111	115	0.81827
112	115	1.9664
113	115	2.7381
114	115	12.538
52	116	0.8248
55	116	0.83229
61	116	0.54742
65	116	0.49405
67	116	0.40015
68	116	0.40383
69	116	0.80403
70	116	0.53193
71	116	0.40737
72	116	0.39413
73	116	0.40279
74	116	1.1806
75	116	1.1745
77	116	0.39966
78	116	1.1989
79	116	0.41339
81	116	0.83155
84	116	0.88183
88	116	0.54385
89	116	0.42261
91	116	0.95376
92	116	1.2534
94	116	0.396
96	116	0.39027
98	116	1.5854
99	116	0.80123
100	116	1.2386
101	116	0.41075
102	116	0.42111
103	116	0.84217
104	116	0.80478
105	116	0.83109
106	116	1.2111
107	116	0.81876
108	116	1.9892
109	116	1.1954
110	116	1.1925
111	116	2.5843
112	116	1.6596
113	116	2.8888
114	116	7.6364
115	116	19.056
51	117	0.43966
53	117	0.42176
54	117	0.83841
55	117	0.42246
60	117	0.43123
63	117	0.48035
67	117	0.40609
68	117	0.81987
69	117	0.8161
70	117	0.54136
71	117	1.2403
73	117	1.2259
75	117	0.79422
77	117	0.40558
79	117	0.41966
80	117	0.41682
81	117	0.42204
83	117	0.4681
86	117	0.42969
87	117	0.4285
88	117	1.1075
89	117	0.42907
92	117	0.42417
93	117	0.82231
95	117	0.40887
97	117	0.41529
98	117	0.40218
100	117	0.83801
101	117	0.41689
103	117	0.42745
104	117	0.40843
105	117	0.84376
106	117	1.2292
107	117	0.41559
108	117	0.40375
110	117	0.80634
111	117	0.87472
112	117	2.1054
113	117	1.2565
114	117	3.2622
115	117	5.1275
116	117	8.7163
50	118	0.94226
52	118	0.40551
54	118	0.40604
56	118	0.39919
60	118	0.41755
63	118	0.46473
65	118	0.48572
67	118	0.39351
69	118	0.79058
71	118	0.40065
72	118	0.38773
75	118	0.38514
78	118	0.39303
79	118	0.81302
80	118	0.40375
81	118	0.81779
83	118	0.45313
85	118	0.86297
86	118	0.83252
89	118	0.41558
90	118	0.86928
92	118	1.2324
94	118	0.38957
97	118	1.2072
98	118	1.1695
99	118	0.3941
100	118	0.81225
103	118	2.0707
104	118	0.79139
105	118	0.81716
106	118	1.588
107	118	0.40253
108	118	1.9564
109	118	1.176
110	118	1.1735
111	118	0.4236
112	118	1.2245
113	118	2.0297
114	118	2.3725
115	118	3.8263
116	118	5.6286
117	118	9.7952
46	119	0.56193
52	119	1.2185
59	119	0.50759
61	119	0.53946
63	119	0.46578
68	119	0.39773
69	119	0.79156
70	119	0.5235
71	119	1.2023
73	119	0.39555
76	119	0.40476
78	119	0.39315
79	119	0.40692
81	119	0.81868
84	119	0.86929
85	119	0.86623
86	119	0.41681
87	119	0.41553
88	119	0.5365
90	119	1.3044
92	119	0.82324
94	119	0.77801
95	119	0.39535
97	119	0.40275
99	119	0.39373
100	119	0.81156
102	119	0.41411
104	119	0.39597
105	119	3.6843
106	119	2.3838
107	119	0.40305
108	119	0.78245
109	119	0.39154
110	119	0.39007
111	119	0.424
112	119	1.2241
113	119	0.81167
114	119	1.5791
115	119	2.6727
116	119	4.8329
117	119	2.8607
118	119	14.261
49	120	0.45898
53	120	0.42955
57	120	0.46851
64	120	0.47748
68	120	0.41764
69	120	0.41576
71	120	0.42122
72	120	0.40762
74	120	0.40695
75	120	0.80968
76	120	0.42609
78	120	0.82655
80	120	0.8492
81	120	0.8597
82	120	0.46009
84	120	0.91123
85	120	0.45364
88	120	0.56234
90	120	0.45675
92	120	0.43197
93	120	0.41892
95	120	0.41683
98	120	0.40988
99	120	0.82848
100	120	0.42693
101	120	0.42473
102	120	0.87048
103	120	1.306
104	120	1.2485
105	120	1.289
106	120	1.6699
107	120	0.42338
108	120	0.41149
110	120	0.41104
111	120	0.44533
112	120	0.8579
113	120	0.85337
114	120	2.0781
115	120	1.6087
116	120	2.114
117	120	2.5753
118	120	7.4844
119	120	24.987
56	121	0.83511
59	121	1.059
63	121	0.48634
68	121	0.41539
69	121	0.827
71	121	0.83785
72	121	0.40528
73	121	0.41412
74	121	0.80917
81	121	0.42758
82	121	0.91581
83	121	0.47386
84	121	0.45341
85	121	0.45145
86	121	0.87055
87	121	0.43409
88	121	1.1205
90	121	0.90889
92	121	0.42972
93	121	0.41664
97	121	0.42079
98	121	0.40759
99	121	0.41191
100	121	0.42459
101	121	0.84486
102	121	0.43293
104	121	1.6556
106	121	0.4152
108	121	0.81838
109	121	0.4097
110	121	1.2259
112	121	1.2799
113	121	2.5462
114	121	0.82654
115	121	0.79962
116	121	1.2617
117	121	1.2808
118	121	4.1357
119	121	3.7272
120	121	6.9567
46	122	0.55758
49	122	0.43381
52	122	0.80595
54	122	0.40353
55	122	0.81321
59	122	0.50354
61	122	0.53523
63	122	0.46206
64	122	0.45176
65	122	0.96606
69	122	0.39271
72	122	0.76921
73	122	0.39305
75	122	0.76411
78	122	0.39027
81	122	1.2187
83	122	0.45087
85	122	0.42935
86	122	0.41361
87	122	0.82485
89	122	0.82593
90	122	0.43165
92	122	0.81664
93	122	0.39563
94	122	0.38644
96	122	0.38106
97	122	1.5989
98	122	0.38703
99	122	0.39106
100	122	0.40302
101	122	0.80226
102	122	1.6451
103	122	0.82269
104	122	0.39299
107	122	1.1998
108	122	0.38841
110	122	0.77548
112	122	1.2155
114	122	1.5689
115	122	1.5176
116	122	0.79909
117	122	2.8386
118	122	4.7146
119	122	3.5394
120	122	3.7189
121	122	11.917
46	123	0.56934
49	123	0.44332
55	123	0.83084
57	123	0.45234
67	123	0.39947
69	123	0.4013
71	123	0.40672
80	123	0.81976
81	123	0.83014
82	123	0.44438
85	123	0.87598
88	123	0.54305
94	123	0.39548
95	123	0.40276
96	123	0.38963
97	123	0.40849
98	123	0.39572
99	123	0.40006
100	123	0.4123
105	123	0.41478
106	123	1.6121
107	123	2.0433
108	123	1.5889
109	123	1.1938
110	123	0.79414
112	123	0.82863
113	123	1.6483
114	123	1.6056
115	123	1.5536
116	123	1.2244
117	123	2.0717
118	123	3.21
119	123	2.4127
120	123	3.7986
121	123	5.4577
122	123	23.931
52	124	0.82162
61	124	0.54535
65	124	0.49231
67	124	0.79687
69	124	0.40039
71	124	0.40555
74	124	0.78256
76	124	0.40982
77	124	0.39786
83	124	0.45943
86	124	0.84315
87	124	0.42035
89	124	0.42096
90	124	0.43988
91	124	0.47539
93	124	0.80668
96	124	0.3885
98	124	1.9727
99	124	0.39859
101	124	0.40888
103	124	0.83853
104	124	0.80132
105	124	0.414
106	124	0.40198
107	124	1.2232
108	124	0.39598
109	124	0.39641
110	124	0.39514
111	124	0.42892
112	124	0.82587
114	124	1.1993
115	124	1.1601
116	124	2.0367
117	124	1.6536
118	124	1.2018
119	124	1.6035
120	124	0.42117
121	124	3.3511
122	124	5.5704
123	124	13.42
49	125	0.43788
53	125	0.4099
54	125	0.4074
56	125	0.40044
59	125	0.50883
64	125	0.91329
65	125	0.48817
67	125	0.78874
68	125	0.39834
69	125	0.39639
70	125	0.52497
73	125	0.39614
75	125	0.38513
77	125	0.39374
80	125	0.40497
81	125	0.41
84	125	0.43543
86	125	0.83501
88	125	0.53803
90	125	0.43559
91	125	0.47139
97	125	0.40337
98	125	0.78084
99	125	0.39431
101	125	0.40469
102	125	0.82957
104	125	0.39658
106	125	0.39791
107	125	1.2111
109	125	0.78423
110	125	0.78126
111	125	0.42475
112	125	0.40867
113	125	1.6259
114	125	0.79074
115	125	0.76467
116	125	1.2101
117	125	2.0467
118	125	0.39674
119	125	1.9835
121	125	2.9038
122	125	5.9079
123	125	7.2496
124	125	10.84
60	126	0.43476
65	126	1.0119
67	126	0.41003
68	126	0.41363
70	126	0.54535
71	126	0.41748
74	126	0.4038
75	126	0.40153
76	126	0.42261
77	126	0.81927
78	126	0.40958
79	126	0.42355
80	126	0.42061
83	126	0.94265
84	126	0.45128
89	126	0.43285
90	126	0.90559
92	126	0.42782
93	126	0.4151
94	126	0.4062
96	126	0.40004
97	126	0.83845
99	126	0.82159
101	126	0.842
103	126	0.43146
104	126	0.41237
105	126	0.42555
107	126	1.2582
108	126	0.40787
109	126	0.40864
110	126	0.40796
111	126	0.8826
113	126	1.2691
114	126	1.2369
115	126	1.197
116	126	0.41877
117	126	0.42521
118	126	0.41169
120	126	0.86597
121	126	0.43076
122	126	4.5032
123	126	5.4331
124	126	3.7564
125	126	7.0294
52	127	0.43332
53	127	0.43646
57	127	0.47551
65	127	0.51885
68	127	0.84881
69	127	0.84528
71	127	0.42844
73	127	0.42429
76	127	0.43393
77	127	0.84091
86	127	0.44469
87	127	0.44365
88	127	0.57079
89	127	0.88809
93	127	0.42601
98	127	0.83398
99	127	0.42171
100	127	0.43462
101	127	0.43207
102	127	0.44289
106	127	0.42452
107	127	0.43037
108	127	0.83744
109	127	0.41953
110	127	0.83798
111	127	0.45276
113	127	1.3025
114	127	0.42333
116	127	0.85924
117	127	0.43629
118	127	2.5342
119	127	0.8474
120	127	1.7764
121	127	2.6514
122	127	3.7811
123	127	4.7163
124	127	2.1414
125	127	5.0931
126	127	8.3534
63	128	0.46779
69	128	0.39764
70	128	0.5265
71	128	0.80576
72	128	0.38961
73	128	0.39817
76	128	0.40732
77	128	0.39522
78	128	0.39521
79	128	0.8178
80	128	0.81236
81	128	0.4113
82	128	0.44074
84	128	0.87278
85	128	0.86898
86	128	1.2562
87	128	1.2527
88	128	0.53863
90	128	0.43711
96	128	0.38591
98	128	0.78388
99	128	0.79217
101	128	0.40622
104	128	0.39796
105	128	1.2334
106	128	0.39927
107	128	0.80988
112	128	0.41032
113	128	0.40811
114	128	1.5893
115	128	1.9219
116	128	1.618
117	128	0.41059
118	128	1.1932
119	128	1.9913
120	128	2.0916
121	128	1.2482
122	128	2.7662
123	128	0.80756
124	128	0.80577
125	128	4.7866
126	128	4.5582
127	128	10.63
46	129	0.60227
65	129	0.5222
71	129	0.43097
81	129	0.43953
83	129	0.48581
85	129	0.92577
86	129	0.89463
87	129	0.89257
89	129	0.44667
90	129	0.46738
93	129	0.42852
100	129	0.43724
102	129	0.44554
103	129	0.44533
106	129	0.42701
109	129	0.84404
111	129	0.45549
112	129	0.43909
113	129	0.87352
115	129	0.41221
116	129	0.43212
117	129	0.43887
119	129	1.2786
120	129	0.89345
121	129	0.44451
122	129	1.2677
123	129	1.2937
125	129	1.7078
127	129	3.1738
128	129	18.391
64	130	1.0047
68	130	0.43898
69	130	0.43693
70	130	0.57908
76	130	0.44752
80	130	0.4462
83	130	0.50008
85	130	0.95371
86	130	0.91921
87	130	0.91662
88	130	1.1852
89	130	0.91827
92	130	0.45398
98	130	0.43048
99	130	0.43486
102	130	0.45677
103	130	0.91458
105	130	0.45156
106	130	0.43862
110	130	0.43125
115	130	0.84406
118	130	0.43712
119	130	0.87462
120	130	1.3773
121	130	0.45682
122	130	0.43417
123	130	0.44367
124	130	1.3271
126	130	0.45516
127	130	0.93362
128	130	4.3959
129	130	17.377
55	131	0.44918
56	131	0.4382
67	131	0.43233
69	131	0.43418
72	131	0.42684
80	131	0.44328
85	131	0.47223
86	131	1.3701
87	131	0.91138
88	131	0.58615
89	131	0.45606
90	131	0.95445
91	131	0.5138
98	131	0.42849
102	131	0.45502
110	131	0.86176
111	131	0.46511
112	131	0.4485
113	131	0.44614
117	131	0.89635
119	131	1.3061
121	131	0.45386
122	131	1.2949
123	131	0.44033
125	131	1.3085
127	131	2.7761
128	131	5.2415
129	131	7.4462
130	131	11.985
54	132	0.43364
60	132	0.4457
63	132	0.49613
65	132	0.51878
67	132	0.42051
68	132	0.42418
73	132	0.42385
77	132	0.42014
78	132	0.42007
80	132	0.43131
82	132	0.93367
83	132	0.48287
84	132	0.46249
86	132	1.3333
87	132	0.44338
88	132	1.1417
89	132	0.44381
90	132	0.46425
92	132	0.43864
99	132	0.42133
103	132	0.88481
104	132	0.42294
106	132	1.2727
113	132	0.43383
116	132	0.4294
118	132	0.42218
119	132	1.2701
120	132	1.3316
121	132	0.44166
123	132	0.42856
124	132	0.42799
125	132	0.84818
126	132	0.43949
127	132	0.45065
128	132	2.1248
129	132	2.2664
130	132	6.0649
131	132	12.028
53	133	0.43472
64	133	0.48242
69	133	0.42094
72	133	0.41367
74	133	0.41326
78	133	0.83751
80	133	0.42982
83	133	0.962
86	133	1.3289
89	133	0.44229
90	133	0.46283
92	133	0.43706
95	133	0.42375
97	133	0.42848
100	133	0.43304
103	133	1.764
106	133	1.2686
108	133	0.41712
113	133	0.43256
114	133	0.42183
115	133	1.6333
119	133	0.4221
120	133	1.7695
121	133	0.88032
122	133	1.2553
124	133	1.2799
125	133	0.84565
126	133	0.87563
127	133	0.89779
128	133	2.9645
129	133	2.2575
130	133	0.93025
131	133	2.7644
132	133	22.889
65	134	0.5386
71	134	0.44479
77	134	0.43657
81	134	0.45346
82	134	0.96817
84	134	0.47973
89	134	0.4608
91	134	1.0384
96	134	1.2793
98	134	0.43295
99	134	0.43795
100	134	0.45142
101	134	0.44861
102	134	0.45971
103	134	0.4595
104	134	0.43943
105	134	0.45298
106	134	0.4407
109	134	0.43572
110	134	0.43538
113	134	0.45078
115	134	0.42573
117	134	0.45286
118	134	1.3149
119	134	0.87982
121	134	0.91715
122	134	0.43613
123	134	0.88984
124	134	0.88908
125	134	0.44072
126	134	0.45608
127	134	1.4024
128	134	1.3241
129	134	2.3511
130	134	0.48432
131	134	2.3984
132	134	7.4783
133	134	14.431
64	135	0.98544
72	135	0.42351
74	135	0.84641
77	135	0.85696
78	135	0.42838
80	135	0.43948
82	135	0.47497
86	135	0.45286
87	135	0.45193
88	135	0.58093
89	135	0.90436
90	135	0.94678
91	135	0.50919
92	135	0.44674
93	135	0.43403
95	135	0.43415
96	135	0.41851
97	135	0.87639
103	135	0.90204
104	135	0.86242
105	135	0.88886
106	135	0.43248
107	135	0.43833
114	135	0.43187
115	135	1.2544
116	135	0.43742
117	135	0.44435
118	135	0.42993
119	135	2.1592
120	135	2.261
121	135	0.90004
123	135	1.7458
124	135	0.43633
126	135	0.89475
127	135	0.45856
128	135	1.2992
130	135	0.9512
131	135	1.4115
132	135	3.6682
133	135	6.3917
134	135	7.6061
52	136	0.41447
56	136	0.40799
61	136	0.55113
65	136	0.49727
67	136	0.40187
68	136	0.40588
69	136	0.40391
75	136	0.39257
76	136	0.41326
78	136	0.8025
80	136	0.41262
81	136	0.83543
84	136	0.88685
85	136	0.44182
86	136	0.85064
87	136	0.42404
91	136	0.48011
92	136	0.42002
96	136	0.78357
97	136	0.411
98	136	0.39788
99	136	0.80375
100	136	0.41424
101	136	0.4124
103	136	1.2688
107	136	0.41135
109	136	0.79933
110	136	0.39824
111	136	0.43276
112	136	0.41644
113	136	1.2427
114	136	0.80603
115	136	0.38977
117	136	0.41709
119	136	0.40426
120	136	0.42492
121	136	0.84523
122	136	1.204
123	136	0.82067
124	136	1.2273
125	136	1.2147
126	136	0.84241
127	136	1.2968
128	136	2.0322
130	136	0.44626
131	136	2.2207
132	136	2.1597
133	136	1.7225
134	136	4.0389
135	136	18.503
57	137	0.45739
64	137	0.46618
68	137	0.40743
70	137	0.53659
71	137	0.41083
72	137	0.39733
73	137	0.406
74	137	0.39664
75	137	0.39466
76	137	0.41537
81	137	0.41938
82	137	0.89856
85	137	0.88595
87	137	0.42575
88	137	0.549
91	137	0.48132
92	137	0.42152
94	137	0.39922
97	137	0.41271
98	137	0.39972
101	137	0.82848
103	137	0.42469
104	137	0.81176
105	137	0.83849
106	137	0.81438
107	137	0.82596
110	137	0.40059
113	137	0.41614
115	137	1.1759
116	137	0.41251
117	137	0.41871
118	137	0.40567
119	137	0.81226
120	137	1.2795
121	137	1.2727
122	137	1.6121
126	137	0.42258
127	137	0.43355
128	137	1.6322
129	137	1.3083
130	137	0.44804
131	137	0.89064
132	137	2.5997
133	137	1.7274
134	137	3.1496
135	137	7.0652
136	137	14.505
56	138	0.43241
67	138	0.85334
68	138	0.43013
69	138	0.42844
75	138	0.41842
76	138	0.44044
78	138	0.42632
81	138	0.44297
82	138	0.94579
83	138	0.97804
84	138	0.46871
85	138	0.46594
87	138	0.44981
89	138	0.45009
93	138	0.43197
94	138	0.42334
97	138	0.43613
99	138	0.85582
106	138	0.43043
113	138	0.88085
115	138	0.83202
116	138	0.87081
119	138	0.85952
120	138	1.3504
122	138	2.1297
123	138	0.43445
124	138	1.3028
126	138	1.3361
127	138	2.2827
128	138	0.43103
129	138	0.45918
130	138	0.94674
131	138	0.46848
132	138	0.91297
133	138	3.6364
134	138	1.8933
135	138	4.1773
136	138	5.6995
137	138	12.306
60	139	0.43763
65	139	0.50933
72	139	0.40691
74	139	0.40638
75	139	0.40412
76	139	0.42535
82	139	0.45854
88	139	0.56055
96	139	0.40267
97	139	0.42196
99	139	0.41345
100	139	0.42611
102	139	0.43439
103	139	0.43426
106	139	0.41638
107	139	0.42217
108	139	0.82109
109	139	1.2338
112	139	0.42805
114	139	0.41494
116	139	0.84306
117	139	0.42801
118	139	1.6577
119	139	0.4155
120	139	1.3074
122	139	0.82415
123	139	0.84142
124	139	0.4201
125	139	0.41619
126	139	1.7261
127	139	1.3277
128	139	0.83424
129	139	0.89029
130	139	0.91614
131	139	2.2719
133	139	1.3222
134	139	0.91819
135	139	2.2519
136	139	2.9676
137	139	4.2534
138	139	12.554
48	140	0.50989
53	140	0.42118
60	140	0.86067
64	140	0.46776
68	140	0.40939
69	140	0.40766
70	140	0.54026
77	140	0.40551
86	140	0.85837
89	140	0.4285
91	140	0.96643
92	140	0.42347
96	140	0.79199
97	140	0.83002
98	140	0.40217
99	140	0.40675
101	140	0.41681
104	140	1.2246
106	140	0.81896
107	140	0.41514
110	140	0.40402
111	140	0.43691
113	140	0.41886
115	140	0.79021
117	140	0.84181
118	140	0.40743
119	140	0.4087
121	140	0.85287
122	140	0.40522
123	140	0.82728
126	140	0.84855
127	140	2.1758
128	140	2.0508
129	140	0.43768
130	140	0.90155
131	140	0.44679
132	140	0.43502
133	140	0.8666
134	140	1.3543
135	140	2.2136
136	140	1.6681
137	140	2.5099
138	140	3.526
139	140	14.949
51	141	0.45511
64	141	0.48391
65	141	1.0374
68	141	0.42446
73	141	0.42538
77	141	0.42092
78	141	0.42083
81	141	0.43723
86	141	0.88983
87	141	0.88805
90	141	0.46511
95	141	0.42665
96	141	0.41112
99	141	0.42252
104	141	0.42357
106	141	2.1242
112	141	0.87434
113	141	0.86965
115	141	1.2326
116	141	0.42968
118	141	1.2668
119	141	0.42428
122	141	0.84076
123	141	0.85737
124	141	0.85733
125	141	0.42501
126	141	0.87886
127	141	0.9009
128	141	1.2761
129	141	0.90606
131	141	0.9244
133	141	0.89685
134	141	1.401
135	141	1.3734
136	141	1.7313
137	141	3.0366
138	141	3.1911
139	141	3.9816
140	141	13.479
50	142	0.50001
57	142	0.94326
68	142	0.84229
69	142	0.41948
70	142	0.55557
72	142	0.82504
79	142	0.43143
80	142	1.2849
81	142	0.43377
82	142	0.46321
84	142	0.45911
85	142	0.91276
87	142	0.88097
88	142	0.56613
91	142	0.99272
98	142	0.82815
99	142	0.41897
103	142	0.43955
104	142	0.42015
109	142	0.41682
111	142	0.89898
113	142	0.43124
114	142	0.84136
115	142	0.40728
117	142	0.43303
118	142	0.41903
120	142	0.44082
122	142	0.83405
123	142	0.42539
124	142	1.2757
125	142	0.42151
126	142	0.43612
127	142	0.44712
128	142	0.84404
130	142	0.92729
132	142	0.89412
133	142	0.44515
134	142	2.3181
135	142	0.90914
136	142	1.2878
137	142	0.86075
138	142	2.7157
139	142	4.3906
140	142	11.221
141	142	16.072
50	143	0.50466
64	143	0.48628
65	143	1.0422
70	143	1.1237
72	143	0.82779
75	143	0.41099
77	143	0.41987
78	143	0.4198
79	143	0.43452
80	143	0.43153
88	143	0.57473
89	143	0.44423
94	143	0.83175
95	143	0.4232
96	143	0.81983
97	143	0.85976
98	143	0.41628
99	143	0.42068
101	143	0.43159
103	143	0.44253
105	143	0.87353
106	143	0.42417
108	143	0.41802
110	143	0.41728
111	143	0.4529
113	143	0.43355
115	143	0.81639
116	143	1.289
117	143	0.43632
118	143	0.84508
120	143	0.44428
121	143	0.442
122	143	0.83958
123	143	0.85795
124	143	0.8558
125	143	1.2713
126	143	0.44022
130	143	0.46693
133	143	0.44991
134	143	0.93768
135	143	2.7605
136	143	1.2953
138	143	1.8317
139	143	1.3293
140	143	5.6657
141	143	5.8753
142	143	9.8638
48	144	0.51499
49	144	0.45472
53	144	0.42531
54	144	0.42274
57	144	0.46394
64	144	0.47281
65	144	0.50623
67	144	0.40972
68	144	1.2403
74	144	0.40317
76	144	0.42214
79	144	0.84662
87	144	0.4322
92	144	0.85536
94	144	0.40567
98	144	0.40587
101	144	0.42065
107	144	1.2575
108	144	0.40748
109	144	0.40813
112	144	0.84984
113	144	0.42265
114	144	1.2352
118	144	0.41154
119	144	0.41242
121	144	2.1528
122	144	0.40909
123	144	2.5068
124	144	0.41706
126	144	0.85724
127	144	0.43967
128	144	0.41415
132	144	0.43948
134	144	0.91243
135	144	1.7903
136	144	1.2626
137	144	2.534
138	144	1.7821
139	144	2.1573
140	144	1.697
141	144	3.9566
142	144	1.745
143	144	8.3606
50	145	0.48301
53	145	0.41888
57	145	0.45751
60	145	0.42841
61	145	1.1057
63	145	0.95383
68	145	0.40715
70	145	1.0732
71	145	0.41035
75	145	0.78781
78	145	0.40255
79	145	0.83328
80	145	0.41392
84	145	0.44476
87	145	0.42538
89	145	0.85214
94	145	0.39847
96	145	0.78613
97	145	1.2369
99	145	0.80644
101	145	0.41374
105	145	0.41903
106	145	0.81355
107	145	0.41266
109	145	0.40101
111	145	0.86828
113	145	0.41558
114	145	0.40439
115	145	2.3467
118	145	0.40547
119	145	1.2168
120	145	0.42624
121	145	0.42394
122	145	0.40263
123	145	0.41161
124	145	1.2312
125	145	1.6249
126	145	2.1124
127	145	0.43356
128	145	0.40772
130	145	0.44767
131	145	0.8909
133	145	0.43191
134	145	0.90017
135	145	1.3254
136	145	0.41394
137	145	1.2473
138	145	0.87939
139	145	2.1262
140	145	1.6731
141	145	2.1703
142	145	2.5832
143	145	6.4969
144	145	15.198
57	146	0.51164
59	146	0.58183
70	146	0.60523
71	146	0.91917
73	146	0.45465
77	146	0.45102
78	146	0.45087
79	146	0.46665
80	146	0.46327
82	146	0.50171
84	146	0.49685
87	146	0.95222
89	146	0.47684
90	146	0.99806
99	146	0.45199
100	146	0.46632
101	146	0.4636
102	146	0.9497
104	146	0.45424
108	146	0.89847
109	146	0.44961
110	146	0.44876
114	146	1.3614
115	146	0.43883
119	146	0.90864
120	146	0.95332
123	146	0.46039
125	146	0.45524
127	146	1.9371
128	146	1.8255
130	146	0.50107
131	146	0.4973
133	146	0.48241
134	146	1.005
135	146	0.4931
136	146	1.8548
137	146	2.3261
138	146	1.4725
139	146	1.9013
140	146	3.273
141	146	2.422
142	146	1.4419
143	146	2.9118
144	146	4.7224
145	146	13.024
46	147	0.56413
50	147	0.47334
51	147	0.42803
53	147	0.41067
64	147	0.45727
65	147	0.4888
67	147	0.3952
68	147	0.39912
71	147	0.40225
77	147	0.39459
81	147	0.41081
82	147	0.44065
83	147	0.45621
86	147	0.83659
88	147	0.53852
89	147	0.41769
91	147	0.47202
92	147	0.41305
93	147	0.40008
96	147	0.38527
97	147	0.80839
100	147	0.40734
101	147	0.40555
103	147	0.83186
104	147	0.79482
105	147	0.4108
108	147	0.39269
114	147	0.39632
115	147	0.76663
117	147	1.6405
118	147	0.79498
119	147	0.79513
121	147	0.41561
122	147	0.78935
123	147	0.80702
124	147	0.40232
125	147	0.79634
126	147	2.0711
128	147	0.79936
129	147	1.2829
130	147	0.43893
131	147	0.87363
133	147	0.42349
134	147	1.3241
135	147	0.86646
136	147	1.2173
137	147	1.2227
138	147	0.43115
139	147	1.2507
140	147	0.82014
141	147	2.5537
143	147	4.2455
144	147	2.4831
145	147	4.0708
146	147	8.6634
54	148	0.42259
65	148	0.50658
70	148	0.54634
79	148	0.42319
83	148	0.47154
85	148	1.347
86	148	0.43322
88	148	1.1164
89	148	2.1629
90	148	0.45259
91	148	0.48855
96	148	0.39945
97	148	0.41879
99	148	0.41016
100	148	0.42285
103	148	1.2933
104	148	0.82381
106	148	0.4132
107	148	0.41904
108	148	0.40733
111	148	0.44106
112	148	0.84964
113	148	0.42254
114	148	1.2349
115	148	0.79642
116	148	0.41841
117	148	1.2746
118	148	0.41134
119	148	0.41226
120	148	0.4327
121	148	0.86091
124	148	1.2507
125	148	0.41296
126	148	0.42847
127	148	1.3187
128	148	0.41397
130	148	0.90994
131	148	0.90286
132	148	0.87873
134	148	0.45616
136	148	0.42073
137	148	0.84437
138	148	1.7816
139	148	0.43132
140	148	0.42408
141	148	2.1973
142	148	0.43609
143	148	3.5199
144	148	1.2851
145	148	4.2203
146	148	3.7788
147	148	11.584
72	149	0.47718
74	149	0.47685
77	149	0.48233
82	149	0.5336
86	149	1.0187
87	149	0.50849
97	149	0.98586
98	149	0.47819
101	149	0.49584
104	149	0.48549
106	149	0.4867
109	149	0.96356
111	149	0.51959
112	149	0.50093
113	149	0.49833
114	149	0.48669
117	149	1.0004
123	149	0.49082
124	149	0.49083
125	149	0.4871
126	149	1.0058
128	149	1.4616
129	149	0.51839
131	149	0.52857
132	149	1.0307
134	149	2.1364
135	149	0.52354
136	149	1.4877
137	149	0.99334
138	149	2.0856
139	149	0.5063
140	149	0.9955
141	149	0.51412
142	149	1.0212
143	149	1.5551
144	149	2.0138
145	149	2.9838
146	149	1.6675
147	149	3.9007
148	149	8.5615
49	150	0.49569
65	150	0.55077
69	150	0.44895
70	150	0.59516
71	150	0.45538
75	150	0.43889
79	150	0.46176
80	150	0.45828
81	150	0.46402
84	150	0.49041
86	150	0.94413
90	150	0.49364
98	150	0.88668
103	150	0.47033
106	150	0.90219
107	150	0.45716
108	150	0.89081
109	150	1.3395
111	150	0.48098
112	150	0.4641
116	150	0.45605
119	150	0.90098
122	150	1.3391
123	150	0.45503
124	150	0.45503
127	150	0.47773
128	150	0.45162
129	150	0.48051
130	150	0.49568
131	150	0.49001
132	150	0.9555
133	150	0.95126
134	150	0.49505
135	150	0.48542
136	150	0.45951
138	150	0.96681
140	150	0.46145
142	150	0.94702
144	150	0.46657
145	150	1.3824
146	150	2.5698
147	150	0.45192
148	150	3.2657
149	150	9.8112
74	151	0.45674
80	151	0.47382
81	151	0.47967
82	151	1.0224
83	151	0.52832
84	151	0.50683
87	151	0.48707
92	151	0.48145
99	151	0.46385
100	151	0.47825
101	151	0.94985
102	151	1.4597
103	151	0.48625
106	151	0.46639
114	151	0.46605
117	151	0.47916
119	151	0.4657
120	151	0.97435
123	151	0.47047
125	151	0.46665
129	151	0.49676
130	151	0.5123
131	151	0.50651
133	151	0.49172
136	151	0.47505
142	151	0.97911
144	151	0.48241
145	151	1.9055
146	151	1.5946
148	151	0.48245
149	151	2.2554
150	151	11.491
53	152	0.52977
67	152	0.51112
81	152	1.0612
82	152	1.1324
83	152	1.1708
84	152	0.56105
87	152	1.0778
90	152	0.56575
91	152	1.2226
98	152	0.50653
102	152	1.0757
108	152	0.50956
111	152	0.55117
113	152	0.52788
115	152	0.4982
117	152	0.53058
118	152	0.51284
119	152	0.51477
120	152	1.0779
122	152	0.51041
123	152	1.0414
125	152	0.51606
127	152	0.5468
130	152	1.7014
134	152	1.134
136	152	1.5762
138	152	0.55381
139	152	0.53717
142	152	1.6271
143	152	0.54999
144	152	1.0683
145	152	0.52695
147	152	1.0332
148	152	1.0692
149	152	1.2557
150	152	5.213
151	152	7.7906
46	153	0.58205
56	153	0.41406
63	153	0.48225
67	153	0.8163
69	153	0.41005
71	153	0.41553
74	153	0.80304
77	153	0.40769
80	153	0.41881
82	153	0.454
84	153	0.44962
85	153	0.44753
87	153	0.43056
88	153	1.1107
89	153	0.43106
104	153	0.82097
115	153	0.39677
116	153	0.83404
117	153	0.42339
118	153	0.41003
119	153	0.82164
120	153	0.8624
123	153	0.8325
124	153	0.41547
127	153	1.3143
128	153	0.82517
131	153	0.44992
133	153	0.43632
135	153	0.89203
136	153	0.41922
137	153	1.2622
138	153	0.44397
139	153	0.85977
141	153	0.43811
142	153	0.43473
143	153	0.87671
144	153	1.2808
145	153	1.2616
146	153	0.94093
147	153	0.41226
148	153	1.7071
149	153	2.0069
150	153	0.92996
151	153	5.2883
152	153	6.919
49	154	0.44773
51	154	0.8735
63	154	0.47722
64	154	0.4668
65	154	0.49915
68	154	0.81474
69	154	0.40539
73	154	0.40523
74	154	0.39577
77	154	0.40272
80	154	0.41413
81	154	0.83846
82	154	0.44966
85	154	0.44345
86	154	0.42687
87	154	0.42557
88	154	1.1002
93	154	0.40834
95	154	0.40509
99	154	0.80662
102	154	0.42412
103	154	0.84895
104	154	0.40562
105	154	0.41926
106	154	0.40695
107	154	1.6514
112	154	0.41793
113	154	0.41571
114	154	0.40445
115	154	0.39115
116	154	0.41247
117	154	0.41861
123	154	1.2355
124	154	0.41057
125	154	0.40636
126	154	0.42276
127	154	0.43386
128	154	0.81584
131	154	0.44579
132	154	0.86707
133	154	0.86447
134	154	0.45043
135	154	1.7687
136	154	0.41408
138	154	1.3202
139	154	1.702
141	154	0.86887
142	154	0.43088
143	154	2.1667
144	154	1.2672
145	154	0.83086
146	154	0.93082
147	154	1.6289
148	154	0.42228
149	154	0.4978
150	154	1.8449
151	154	0.47682
152	154	4.2191
153	154	9.6775
46	155	0.58606
57	155	0.46533
64	155	0.47436
71	155	0.41778
74	155	0.4033
80	155	0.42125
81	155	0.85296
85	155	0.45052
99	155	0.41069
102	155	0.43175
103	155	0.86385
104	155	0.82554
105	155	0.42636
106	155	0.41408
112	155	0.8509
113	155	0.42319
115	155	0.79707
118	155	0.41253
120	155	0.86744
121	155	0.43144
122	155	0.40983
124	155	0.83551
125	155	0.41365
126	155	0.42975
127	155	0.44092
132	155	0.44066
134	155	0.91526
136	155	0.42146
138	155	0.89402
139	155	0.86512
143	155	1.7636
144	155	0.42952
146	155	1.4201
147	155	1.2434
148	155	2.5765
150	155	1.8733
151	155	0.96839
152	155	1.608
153	155	5.5626
154	155	13.959
48	156	0.5333
67	156	0.42463
71	156	0.86459
76	156	0.43764
85	156	0.46503
87	156	0.89551
88	156	0.57748
91	156	0.50589
94	156	0.42056
96	156	0.41429
98	156	0.42067
99	156	0.42527
101	156	0.43596
104	156	0.42712
106	156	0.85683
107	156	0.86888
108	156	0.42244
110	156	0.42224
111	156	0.45705
112	156	0.44031
117	156	0.44043
118	156	0.4265
119	156	0.42743
121	156	0.89218
123	156	0.43294
125	156	0.42818
126	156	0.44405
127	156	0.91074
128	156	0.42921
132	156	0.45519
133	156	1.8142
134	156	0.47236
135	156	0.46351
136	156	1.3084
137	156	0.43759
138	156	0.92282
139	156	0.44696
140	156	0.87918
142	156	0.90375
143	156	0.45597
144	156	0.44398
145	156	0.43746
146	156	0.97828
147	156	1.2867
149	156	2.085
150	156	0.96602
151	156	0.49931
152	156	1.1059
153	156	4.4235
154	156	4.8149
155	156	13.352
48	157	0.59533
56	157	0.48069
64	157	0.54504
73	157	0.4797
79	157	0.49023
87	157	0.49999
92	157	0.98835
100	157	0.49117
109	157	0.47395
114	157	0.47864
115	157	0.92676
117	157	0.49195
118	157	1.4272
121	157	0.49791
122	157	0.47379
123	157	0.48293
125	157	0.47914
126	157	0.98945
127	157	0.50677
131	157	1.0394
132	157	0.50683
133	157	1.0092
137	157	0.48856
141	157	1.5174
142	157	1.0047
143	157	1.019
144	157	2.4759
147	157	1.439
148	157	0.49529
150	157	1.6075
152	157	0.61536
153	157	1.4805
154	157	2.4478
155	157	3.9767
156	157	5.1248
57	158	0.49154
70	158	1.159
71	158	0.4427
77	158	0.43447
78	158	0.43437
81	158	0.45148
83	158	0.49895
86	158	0.45947
88	158	0.59122
90	158	0.96031
92	158	0.90693
95	158	0.43929
104	158	0.87479
105	158	0.4511
107	158	0.44478
108	158	0.43274
109	158	0.43346
111	158	0.46798
112	158	1.353
113	158	0.44863
115	158	0.42336
118	158	0.43646
120	158	0.91769
121	158	0.91326
122	158	0.43412
123	158	0.88613
125	158	0.43858
127	158	0.46577
128	158	0.43939
130	158	0.48231
131	158	0.95616
132	158	0.46565
134	158	0.96606
135	158	0.94773
137	158	0.89592
138	158	0.47177
139	158	1.3719
140	158	0.89943
143	158	0.93375
145	158	0.89599
146	158	1.0014
148	158	0.90865
149	158	0.53287
150	158	1.9746
151	158	1.5311
152	158	1.697
153	158	0.45273
154	158	2.6898
155	158	4.1009
156	158	5.6465
157	158	11.523
54	159	0.46274
67	159	1.3475
69	159	0.90205
70	159	0.59896
82	159	0.49726
88	159	0.6098
89	159	0.47371
93	159	0.45482
98	159	0.8905
99	159	0.45058
100	159	0.46454
101	159	0.46142
104	159	0.45189
105	159	0.46556
106	159	0.45314
109	159	0.44833
111	159	0.48333
113	159	0.92742
115	159	0.87636
116	159	0.91642
119	159	0.90489
121	159	0.94285
122	159	0.89678
124	159	0.91416
125	159	0.45332
128	159	0.90743
131	159	0.49264
135	159	0.48809
136	159	0.46156
137	159	0.46255
138	159	0.97206
139	159	0.47171
140	159	0.92757
141	159	1.4382
142	159	0.47604
143	159	0.96432
144	159	0.46887
145	159	0.46289
146	159	1.5502
148	159	1.8754
150	159	1.5245
151	159	0.5254
152	159	1.1659
153	159	0.46725
154	159	1.8532
155	159	1.8822
156	159	1.4564
157	159	3.2347
158	159	6.948
54	160	0.41485
57	160	0.4553
61	160	0.55068
67	160	0.40205
69	160	0.40389
72	160	0.39617
73	160	0.40492
75	160	1.5739
77	160	0.4016
80	160	0.41253
84	160	0.44296
85	160	0.44081
86	160	0.42527
87	160	0.84835
89	160	0.42462
98	160	0.79654
99	160	0.40264
103	160	0.8463
104	160	0.40432
106	160	0.40562
107	160	0.41131
108	160	1.1994
110	160	0.39966
113	160	2.4886
118	160	0.80766
120	160	0.42479
121	160	0.84509
122	160	1.2043
123	160	0.40997
124	160	1.2279
126	160	0.84126
127	160	0.86303
128	160	0.40639
132	160	0.43132
134	160	0.89558
135	160	0.87852
136	160	0.413
137	160	0.41446
138	160	0.43725
142	160	1.2844
143	160	1.7272
144	160	0.4205
145	160	0.41427
146	160	0.92688
147	160	1.2184
148	160	0.84067
149	160	0.49408
150	160	0.45797
151	160	1.4206
152	160	0.52424
153	160	0.83789
154	160	0.41452
155	160	0.84301
156	160	1.3072
157	160	0.48608
158	160	1.7838
159	160	11.505
52	161	0.43059
67	161	0.4179
69	161	1.2595
71	161	0.42548
72	161	0.82379
74	161	0.41129
75	161	0.40903
78	161	0.41741
86	161	0.44192
87	161	0.44079
88	161	0.56893
91	161	0.99639
92	161	1.3086
94	161	0.41384
95	161	0.84298
97	161	0.85457
98	161	0.41399
101	161	0.42908
104	161	0.42034
105	161	1.3016
110	161	0.831
111	161	0.44993
113	161	0.86221
114	161	0.42004
115	161	0.81281
116	161	1.2807
117	161	0.43351
118	161	0.8395
119	161	0.42067
120	161	0.44138
122	161	0.83455
123	161	0.85224
127	161	0.44835
128	161	0.42242
129	161	0.90199
131	161	0.46039
132	161	0.89632
133	161	0.44653
134	161	0.46518
135	161	0.91277
137	161	0.43073
138	161	0.90862
139	161	0.44001
140	161	0.86539
141	161	1.3449
142	161	0.88974
143	161	0.89771
147	161	1.6885
148	161	0.43694
149	161	0.51346
150	161	1.9029
153	161	0.87085
154	161	0.86169
155	161	1.7524
156	161	1.8111
157	161	2.0195
158	161	1.8534
159	161	4.781
160	161	13.724
50	162	0.49829
54	162	0.42949
56	162	0.42231
59	162	0.53443
70	162	0.55341
71	162	0.42393
72	162	0.41055
74	162	0.41001
75	162	0.40774
76	162	0.42912
77	162	0.41601
78	162	0.41595
79	162	0.86026
86	162	0.44016
88	162	1.1303
89	162	0.43953
92	162	0.86891
95	162	0.42016
96	162	0.4063
97	162	0.42571
99	162	0.41712
102	162	0.43816
103	162	0.87616
104	162	0.41881
107	162	1.2778
108	162	1.2427
111	162	0.44807
112	162	0.43181
113	162	0.85905
114	162	0.41863
115	162	0.40516
116	162	0.42529
117	162	0.86363
118	162	0.41817
121	162	0.8748
123	162	0.42448
126	162	0.43536
127	162	0.8929
128	162	0.42086
132	162	0.44628
133	162	0.88926
137	162	0.42911
138	162	1.3569
139	162	0.43822
140	162	0.43094
141	162	0.44634
142	162	0.44296
144	162	0.87057
145	162	0.42899
147	162	1.6825
148	162	1.3055
149	162	0.51061
153	162	0.4337
154	162	1.2878
156	162	0.45085
157	162	2.0088
158	162	1.3838
159	162	4.2821
160	162	5.5538
161	162	8.8777
49	163	0.48592
51	163	0.47335
53	163	0.45446
54	163	0.45181
59	163	0.56159
60	163	0.46424
63	163	0.51681
69	163	0.8805
71	163	0.44621
73	163	0.44193
75	163	0.42945
77	163	0.43798
80	163	0.44947
81	163	0.90997
82	163	0.4859
86	163	0.46297
89	163	0.4624
90	163	0.4837
93	163	0.88754
94	163	0.43453
96	163	0.4278
98	163	0.43433
99	163	0.43922
100	163	0.45274
103	163	0.46099
104	163	0.88181
106	163	0.44218
107	163	0.4483
108	163	0.43625
110	163	0.43645
112	163	0.45451
116	163	0.89483
118	163	0.87991
119	163	0.44128
123	163	1.7863
125	163	1.3263
129	163	0.94408
130	163	0.48579
132	163	0.46915
139	163	0.46081
141	163	0.46901
145	163	0.45151
147	163	0.88554
148	163	2.7471
150	163	0.49716
152	163	1.1384
153	163	0.91248
154	163	1.8073
155	163	0.91835
156	163	1.4222
157	163	1.5818
158	163	1.9394
159	163	2.499
160	163	5.3934
161	163	4.2019
162	163	11.154
59	164	0.52741
61	164	0.56174
69	164	0.82215
71	164	0.83268
72	164	0.80485
73	164	0.41118
76	164	0.42087
78	164	0.81683
79	164	0.42273
81	164	0.85024
86	164	0.43285
88	164	0.55831
89	164	0.43227
90	164	0.45183
93	164	0.41413
95	164	0.4112
96	164	0.39879
97	164	0.41829
98	164	0.80998
100	164	0.4218
101	164	0.41981
103	164	0.43051
104	164	0.41138
105	164	0.42509
108	164	1.2197
109	164	0.81379
112	164	0.42394
115	164	0.39687
116	164	0.4182
117	164	0.42452
118	164	0.41131
121	164	0.43011
122	164	0.40847
123	164	0.83509
124	164	0.83271
126	164	0.85712
127	164	0.87955
128	164	0.82727
132	164	0.43948
134	164	0.45654
135	164	0.44811
139	164	0.43136
140	164	1.2729
143	164	0.43952
144	164	0.85654
145	164	1.264
146	164	0.94411
148	164	1.2845
149	164	0.50462
150	164	0.93475
151	164	0.48324
152	164	0.53493
154	164	0.84303
155	164	1.7159
156	164	0.8876
157	164	0.49616
158	164	0.45448
159	164	0.93909
160	164	2.1013
161	164	2.1842
162	164	6.5274
163	164	10.076
50	165	0.51153
51	165	0.46089
54	165	0.43952
63	165	1.0087
67	165	0.42576
68	165	0.42984
72	165	0.83865
74	165	0.41855
75	165	0.41634
77	165	0.4253
78	165	0.42521
87	165	0.44928
92	165	0.44475
93	165	0.43119
94	165	0.42133
96	165	0.4152
97	165	0.4354
98	165	0.42165
99	165	0.42615
100	165	0.43954
101	165	0.4372
106	165	2.1482
107	165	0.43587
108	165	1.2704
110	165	0.4228
112	165	0.44153
113	165	0.43919
114	165	0.85532
115	165	0.41354
116	165	0.43516
118	165	0.42792
119	165	0.42848
120	165	0.44996
121	165	0.44768
122	165	0.42518
124	165	0.4334
125	165	0.85851
126	165	2.229
127	165	1.3721
128	165	0.43052
129	165	0.46015
132	165	0.45715
133	165	0.4556
134	165	0.47477
135	165	0.46587
136	165	0.8747
139	165	1.3462
140	165	1.3241
141	165	0.91522
142	165	0.45399
144	165	0.44567
145	165	0.87747
146	165	0.49169
147	165	0.43004
149	165	0.52507
152	165	0.55733
153	165	0.88794
154	165	0.87792
156	165	1.3854
158	165	0.47284
159	165	2.9296
160	165	3.0612
161	165	0.45462
162	165	3.1687
163	165	3.3348
164	165	9.3499
46	167	1.4802
48	167	1.2264
52	167	0.93742
67	167	1.8173
78	167	2.727
81	167	0.94559
84	167	1.0002
86	167	0.96374
94	167	0.90778
97	167	0.92958
98	167	0.89939
100	167	0.95571
103	167	0.96559
105	167	0.94664
107	167	0.93924
110	167	0.91114
112	167	0.9486
114	167	0.92345
117	167	0.95354
119	167	0.91577
127	167	1.9486
129	167	0.98418
131	167	1.0019
132	167	0.97572
140	167	0.94431
142	167	0.9668
145	167	1.8838
149	167	1.1654
153	167	0.95213
154	167	0.94307
155	167	0.96174
156	167	0.99065
160	167	2.8113
161	167	1.9571
162	167	3.8545
163	167	2.036
164	167	2.8854
165	167	7.12
53	168	0.43863
57	168	0.47864
59	168	0.54376
60	168	0.44836
63	168	0.49951
64	168	0.48788
69	168	1.6983
71	168	0.43021
72	168	0.4164
73	168	0.42551
74	168	0.41573
79	168	0.43666
81	168	0.439
83	168	0.48617
87	168	0.44571
89	168	0.44629
90	168	0.46679
92	168	0.44112
93	168	0.85574
96	168	0.4122
98	168	1.2557
101	168	0.43386
103	168	0.44471
104	168	0.42506
105	168	0.43878
106	168	0.8527
107	168	0.43241
108	168	0.42032
110	168	0.41997
111	168	0.45501
112	168	0.43819
114	168	0.84926
115	168	0.82159
116	168	0.43172
117	168	0.43841
118	168	0.42452
119	168	0.42532
121	168	0.44408
123	168	0.43096
125	168	0.85213
127	168	0.45347
128	168	0.42718
132	168	0.45327
134	168	0.47052
139	168	0.89003
140	168	0.43767
141	168	0.45353
142	168	0.45003
144	168	1.326
145	168	1.3061
147	168	1.7073
148	168	1.7678
151	168	0.49759
155	168	0.88604
157	168	0.5108
158	168	1.406
159	168	0.96735
160	168	2.6026
161	168	1.3524
162	168	2.6935
163	168	0.94437
164	168	1.3252
165	168	3.6784
167	168	19.864
51	169	0.44192
53	169	0.42397
55	169	0.42466
57	169	0.46296
60	169	0.86704
61	169	0.56036
65	169	0.50519
68	169	0.8242
69	169	0.82037
70	169	1.0883
72	169	0.40182
73	169	0.4106
74	169	0.40108
80	169	0.838
81	169	0.42422
85	169	0.44821
88	169	0.55678
93	169	0.41328
94	169	0.40373
95	169	0.41078
96	169	0.39802
97	169	0.41743
98	169	0.40422
99	169	0.81693
100	169	0.42109
103	169	0.85928
104	169	0.82108
106	169	0.41184
107	169	0.41776
109	169	0.81249
112	169	0.84636
113	169	0.42092
114	169	0.81954
115	169	0.79267
117	169	0.42359
118	169	0.82062
119	169	0.41074
120	169	0.43145
121	169	1.2875
123	169	0.41655
126	169	0.42748
127	169	0.87726
128	169	0.41273
130	169	0.45336
131	169	0.4506
133	169	0.87382
134	169	1.3659
136	169	0.4192
137	169	0.84176
139	169	0.86058
141	169	0.43891
143	169	0.43858
145	169	0.84107
147	169	0.41222
148	169	0.85429
149	169	0.50302
150	169	0.46596
153	169	0.85125
154	169	0.84146
155	169	0.42806
159	169	0.93634
160	169	1.2578
161	169	0.4358
162	169	0.4341
163	169	2.2842
164	169	2.5601
165	169	1.3328
167	169	4.7942
168	169	11.458
55	170	0.54822
64	170	0.61237
67	170	0.5265
70	170	0.72192
73	170	1.592
77	170	0.52641
89	170	0.55719
92	170	0.55018
106	170	0.53166
109	170	0.52448
114	170	1.0599
115	170	0.51155
119	170	1.0599
120	170	0.55624
122	170	0.52594
124	170	1.0717
126	170	0.55126
136	170	0.54138
137	170	1.0857
142	170	0.56117
144	170	1.1033
145	170	0.54308
146	170	0.61171
147	170	1.0641
151	170	0.62219
152	170	0.69722
154	170	0.54343
158	170	1.171
161	170	1.126
162	170	1.1189
163	170	1.1782
165	170	2.8815
167	170	9.8283
168	170	5.6978
169	170	13.212
65	171	0.59375
67	171	0.47893
68	171	0.48324
72	171	0.47273
75	171	0.93822
80	171	0.98263
82	171	0.53088
83	171	0.54883
87	171	1.0095
89	171	0.50551
91	171	1.7144
92	171	0.99895
93	171	0.48517
97	171	0.48945
100	171	0.49512
101	171	0.49195
104	171	0.48208
106	171	0.48329
110	171	0.47689
113	171	0.49416
115	171	0.46627
117	171	0.49693
118	171	0.48088
120	171	0.50511
121	171	0.50294
122	171	0.47828
125	171	0.4832
126	171	0.50038
128	171	0.48409
129	171	0.51599
135	171	1.0437
138	171	1.0391
141	171	0.51275
142	171	0.50891
143	171	1.0294
146	171	0.55206
147	171	0.48385
148	171	0.50083
150	171	0.54346
151	171	1.1238
152	171	1.2487
158	171	1.0602
159	171	0.5466
162	171	0.50779
164	171	1.5023
165	171	0.52143
167	171	4.6011
168	171	1.0327
169	171	1.4986
170	171	2.5936
56	172	0.5031
64	172	0.57513
69	172	0.4986
70	172	0.6735
71	172	1.0104
73	172	0.49992
75	172	0.97055
78	172	0.49548
79	172	0.51334
80	172	1.0186
83	172	0.57076
84	172	0.54611
87	172	0.52346
90	172	1.0994
98	172	0.49124
99	172	0.49675
103	172	0.52263
104	172	0.49952
107	172	0.50825
108	172	0.98819
109	172	0.49416
112	172	0.51474
114	172	0.49911
117	172	0.51538
119	172	0.49928
120	172	0.52385
122	172	0.49538
127	172	0.53223
128	172	0.50161
130	172	0.55126
131	172	0.54665
132	172	0.53212
133	172	0.53023
137	172	0.51127
138	172	0.53957
141	172	0.53236
143	172	0.53441
147	172	0.50117
148	172	0.51971
152	172	0.65301
153	172	1.0346
154	172	1.0235
157	172	1.202
158	172	0.55082
160	172	1.019
161	172	2.1193
162	172	0.52679
163	172	0.55441
164	172	1.558
165	172	0.54173
168	172	2.6804
169	172	2.5905
170	172	2.7212
171	172	13.395
51	173	0.44562
54	173	0.425
57	173	0.46626
64	173	0.47514
65	173	0.50864
69	173	0.41386
70	173	0.54807
71	173	1.2582
72	173	0.40603
74	173	0.40545
78	173	0.82296
79	173	0.42559
81	173	0.42795
84	173	0.45355
90	173	0.45491
92	173	0.8599
93	173	0.41707
94	173	0.40794
95	173	1.2464
97	173	0.42121
98	173	1.2244
100	173	0.42524
104	173	0.41433
105	173	0.42767
106	173	0.41562
108	173	0.81949
111	173	0.44342
115	173	0.40066
116	173	0.42083
119	173	0.82938
120	173	0.87019
122	173	1.234
123	173	0.42004
126	173	0.43088
127	173	0.44194
128	173	0.8328
130	173	0.45726
132	173	0.44175
135	173	0.44984
137	173	0.4246
138	173	0.4478
139	173	0.43372
140	173	0.853
145	173	0.42444
146	173	1.4238
147	173	0.83225
151	173	0.48472
154	173	0.84938
156	173	0.89255
158	173	0.45667
159	173	1.8847
160	173	0.42275
161	173	2.1966
162	173	1.3127
163	173	0.92035
164	173	0.43057
165	173	0.89599
167	173	0.95777
168	173	1.3329
169	173	0.85908
170	173	2.7706
171	173	2.5147
172	173	13.564
49	174	0.43894
50	174	0.47363
54	174	0.40814
55	174	0.41132
56	174	0.80249
57	174	0.44796
60	174	0.41975
61	174	1.0827
70	174	0.52607
71	174	0.80534
73	174	0.39823
74	174	0.77812
77	174	1.1851
78	174	0.79002
79	174	0.4086
80	174	0.81166
88	174	0.53772
93	174	0.40037
94	174	0.78294
95	174	0.39862
96	174	0.38573
97	174	0.8089
98	174	0.39177
100	174	0.81629
105	174	0.41071
108	174	0.39324
110	174	0.78604
113	174	0.40797
114	174	0.39734
116	174	0.80824
117	174	2.4615
118	174	0.3973
124	174	0.40264
125	174	0.79745
126	174	0.82773
127	174	0.42461
128	174	0.39978
131	174	0.43611
132	174	0.42441
135	174	0.43227
136	174	0.40625
137	174	0.40774
138	174	0.43028
139	174	0.41661
143	174	0.42473
144	174	0.4137
146	174	0.45588
148	174	0.41351
150	174	0.45073
151	174	0.46603
155	174	0.41464
156	174	0.42873
159	174	0.90575
160	174	0.40594
161	174	1.2659
162	174	0.84072
163	174	0.44228
165	174	0.8603
167	174	1.8378
168	174	0.42674
169	174	2.4745
170	174	1.0641
171	174	1.4504
172	174	4.0082
173	174	7.4869
46	175	0.57961
52	175	0.41816
54	175	0.41874
57	175	0.46013
59	175	0.52283
61	175	0.55669
65	175	0.50197
67	175	0.40553
68	175	0.40948
69	175	0.40755
75	175	0.39634
77	175	0.40497
79	175	0.41911
80	175	0.41632
83	175	0.46778
84	175	0.44731
86	175	0.42916
87	175	0.42792
91	175	0.48444
94	175	0.40096
96	175	0.3954
98	175	0.40156
99	175	0.40571
100	175	0.83648
104	175	0.40786
105	175	0.42143
106	175	0.40917
110	175	0.80447
115	175	0.39358
117	175	0.42087
121	175	0.85285
123	175	0.82787
124	175	0.41282
126	175	0.42485
127	175	0.43596
129	175	0.43855
134	175	0.45258
137	175	0.41818
139	175	0.42763
141	175	0.43634
142	175	0.43283
143	175	0.87148
147	175	0.40951
148	175	0.42446
156	175	0.43999
159	175	0.46542
162	175	1.2942
165	175	0.88278
168	175	1.7517
169	175	0.84606
170	175	1.0937
172	175	2.059
173	175	0.42686
174	175	10.655
48	176	0.50365
49	176	0.44398
51	176	1.2992
52	176	0.82473
54	176	0.41296
55	176	0.41607
57	176	0.45415
59	176	0.51615
60	176	0.42505
65	176	0.49533
67	176	1.1992
69	176	0.4018
74	176	0.39208
75	176	0.39032
78	176	0.39908
93	176	0.80942
96	176	1.5585
100	176	0.82403
101	176	1.2307
104	176	0.80401
106	176	0.80666
107	176	0.81848
109	176	0.79484
117	176	0.41497
121	176	0.4205
123	176	0.81653
125	176	0.40271
128	176	0.40432
140	176	0.41499
143	176	0.42963
144	176	0.83756
149	176	0.49407
155	176	0.83866
158	176	0.44464
161	176	0.85439
162	176	0.85127
163	176	0.44818
165	176	1.3057
168	176	0.43195
169	176	1.2512
170	176	0.5395
171	176	0.98006
172	176	0.50787
173	176	2.5264
174	176	6.8709
175	176	12.014
48	177	0.52372
49	177	0.46218
50	177	0.49911
51	177	0.90106
52	177	0.42913
53	177	0.4323
54	177	0.42971
55	177	0.43305
56	177	0.42245
57	177	0.47187
60	177	0.44196
65	177	1.0301
67	177	0.41635
68	177	0.42027
70	177	0.55499
71	177	0.42386
73	177	0.41902
76	177	1.7153
77	177	0.41587
93	177	1.2647
94	177	0.82404
95	177	1.6774
96	177	1.6243
97	177	0.85147
98	177	0.82474
101	177	0.42743
109	177	0.82905
110	177	0.41349
113	177	0.42939
119	177	0.41901
120	177	0.4399
125	177	0.41972
126	177	0.43581
128	177	0.42094
137	177	0.42921
144	177	0.43564
146	177	0.48015
147	177	0.42051
149	177	0.51245
154	177	0.42917
158	177	0.46203
160	177	0.85504
164	177	1.3056
165	177	1.3592
169	177	0.43425
172	177	1.0564
173	177	3.9415
174	177	6.3086
175	177	8.1981
176	177	12.765
46	178	0.59701
48	178	0.52678
49	178	0.93157
50	178	0.50273
51	178	0.90781
60	178	0.44467
61	178	0.57392
64	178	0.96584
65	178	0.51756
67	178	0.41996
68	178	0.42335
72	178	0.41472
73	178	0.8479
74	178	0.41441
75	178	0.41183
77	178	0.41969
78	178	0.41961
79	178	0.43371
89	178	0.44304
93	178	0.42515
94	178	0.41665
97	178	0.42929
98	178	0.41626
99	178	0.42118
100	178	0.43407
103	178	0.44187
106	178	0.42365
107	178	0.4294
108	178	0.41802
110	178	0.83759
114	178	0.42292
122	178	1.2577
123	178	0.42761
124	178	0.85491
125	178	0.42374
128	178	0.42424
130	178	0.93216
132	178	0.44938
133	178	0.44746
139	178	0.44135
141	178	0.44874
143	178	0.45074
144	178	0.43854
145	178	0.8656
146	178	0.4832
150	178	0.47595
151	178	0.49208
153	178	0.437
155	178	0.44
156	178	0.45424
160	178	0.86074
161	178	0.89441
164	178	1.7559
165	178	0.45641
167	178	1.9466
168	178	0.90478
169	178	0.43771
170	178	1.1286
171	178	1.5348
172	178	0.53111
173	178	1.7632
174	178	3.8115
175	178	4.7863
176	178	6.014
177	178	4.907
51	179	0.47912
52	179	0.45668
56	179	0.44967
59	179	0.5683
63	179	0.52306
69	179	0.44562
70	179	0.59082
73	179	0.44788
78	179	1.3301
79	179	0.4583
80	179	0.45492
81	179	0.46056
82	179	0.49145
93	179	0.44929
97	179	0.45348
103	179	0.46674
108	179	0.44183
116	179	0.45277
120	179	0.93584
121	179	0.46574
122	179	0.44299
123	179	0.90369
126	179	0.46312
133	179	0.47263
135	179	0.48258
139	179	0.93237
140	179	0.45842
142	179	0.94132
143	179	0.9525
145	179	0.4572
147	179	0.44836
150	179	1.5074
154	179	0.45757
156	179	0.47967
159	179	0.50526
160	179	1.8191
161	179	0.94483
162	179	1.4106
163	179	1.4818
164	179	0.46377
167	179	1.0329
168	179	0.47786
169	179	2.3124
172	179	1.6839
173	179	4.1905
174	179	5.8179
175	179	2.7584
176	179	2.2696
177	179	1.4137
178	179	10.881
63	180	1.0013
69	180	0.42621
70	180	0.56501
71	180	0.8643
72	180	0.41889
74	180	0.83696
75	180	0.41595
76	180	0.4379
77	180	0.42409
79	180	0.43835
82	180	0.94155
87	180	0.44748
91	180	0.50476
92	180	2.2125
93	180	0.42967
94	180	0.42085
95	180	0.85829
98	180	0.42058
99	180	0.8509
100	180	0.87706
101	180	0.43585
102	180	0.44683
103	180	0.89306
105	180	0.44018
110	180	0.42287
112	180	0.88067
117	180	0.44001
118	180	1.2775
119	180	0.42738
120	180	0.89572
124	180	0.86389
125	180	0.42814
127	180	0.45444
129	180	0.91418
131	180	0.46642
132	180	0.45435
134	180	0.47126
135	180	0.46218
137	180	0.43723
138	180	0.46016
139	180	0.4462
141	180	0.9079
142	180	0.45064
143	180	0.45559
145	180	0.87465
146	180	0.48852
151	180	0.49779
152	180	0.55161
155	180	0.8894
156	180	0.91838
158	180	0.46963
159	180	0.48404
160	180	0.87018
161	180	0.90421
163	180	0.47315
165	180	0.46136
167	180	1.9754
168	180	0.91464
169	180	1.7696
170	180	1.1416
171	180	2.5864
172	180	4.8343
173	180	1.7825
174	180	0.85625
175	180	0.43973
176	180	1.3021
177	180	0.9018
178	180	1.8119
179	180	8.1339
46	181	0.64252
56	181	0.91577
65	181	0.55758
68	181	0.4556
69	181	0.45377
70	181	0.602
73	181	0.45577
75	181	0.44283
76	181	0.46638
80	181	1.3897
84	181	0.4959
85	181	0.49327
86	181	0.95416
89	181	0.95309
92	181	0.47088
94	181	0.44814
104	181	1.3636
105	181	0.46846
106	181	0.91157
112	181	1.4057
117	181	0.46841
121	181	1.4226
122	181	0.45106
124	181	0.91935
127	181	0.48337
132	181	0.48329
133	181	0.96281
134	181	0.50106
135	181	0.49161
137	181	0.46526
139	181	0.47475
142	181	0.95896
145	181	0.93086
146	181	0.51976
148	181	0.47187
149	181	1.1052
151	181	0.52909
152	181	1.1733
153	181	0.94032
154	181	0.46578
155	181	0.47327
159	181	0.51471
160	181	0.46316
161	181	0.48109
164	181	0.47216
165	181	0.49114
168	181	0.48661
169	181	0.4709
171	181	0.54977
172	181	3.4311
173	181	1.4224
175	181	0.46807
176	181	0.46211
177	181	0.95965
178	181	0.48197
179	181	1.526
180	181	7.3105
50	182	0.51387
59	182	0.55012
64	182	0.49376
67	182	0.4294
68	182	0.43293
69	182	0.86242
75	182	0.42102
80	182	0.44025
81	182	0.44577
83	182	0.49208
84	182	0.47165
86	182	0.9072
87	182	1.3579
88	182	0.58197
91	182	0.51019
92	182	1.3427
96	182	0.41916
98	182	0.4256
99	182	0.86113
104	182	0.43191
106	182	0.86637
109	182	0.85675
113	182	0.44316
115	182	1.2557
116	182	0.43822
121	182	0.45078
123	182	0.43729
124	182	0.43701
125	182	0.43323
127	182	0.4595
128	182	0.86762
131	182	0.47151
134	182	0.47637
135	182	0.46721
142	182	1.3669
146	182	0.98781
148	182	0.4483
150	182	0.48657
154	182	0.88561
155	182	0.89968
158	182	0.94958
159	182	0.48919
160	182	0.8802
161	182	0.45723
163	182	0.47829
168	182	0.46249
169	182	0.44753
170	182	1.1535
171	182	0.52272
172	182	2.1715
173	182	1.8027
174	182	0.4331
175	182	1.3346
178	182	1.3739
179	182	0.9672
180	182	2.3159
181	182	10.837
46	183	0.61982
49	183	0.48369
53	183	0.45238
64	183	1.0041
68	183	0.44004
69	183	0.43823
72	183	0.4306
81	183	0.45292
83	183	0.50005
84	183	0.47923
86	183	0.46087
87	183	0.45983
88	183	0.59184
91	183	0.51875
92	183	0.90974
93	183	0.44175
99	183	0.43727
106	183	0.88033
109	183	0.43504
115	183	0.84999
116	183	0.44536
118	183	0.43791
124	183	0.44398
125	183	0.4401
128	183	0.44087
133	183	0.46518
134	183	0.48425
135	183	0.47512
136	183	0.8963
139	183	1.8347
142	183	0.9267
143	183	0.93652
145	183	0.44948
147	183	0.44078
148	183	0.45572
152	183	0.56646
154	183	0.89959
155	183	0.45708
156	183	0.47187
159	183	0.99486
161	183	0.92943
162	183	0.46262
164	183	0.45594
168	183	0.47001
169	183	0.45475
170	183	1.1724
171	183	1.0622
172	183	1.6553
173	183	0.91611
174	183	0.88048
178	183	0.46575
179	183	0.98325
180	183	1.8837
181	183	3.5043
182	183	22.85
48	184	0.51725
50	184	0.49301
51	184	0.44516
55	184	0.42782
56	184	0.41733
57	184	0.93183
61	184	0.56397
64	184	0.47484
68	184	0.41514
69	184	0.41331
70	184	0.54809
71	184	1.2566
72	184	0.4054
74	184	0.4048
75	184	0.4026
79	184	0.42507
91	184	0.49051
93	184	0.41652
95	184	0.4148
96	184	0.80256
97	184	0.42066
98	184	0.40752
99	184	0.82395
101	184	0.42239
102	184	0.433
108	184	0.40916
109	184	0.40978
111	184	0.44294
112	184	1.28
114	184	0.41342
115	184	0.79998
116	184	0.4203
117	184	0.85353
118	184	0.82649
119	184	0.41411
120	184	0.4346
122	184	0.41077
123	184	0.41952
124	184	0.83755
125	184	0.8296
126	184	0.4304
127	184	0.4415
129	184	0.4441
131	184	0.4534
133	184	1.3191
135	184	0.44945
136	184	0.42258
137	184	0.42407
139	184	0.8665
140	184	0.85204
141	184	0.44148
143	184	0.88375
144	184	0.43029
145	184	0.42389
146	184	1.4228
147	184	0.41555
148	184	0.43016
152	184	0.53653
154	184	0.42413
155	184	0.4313
157	184	0.49731
159	184	0.47087
161	184	0.43886
162	184	0.43709
164	184	0.43004
167	184	1.9247
168	184	0.88771
169	184	1.7161
172	184	2.0863
173	184	1.7303
174	184	1.6616
175	184	0.42633
176	184	0.84101
177	184	0.43746
178	184	0.44038
179	184	3.2569
180	184	2.226
181	184	1.8953
182	184	5.4034
183	184	6.4074
46	185	0.57749
48	185	0.509
52	185	0.41721
54	185	1.2533
57	185	0.91687
60	185	0.42956
61	185	0.5547
63	185	0.47835
65	185	0.5002
69	185	0.40675
70	185	0.5392
71	185	0.41228
72	185	1.1973
73	185	0.40792
74	185	0.39855
77	185	0.80897
79	185	0.41833
80	185	0.41544
83	185	0.466
92	185	0.84527
93	185	0.40993
94	185	0.80195
96	185	0.78993
97	185	0.41404
98	185	0.40113
99	185	0.40557
100	185	0.83607
101	185	0.41575
103	185	0.42616
105	185	0.42038
106	185	0.40851
109	185	0.40342
111	185	1.3078
114	185	1.221
119	185	0.40763
122	185	0.40427
123	185	0.41283
124	185	0.82439
125	185	0.40829
126	185	0.42353
127	185	1.3034
134	185	0.90164
135	185	0.44221
136	185	0.41596
137	185	0.41739
140	185	0.41917
143	185	0.43487
147	185	0.40903
148	185	0.42328
149	185	0.49739
151	185	0.47668
154	185	0.83499
155	185	0.84898
156	185	0.43877
158	185	0.449
160	185	0.83101
161	185	0.43188
163	185	0.90504
164	185	0.84655
167	185	0.94479
168	185	2.184
169	185	1.2667
171	185	0.98956
172	185	1.0263
173	185	0.85138
174	185	1.2263
175	185	2.9372
176	185	0.4139
177	185	1.2916
178	185	0.86654
180	185	2.1903
181	185	1.8652
182	185	1.7723
183	185	4.5041
184	185	13.181
49	186	0.94931
53	186	0.44384
55	186	0.44475
56	186	0.43386
57	186	0.48358
60	186	0.45339
61	186	0.58549
63	186	0.50483
73	186	0.4316
82	186	0.47475
85	186	0.4679
86	186	0.45222
88	186	1.162
91	186	0.50909
95	186	0.43252
97	186	0.87492
98	186	0.4241
99	186	0.42893
101	186	0.43947
102	186	0.45043
106	186	0.43175
107	186	0.87543
108	186	0.42592
109	186	0.42672
112	186	0.44394
113	186	0.4416
114	186	0.86127
115	186	0.41682
117	186	0.44373
118	186	0.42952
119	186	0.43093
121	186	0.4494
122	186	0.42727
127	186	0.45834
128	186	0.43244
132	186	0.45823
136	186	0.43965
137	186	0.4409
138	186	0.46418
140	186	0.88502
141	186	0.45798
142	186	0.45461
144	186	0.44712
159	186	0.48824
160	186	0.43884
161	186	0.45595
165	186	0.93049
167	186	0.99535
168	186	0.46118
169	186	0.44612
170	186	0.57549
172	186	0.54161
173	186	2.6965
174	186	0.43181
175	186	0.44341
176	186	1.3129
177	186	0.90938
178	186	1.8279
179	186	3.378
180	186	0.46208
181	186	0.98295
182	186	0.93436
183	186	0.47491
184	186	6.735
185	186	18.115
53	187	0.43361
57	187	0.47269
60	187	0.44302
64	187	0.48165
71	187	0.42557
72	187	0.41228
75	187	0.40941
78	187	0.83502
79	187	0.43176
80	187	0.42869
82	187	0.92829
83	187	0.4802
84	187	0.45985
86	187	0.88369
91	187	0.99537
92	187	0.43598
97	187	0.42729
100	187	0.43175
101	187	1.2876
102	187	1.7602
105	187	0.86736
106	187	1.2649
108	187	0.41585
109	187	1.25
111	187	0.44992
115	187	0.40689
116	187	0.42676
121	187	1.3171
123	187	2.1295
124	187	0.42542
125	187	0.84311
126	187	0.87358
128	187	0.42234
131	187	0.91973
136	187	0.4294
137	187	0.86138
138	187	0.45369
139	187	0.43971
140	187	0.86459
145	187	0.86139
147	187	0.42225
148	187	0.43669
150	187	0.47491
151	187	0.49107
153	187	0.87047
154	187	0.86199
159	187	0.95477
160	187	0.42865
161	187	0.89099
162	187	0.44361
164	187	0.43691
165	187	0.45454
168	187	0.90125
169	187	0.43577
172	187	1.5887
173	187	1.3173
174	187	1.2653
175	187	0.4331
176	187	0.42738
177	187	0.44423
179	187	0.47182
180	187	0.45159
182	187	2.74
183	187	1.3929
184	187	3.9478
185	187	5.1792
186	187	9.1102
46	188	0.61917
52	188	0.44847
54	188	0.44902
56	188	0.44157
60	188	0.92259
70	188	0.57976
72	188	0.43016
76	188	0.89929
78	188	0.43529
79	188	0.44998
80	188	0.89341
81	188	0.45227
82	188	0.48283
83	188	0.49922
85	188	0.47584
91	188	0.51786
93	188	0.44111
94	188	0.43216
96	188	0.85056
98	188	0.4318
99	188	0.4368
100	188	0.45023
103	188	0.91658
106	188	0.43952
108	188	0.43371
109	188	0.86915
110	188	0.43424
117	188	0.45165
121	188	0.91472
122	188	0.86991
125	188	0.87909
126	188	0.45486
128	188	0.44017
132	188	0.46616
133	188	0.46427
143	188	0.4676
147	188	0.44019
153	188	0.90678
155	188	0.45642
156	188	0.47112
161	188	0.46395
162	188	0.46184
163	188	0.48526
168	188	1.4078
169	188	0.90819
175	188	1.8055
177	188	1.851
178	188	0.46476
179	188	0.9814
180	188	1.88
181	188	0.49977
182	188	0.47511
184	188	2.2845
185	188	3.1473
186	188	3.3183
187	188	8.8049
48	189	0.50235
51	189	0.43206
52	189	0.41137
55	189	0.41508
56	189	0.40491
57	189	0.45286
64	189	0.46171
67	189	0.39885
68	189	0.4028
69	189	0.40086
72	189	0.7846
73	189	0.80173
74	189	0.39149
75	189	0.38966
76	189	0.82056
78	189	0.39824
81	189	0.41463
85	189	0.43856
87	189	0.42095
92	189	0.83377
93	189	0.40381
94	189	0.39418
96	189	0.77762
97	189	0.40794
98	189	0.78978
100	189	0.41124
101	189	0.81873
103	189	0.41986
107	189	0.40827
111	189	0.42964
113	189	0.4112
115	189	0.38688
116	189	0.40787
117	189	0.82797
122	189	0.39831
125	189	0.80378
129	189	0.8632
144	189	0.41771
146	189	0.46047
147	189	1.2082
149	189	0.49241
160	189	0.40987
161	189	0.4261
162	189	0.42452
163	189	0.44694
164	189	0.83385
167	189	0.93736
168	189	0.43086
169	189	0.41611
170	189	0.53807
173	189	0.41999
174	189	1.2095
175	189	1.2401
176	189	0.8148
177	189	2.9713
178	189	2.1414
179	189	1.3577
184	189	2.936
185	189	3.7154
186	189	3.4912
187	189	3.8357
188	189	8.8862
49	190	0.4402
51	190	0.42947
52	190	0.40896
54	190	0.40952
55	190	1.2379
67	190	0.39662
68	190	0.40046
69	190	0.79712
71	190	0.40371
72	190	0.78048
73	190	0.79752
74	190	1.1685
76	190	0.40798
77	190	0.39604
78	190	0.39603
79	190	0.40982
80	190	0.40714
81	190	0.41222
88	190	0.54002
91	190	0.47338
92	190	0.41439
94	190	0.3921
96	190	0.3867
97	190	0.81123
98	190	0.78548
104	190	0.39883
106	190	0.40015
107	190	0.40588
108	190	0.39417
109	190	0.39461
110	190	0.39335
111	190	0.85406
112	190	0.41109
113	190	0.40889
118	190	0.79755
124	190	0.40375
125	190	1.199
126	190	0.41549
127	190	0.42638
128	190	0.8021
129	190	0.85776
130	190	0.44047
138	190	0.43233
140	190	0.41131
142	190	0.42331
144	190	0.83038
145	190	0.40856
147	190	0.40049
149	190	0.97753
152	190	0.51799
153	190	0.4136
154	190	0.40873
155	190	0.83178
158	190	0.44057
159	190	0.4551
160	190	0.40743
161	190	0.42348
162	190	0.84388
164	190	0.829
165	190	0.4315
168	190	0.85642
172	190	1.0055
173	190	1.6698
174	190	0.80159
175	190	0.82194
176	190	0.81021
177	190	2.1096
178	190	0.42554
179	190	1.7983
180	190	1.2901
181	190	1.3732
182	190	0.87016
183	190	1.3262
184	190	1.2507
185	190	2.8723
186	190	3.4691
187	190	5.5056
188	190	4.4143
189	190	9.2968
49	191	0.87581
52	191	0.4069
53	191	0.40996
56	191	0.40055
60	191	0.83847
61	191	0.54016
64	191	0.45621
65	191	0.48764
68	191	0.39844
72	191	0.38821
73	191	0.39668
74	191	0.38746
75	191	0.38564
77	191	0.39402
79	191	1.2232
81	191	0.41013
93	191	0.79892
96	191	0.76947
97	191	0.40356
101	191	0.8099
104	191	0.3968
105	191	0.41007
107	191	0.80764
108	191	0.78428
109	191	0.39257
111	191	0.42483
120	191	0.41718
122	191	0.39406
126	191	0.82685
128	191	0.39902
135	191	0.86451
139	191	0.41613
143	191	0.84762
144	191	0.4131
153	191	0.41152
160	191	0.40538
161	191	0.42134
164	191	1.2371
165	191	0.85852
168	191	0.85206
169	191	1.2346
173	191	0.83072
174	191	2.7915
175	191	0.81773
176	191	1.209
177	191	0.83954
178	191	2.5407
180	191	1.2837
182	191	0.86587
183	191	0.87971
184	191	0.41479
185	191	1.2248
186	191	1.7259
187	191	0.84279
188	191	3.0747
189	191	2.8149
190	191	8.7974
50	192	0.46767
51	192	0.42332
52	192	0.4032
55	192	0.81344
56	192	0.3969
59	192	0.50419
61	192	0.53539
65	192	0.96719
67	192	0.39065
68	192	0.39485
69	192	0.39278
71	192	0.39748
72	192	0.38343
73	192	0.39164
75	192	0.38096
76	192	0.40089
77	192	0.38988
78	192	0.38991
79	192	0.80751
80	192	0.40131
83	192	0.45198
90	192	0.43118
93	192	1.1864
94	192	0.38529
95	192	0.39095
96	192	0.38065
97	192	0.79918
101	192	0.40066
103	192	0.4111
104	192	0.3928
106	192	0.7883
107	192	0.4
108	192	0.38786
109	192	0.38791
110	192	0.38596
112	192	1.2134
114	192	0.39096
115	192	0.37799
116	192	0.39984
121	192	0.41104
122	192	0.78043
130	192	0.43376
134	192	0.43733
139	192	0.41275
140	192	0.40614
141	192	0.84422
145	192	0.40223
147	192	0.39426
148	192	0.40941
149	192	0.48364
152	192	0.51164
153	192	0.81581
156	192	0.42448
160	192	0.40192
161	192	0.41775
162	192	0.83279
163	192	0.4385
164	192	0.40814
165	192	0.4252
167	192	0.90808
171	192	0.95781
173	192	0.41184
174	192	0.79063
175	192	1.619
176	192	0.39859
177	192	2.4953
178	192	0.8414
179	192	0.44436
181	192	0.45215
182	192	0.43001
183	192	0.87317
184	192	3.7009
185	192	0.80974
186	192	1.7131
187	192	0.4182
188	192	1.7448
189	192	3.9794
190	192	4.3546
191	192	10.239
48	193	0.48931
49	193	0.8635
50	193	0.46568
51	193	0.84289
53	193	0.4044
54	193	0.40192
55	193	0.40488
56	193	0.39506
61	193	0.53279
67	193	0.389
69	193	0.39102
70	193	0.51682
71	193	0.39587
76	193	0.39957
77	193	0.77662
78	193	0.77666
81	193	0.40443
83	193	0.44957
86	193	0.41184
89	193	2.0562
90	193	0.42945
93	193	0.39377
94	193	0.38404
95	193	0.39008
96	193	0.75827
97	193	0.39788
98	193	0.38506
102	193	0.81798
103	193	0.40938
104	193	0.78227
105	193	0.80906
106	193	0.39247
110	193	0.38496
112	193	0.40296
114	193	0.38973
116	193	0.39797
117	193	0.40376
118	193	0.39148
120	193	0.41151
121	193	0.81838
123	193	0.39739
125	193	1.5671
136	193	0.39929
142	193	0.41607
145	193	0.40061
150	193	0.44555
152	193	0.50883
156	193	0.42242
158	193	0.43273
159	193	0.44742
160	193	0.39995
163	193	0.43623
164	193	0.81293
165	193	0.42329
169	193	0.81154
173	193	0.40983
174	193	1.1802
175	193	1.6122
176	193	1.9854
177	193	1.242
178	193	1.2548
179	193	0.44187
180	193	0.84506
181	193	0.44974
182	193	0.4276
183	193	0.86859
185	193	0.40285
187	193	1.2479
188	193	1.3014
189	193	3.1706
190	193	1.971
191	193	3.9219
192	193	10.468
53	194	0.41732
61	194	0.54976
63	194	0.47471
64	194	0.46406
69	194	0.40379
71	194	0.40908
73	194	0.40431
74	194	0.39499
75	194	1.179
78	194	0.40133
79	194	0.41518
80	194	0.41243
85	194	0.44101
86	194	0.4251
94	194	0.79508
96	194	0.39192
97	194	0.41094
98	194	0.79603
100	194	0.41449
104	194	0.40413
106	194	1.2163
108	194	0.799
109	194	0.40003
111	194	0.43256
112	194	0.41659
115	194	0.78071
116	194	0.41073
120	194	0.42466
122	194	0.40129
124	194	0.40907
126	194	0.42072
131	194	0.44334
132	194	0.86277
136	194	0.41267
137	194	0.41431
142	194	0.42845
143	194	0.43153
147	194	0.81168
153	194	0.4189
156	194	0.43567
161	194	0.42884
162	194	0.42723
163	194	0.44947
164	194	0.41996
169	194	0.41905
170	194	0.54025
172	194	0.5089
173	194	0.84549
174	194	1.2179
175	194	0.83275
176	194	2.0527
177	194	1.282
179	194	1.8198
180	194	0.87057
183	194	0.44743
184	194	0.84442
185	194	0.41555
186	194	1.7558
187	194	1.7151
188	194	1.3403
189	194	2.4575
190	194	2.8506
191	194	3.2414
192	194	5.2176
193	194	18.38
41	195	0.7458
46	195	0.56232
50	195	1.4142
55	195	0.40963
56	195	0.39968
57	195	0.44722
60	195	0.83723
65	195	0.48721
68	195	0.3976
69	195	0.79118
73	195	0.39492
74	195	0.38562
75	195	0.76806
76	195	0.40422
80	195	0.40417
82	195	0.87868
92	195	0.82312
93	195	0.79674
94	195	0.77687
96	195	0.38351
97	195	1.2075
98	195	0.38949
100	195	1.2159
101	195	0.40372
102	195	0.4137
108	195	0.39084
110	195	0.77862
113	195	0.40544
121	195	0.41399
124	195	0.4006
132	195	0.42344
139	195	0.41552
142	195	0.42105
144	195	0.41238
150	195	0.45094
153	195	0.41075
159	195	0.45284
161	195	0.42065
164	195	1.2337
165	195	0.42835
169	195	1.6422
170	195	0.53014
173	195	0.82932
174	195	0.39802
176	195	0.40169
177	195	0.41887
178	195	0.42328
179	195	1.3415
180	195	0.85516
181	195	0.45514
184	195	0.41406
185	195	0.40762
186	195	1.2932
188	195	2.1949
189	195	4.4104
190	195	3.1903
191	195	5.9509
192	195	6.666
193	195	5.4705
194	195	8.4887
48	196	0.51581
51	196	0.44302
52	196	0.84382
54	196	0.42254
55	196	0.42568
57	196	0.46511
59	196	0.5287
61	196	0.5633
65	196	0.50761
69	196	0.82211
71	196	0.41607
72	196	0.40158
73	196	0.41023
76	196	0.84034
77	196	0.81626
92	196	0.42769
93	196	0.82795
95	196	0.40977
96	196	0.3984
99	196	0.40846
100	196	0.42122
104	196	0.41121
107	196	0.41872
108	196	0.40614
110	196	0.40436
111	196	0.4406
115	196	0.39582
117	196	0.42459
118	196	0.41157
121	196	0.43022
122	196	0.40836
123	196	0.41782
127	196	0.44046
134	196	0.4575
141	196	0.44138
143	196	0.87923
144	196	0.4286
149	196	0.50656
150	196	0.46882
156	196	0.44423
162	196	0.43561
163	196	0.4588
164	196	0.42737
168	196	0.44206
169	196	0.42669
170	196	0.55298
173	196	0.43093
174	196	0.41361
175	196	2.9664
176	196	1.2523
177	196	1.3061
178	196	0.87996
179	196	0.46488
183	196	0.45675
185	196	0.84731
186	196	0.89615
187	196	1.3128
188	196	2.7378
189	196	2.9167
190	196	5.8006
191	196	6.1823
192	196	4.4795
193	196	8.1173
194	196	5.8796
195	196	12.317
48	197	0.97482
51	197	0.41978
54	197	0.80054
56	197	0.78688
60	197	0.41198
61	197	0.53072
69	197	0.38943
71	197	0.39433
72	197	0.76162
75	197	0.37832
76	197	0.79624
79	197	0.40038
93	197	0.3922
95	197	0.38881
96	197	1.1329
97	197	0.3963
99	197	0.38734
104	197	0.38958
106	197	1.1727
108	197	0.38486
109	197	0.38518
110	197	0.38365
111	197	0.41721
113	197	0.79858
117	197	0.40212
120	197	0.40984
122	197	0.38694
124	197	0.39444
125	197	0.39027
126	197	0.40629
127	197	0.41705
128	197	0.39188
143	197	0.41622
158	197	0.4309
160	197	0.39827
162	197	0.82518
165	197	0.8432
168	197	0.41856
169	197	1.6166
170	197	1.0428
172	197	0.98255
173	197	1.2244
174	197	0.7835
175	197	2.0073
176	197	1.9778
177	197	3.2986
178	197	1.6656
180	197	0.84136
183	197	0.86491
184	197	1.2225
185	197	1.6046
186	197	0.42417
187	197	1.2425
188	197	1.7276
189	197	3.553
190	197	1.5706
191	197	6.2502
192	197	8.1131
193	197	6.9278
194	197	5.9693
195	197	6.2288
196	197	13.345
46	198	0.58335
49	198	0.90856
51	198	0.44288
52	198	0.42174
53	198	0.84971
54	198	0.42229
55	198	0.85125
56	198	1.2456
57	198	0.46324
61	198	0.56047
67	198	0.40938
68	198	0.82598
69	198	0.41121
73	198	0.41253
74	198	1.2093
75	198	0.80168
76	198	0.84388
78	198	0.81784
80	198	0.41997
82	198	0.45498
83	198	0.47078
93	198	0.8289
95	198	0.41316
96	198	1.1981
97	198	0.41857
103	198	0.43081
107	198	0.83753
114	198	0.8232
120	198	0.43236
122	198	0.40872
123	198	0.41731
125	198	0.41283
126	198	0.42806
128	198	0.41374
144	198	0.428
146	198	0.47166
147	198	0.82711
148	198	0.42785
153	198	0.42644
154	198	0.4221
155	198	0.42911
156	198	0.44344
163	198	0.45724
164	198	0.85583
169	198	0.42685
170	198	0.55086
173	198	0.43026
175	198	0.4242
176	198	2.9295
177	198	3.0463
178	198	0.87563
179	198	1.3877
185	198	0.42291
186	198	0.89296
187	198	1.7448
188	198	1.3629
189	198	3.7564
190	198	3.3187
191	198	5.366
192	198	4.9132
193	198	2.0367
194	198	3.3606
195	198	6.1826
196	198	5.9974
197	198	13.791
48	199	0.4948
50	199	0.47158
51	199	0.42639
52	199	0.81179
53	199	0.40893
54	199	0.40642
55	199	0.40962
57	199	0.89167
59	199	1.013
60	199	0.83577
63	199	0.46508
64	199	0.90847
67	199	1.1818
72	199	0.3883
74	199	0.77565
75	199	1.1571
80	199	0.40415
89	199	0.41597
90	199	0.87024
92	199	0.8223
96	199	0.38427
97	199	1.2085
101	199	1.6179
104	199	0.79227
105	199	0.8179
108	199	0.78351
109	199	0.78509
110	199	0.39181
113	199	0.8129
114	199	0.396
116	199	0.40242
118	199	0.39558
119	199	0.79324
120	199	0.41619
121	199	0.41397
122	199	1.1799
124	199	0.80212
125	199	1.1917
126	199	0.41201
127	199	0.42266
131	199	0.43403
136	199	0.4047
139	199	0.41476
141	199	0.42245
142	199	1.2577
146	199	0.45386
156	199	0.42685
160	199	0.40418
161	199	0.4201
162	199	0.41851
163	199	0.44025
167	199	0.91206
168	199	0.4249
169	199	0.82147
172	199	0.99733
173	199	0.82825
174	199	1.5906
175	199	1.2246
176	199	0.80531
177	199	0.41881
178	199	1.2643
179	199	1.3361
180	199	0.85218
181	199	1.3608
184	199	1.2408
185	199	0.81396
186	199	0.8596
187	199	0.8396
188	199	0.87475
189	199	2.8111
190	199	4.7906
191	199	2.7806
192	199	3.5461
193	199	1.568
194	199	5.2561
195	199	3.1729
196	199	2.885
197	199	5.4643
198	199	5.7593
49	200	0.45178
51	200	0.44051
54	200	0.42003
56	200	0.41293
57	200	0.46106
63	200	0.481
70	200	1.0841
72	200	0.40101
74	200	0.80079
75	200	0.79653
78	200	0.81305
79	200	0.42055
84	200	0.44845
87	200	0.42941
89	200	0.4299
92	200	1.6998
95	200	0.41025
96	200	0.79399
98	200	0.40318
99	200	0.81511
100	200	1.2603
101	200	0.41788
102	200	0.4284
104	200	0.40936
106	200	0.41066
107	200	0.41646
110	200	0.40447
111	200	0.43824
112	200	1.2663
118	200	0.40891
119	200	0.40969
120	200	0.43005
125	200	0.41036
129	200	0.4395
135	200	0.44484
139	200	0.42873
140	200	0.42158
141	200	0.43695
150	200	0.46379
153	200	0.42419
154	200	0.41961
157	200	1.4768
158	200	0.45154
159	200	0.93209
160	200	0.83562
161	200	0.86852
162	200	0.43255
163	200	0.91012
164	200	0.85093
165	200	0.88557
169	200	0.84895
170	200	0.54813
172	200	1.0319
173	200	2.5682
174	200	1.2331
176	200	1.248
177	200	0.43284
178	200	0.43585
179	200	0.92099
180	200	0.88119
181	200	0.93791
182	200	0.89132
183	200	0.45296
184	200	0.85508
185	200	0.42074
186	200	0.44435
187	200	0.86815
188	200	1.8088
189	200	3.3196
190	200	3.7123
191	200	0.82079
192	200	0.40678
193	200	1.2145
194	200	2.0888
195	200	1.2288
196	200	2.98
197	200	0.40316
198	200	2.5517
199	200	6.5484
51	201	0.87627
52	201	0.41724
54	201	0.41782
64	201	0.46798
68	201	0.40859
69	201	0.40666
71	201	0.41191
72	201	0.39821
73	201	0.40689
75	201	0.39551
76	201	0.4164
78	201	0.40408
79	201	0.41818
81	201	0.42057
88	201	0.55175
89	201	0.85522
90	201	0.44697
91	201	0.96651
93	201	0.81938
96	201	0.39456
97	201	0.41384
98	201	1.2021
100	201	0.83465
101	201	0.41534
102	201	0.42569
103	201	0.4259
104	201	0.81394
106	201	0.81657
107	201	0.41416
108	201	0.40223
110	201	0.80277
111	201	0.43578
112	201	1.2584
114	201	0.40608
115	201	0.39276
116	201	0.4137
118	201	0.40686
120	201	0.85555
123	201	0.41303
125	201	0.4078
129	201	0.43757
132	201	0.43471
134	201	0.45155
138	201	0.44107
141	201	0.43536
142	201	0.43186
147	201	0.81726
148	201	0.42351
152	201	0.52884
153	201	0.42201
154	201	1.2511
156	201	0.439
159	201	1.393
162	201	0.43046
164	201	0.42296
165	201	0.44038
168	201	2.1847
169	201	0.84419
172	201	0.51344
173	201	0.42591
174	201	0.40893
176	201	0.41339
177	201	0.43052
178	201	0.43414
179	201	1.376
180	201	0.87748
181	201	0.93398
182	201	0.88772
183	201	0.45098
184	201	0.85076
185	201	1.6747
186	201	0.88482
187	201	2.5927
188	201	2.2517
189	201	1.2374
190	201	0.41008
191	201	0.40798
192	201	0.80781
194	201	1.6619
195	201	1.2207
196	201	0.84569
197	201	0.80122
198	201	3.8093
199	201	6.9241
200	201	14.309
49	202	0.48173
50	202	0.52051
51	202	0.46916
52	202	0.44687
53	202	0.45009
55	202	0.45108
61	202	0.59543
64	202	0.99961
70	202	0.57936
72	202	0.85706
73	202	0.43802
74	202	0.42811
75	202	0.42545
78	202	0.43365
91	202	0.51669
92	202	0.45255
93	202	0.43949
94	202	0.86107
95	202	0.43914
98	202	0.43015
99	202	0.43518
100	202	0.4487
101	202	0.44585
105	202	0.45019
107	202	0.44395
108	202	0.43208
111	202	0.46728
112	202	0.45044
113	202	0.8961
119	202	0.43713
122	202	0.43331
124	202	0.88352
126	202	0.45327
128	202	0.43854
138	202	0.47054
147	202	0.43858
155	202	0.45489
157	202	0.52254
158	202	0.48034
160	202	0.88995
163	202	0.48388
164	202	0.45381
169	202	0.45254
173	202	0.91145
174	202	0.87565
175	202	1.7993
176	202	0.88807
177	202	0.46123
178	202	0.92637
182	202	0.47362
185	202	0.44801
186	202	0.94512
187	202	0.46187
188	202	0.48065
189	202	3.0991
190	202	2.1991
191	202	0.87523
192	202	1.3038
193	202	1.7286
194	202	0.89031
195	202	1.3121
196	202	0.90962
197	202	0.86053
198	202	2.2635
199	202	3.9213
200	202	1.8025
201	202	6.7318
48	203	0.51845
49	203	0.45807
51	203	0.44657
53	203	0.85693
56	203	0.41875
59	203	0.53042
63	203	0.48739
64	203	0.47596
68	203	0.8331
69	203	0.41476
71	203	0.84078
75	203	0.80859
78	203	0.41244
80	203	0.42356
84	203	0.45443
85	203	0.45216
91	203	0.49163
93	203	0.83602
94	203	0.40901
96	203	0.40284
97	203	0.42215
98	203	2.4545
100	203	0.85261
103	203	0.86892
104	203	0.41526
108	203	0.41073
110	203	0.82148
111	203	0.88879
112	203	0.42825
114	203	1.2454
115	203	0.40174
116	203	0.42171
118	203	0.41461
119	203	0.41568
120	203	0.43601
121	203	0.43378
124	203	0.42028
125	203	0.83274
128	203	0.4173
135	203	0.45057
136	203	0.42413
137	203	0.85105
141	203	0.44259
143	203	0.44331
144	203	0.43165
145	203	0.85085
151	203	0.48546
154	203	0.42569
161	203	0.44021
162	203	0.43841
163	203	0.46102
172	203	0.52273
173	203	0.43392
174	203	0.41679
175	203	1.2835
176	203	0.42208
177	203	0.43887
178	203	0.88307
179	203	0.4664
180	203	0.8928
181	203	0.47498
182	203	0.45145
183	203	0.45889
184	203	0.86688
185	203	1.2796
186	203	0.45023
187	203	1.7596
188	203	1.3742
189	203	0.84192
190	203	0.83679
191	203	0.41631
192	203	2.0646
193	203	1.2325
194	203	1.6946
195	203	1.2471
196	203	0.43202
197	203	0.81821
198	203	2.1555
199	203	3.3195
200	203	3.8603
201	203	6.8299
202	203	11.869
46	204	0.59952
53	204	0.4374
55	204	0.4383
56	204	0.42756
59	204	0.54079
61	204	0.5764
63	204	0.49729
68	204	0.4253
71	204	1.2887
72	204	0.41648
74	204	0.41613
77	204	0.8431
79	204	0.43566
80	204	0.43251
87	204	0.88949
89	204	0.89006
93	204	0.42706
94	204	0.41842
95	204	0.42677
97	204	1.7248
98	204	1.2543
99	204	0.42298
104	204	0.42427
105	204	0.43744
106	204	1.2767
107	204	0.43134
108	204	0.41986
110	204	0.42051
112	204	0.87544
113	204	0.43539
114	204	0.42471
115	204	0.41116
116	204	0.43053
118	204	0.84636
120	204	0.4451
123	204	0.4296
124	204	0.42935
126	204	0.44044
127	204	0.90306
130	204	0.46805
134	204	0.46818
139	204	1.3301
143	204	0.45274
145	204	0.4347
147	204	1.2787
148	204	0.44041
150	204	0.47823
153	204	1.317
154	204	0.87008
155	204	0.44196
156	204	0.45629
158	204	0.93316
159	204	0.96156
163	204	0.94018
164	204	0.44091
165	204	0.91688
167	204	0.97689
168	204	0.45443
169	204	0.87934
172	204	0.53343
173	204	0.44281
174	204	0.42546
176	204	0.43144
179	204	0.4753
180	204	1.8205
182	204	0.46014
183	204	2.3394
184	204	0.88479
185	204	1.7411
186	204	1.3773
187	204	0.89735
188	204	0.46693
189	204	0.86033
190	204	1.2823
191	204	0.85065
192	204	0.42246
193	204	0.84014
194	204	1.2979
195	204	0.42509
196	204	0.88367
197	204	1.6728
198	204	1.3196
199	204	2.9639
200	204	1.3135
201	204	2.6164
202	204	4.1884
203	204	18.187
49	205	0.5708
52	205	0.52781
53	205	0.53153
54	205	0.52856
57	205	0.58276
67	205	0.51186
73	205	0.51539
77	205	1.0233
81	205	0.53202
83	205	0.5899
98	205	0.50679
99	205	0.51228
110	205	0.50851
113	205	0.5284
115	205	0.49693
122	205	0.51134
127	205	0.54993
128	205	0.51788
134	205	0.57107
135	205	0.56046
139	205	0.53969
141	205	1.101
153	205	0.53427
156	205	0.55565
159	205	0.58815
160	205	1.0526
161	205	0.54737
162	205	0.54411
164	205	1.0722
165	205	1.1196
168	205	1.1076
169	205	0.53499
170	205	0.70554
171	205	0.62972
172	205	0.65943
175	205	1.0628
176	205	0.52412
177	205	0.54553
178	205	1.6473
179	205	1.1607
180	205	0.55525
182	205	0.56116
184	205	0.5388
185	205	1.0603
186	205	1.6792
187	205	1.0947
188	205	0.56962
189	205	0.52284
190	205	1.0378
191	205	1.032
194	205	2.1012
196	205	0.5369
197	205	0.50676
200	205	1.0659
202	205	4.5524
203	205	4.8601
204	205	17.094
