35	36	3.1374
35	37	1.5348
36	37	6.9831
36	38	1.0896
37	38	9.5277
35	39	0.5119
36	39	1.4977
37	39	2.4416
38	39	2.1161
36	40	1.5752
37	40	0.51338
38	40	2.2231
39	40	9.2509
37	41	1.6437
39	41	2.4667
40	41	4.3077
35	42	1.536
36	42	0.73659
39	42	1.4386
40	42	1.5095
41	42	6.4678
35	43	0.59731
36	43	0.57926
37	43	0.56623
39	43	2.8334
40	43	2.381
41	43	1.9432
42	43	10.135
36	45	0.50939
37	45	0.49862
40	45	1.0495
41	45	1.6765
43	45	2.3122
36	46	0.52667
37	46	0.51512
38	46	2.2935
39	46	1.0311
40	46	1.6274
41	46	0.87929
42	46	0.7655
43	46	2.3976
45	46	12.624
37	47	0.48377
39	47	0.48427
41	47	1.6275
42	47	0.71216
43	47	2.2453
45	47	2.9666
46	47	8.682
36	48	1.0904
37	48	0.53303
39	48	0.53354
42	48	0.78906
43	48	0.61933
45	48	2.1782
46	48	3.9454
47	48	7.928
37	49	1.1704
39	49	1.1714
40	49	1.2293
41	49	1.0056
43	49	0.68162
45	49	2.9881
46	49	1.24
47	49	4.0608
48	49	3.8396
36	50	1.0405
37	50	0.50879
39	50	1.5279
40	50	0.53507
41	50	0.85778
42	50	0.75008
43	50	0.59048
45	50	1.5595
46	50	0.53748
47	50	0.50455
48	50	1.1115
49	50	7.9317
39	51	1.6248
40	51	0.56878
42	51	0.80114
45	51	1.105
48	51	0.59125
49	51	1.2993
50	51	3.9489
36	52	0.5269
37	52	1.03
39	52	0.51553
40	52	0.54231
45	52	0.52644
48	52	0.56385
50	52	2.1502
51	52	4.0081
35	53	0.98721
36	53	0.48248
38	53	3.065
39	53	1.4177
40	53	0.49751
42	53	1.3917
43	53	0.5481
45	53	0.96446
48	53	0.51619
49	53	0.56686
50	53	1.4779
51	53	4.7157
52	53	12.455
36	54	0.47656
37	54	0.93217
38	54	2.0136
39	54	2.333
40	54	0.98167
41	54	0.78434
47	54	0.92449
48	54	0.50943
49	54	0.55923
51	54	3.1035
52	54	5.409
53	54	13.079
35	55	0.99057
36	55	0.96684
37	55	0.94564
39	55	0.47333
41	55	0.79554
46	55	0.4991
47	55	0.93784
48	55	1.0334
49	55	0.56719
50	55	0.49325
51	55	1.5738
52	55	3.9913
53	55	5.4905
54	55	6.3237
36	56	0.48818
39	56	0.47799
48	56	0.52168
50	56	0.49803
51	56	0.52961
53	56	1.8485
54	56	0.45621
55	56	6.9422
35	57	0.50111
36	57	0.48896
37	57	1.9129
39	57	1.9149
40	57	0.50355
42	57	0.70531
43	57	2.2212
47	57	0.47426
48	57	0.52274
51	57	1.0614
52	57	2.0192
53	57	2.7763
54	57	4.5683
55	57	8.3425
56	57	5.1489
35	58	0.46651
36	58	0.45753
45	58	1.3717
46	58	0.47228
48	58	0.98164
49	58	1.0801
50	58	0.93584
51	58	2.4913
52	58	2.8361
53	58	1.2962
54	58	4.7015
55	58	4.771
56	58	3.9442
57	58	12.72
35	59	0.51681
36	59	1.0087
39	59	0.49386
41	59	0.8359
42	59	1.4589
45	59	0.50386
46	59	0.52092
47	59	0.97855
48	59	0.53957
50	59	1.5444
51	59	1.0954
52	59	2.0848
53	59	1.4313
54	59	3.2995
56	59	2.4146
57	59	4.3528
58	59	10.397
37	60	0.99488
42	60	1.4706
43	60	1.1559
45	60	0.50854
48	60	0.54375
50	60	1.5567
51	60	0.55208
52	60	1.0511
53	60	1.4445
54	60	1.4257
56	60	0.9737
57	60	1.463
58	60	3.656
59	60	9.5634
36	61	0.47883
37	61	0.46847
40	61	0.4935
45	61	0.47873
46	61	0.4943
47	61	0.92916
49	61	0.5622
50	61	1.4663
51	61	1.0397
52	61	0.49424
53	61	0.45307
54	61	0.89498
55	61	0.45399
57	61	1.3774
58	61	3.8617
59	61	2.3677
60	61	6.6878
36	62	0.50947
39	62	0.99758
41	62	0.83564
42	62	0.73203
45	62	0.50919
47	62	0.98833
49	62	1.1934
51	62	0.55214
53	62	0.48257
54	62	0.47631
55	62	1.4494
56	62	0.4878
58	62	2.2921
59	62	0.50414
60	62	6.6047
61	62	10.055
36	63	0.51497
37	63	0.50374
38	63	2.1753
39	63	1.5127
45	63	0.51451
47	63	0.49956
48	63	1.0999
50	63	0.52509
51	63	0.55814
52	63	0.53195
53	63	1.951
54	63	0.96316
55	63	0.48844
57	63	0.49401
58	63	0.92659
60	63	2.5684
61	63	7.7438
62	63	3.5997
41	64	0.83466
47	64	0.49196
49	64	1.7842
50	64	0.51728
51	64	0.54999
53	64	0.48013
54	64	0.47411
56	64	0.48561
57	64	0.97279
58	64	0.91126
60	64	3.0354
61	64	4.7645
62	64	3.5462
63	64	8.7052
36	65	0.51181
39	65	0.5012
43	65	0.58058
45	65	0.51128
47	65	0.49658
49	65	0.59997
51	65	0.5549
52	65	0.52875
53	65	0.96931
54	65	0.95737
55	65	0.971
57	65	0.49102
58	65	1.3801
59	65	2.0255
60	65	2.0427
61	65	2.4049
62	65	2.5564
63	65	3.6172
64	65	6.6171
35	66	1.5207
36	66	0.49528
37	66	0.48469
40	66	0.51087
41	66	0.82222
42	66	0.71701
45	66	0.49479
46	66	0.51148
47	66	0.48057
48	66	0.53022
51	66	0.53819
52	66	1.0237
53	66	0.93666
55	66	0.4696
56	66	1.8972
57	66	2.3748
58	66	1.3296
59	66	1.4691
60	66	0.98885
61	66	1.8597
62	66	0.99075
63	66	3.5047
64	66	2.9569
65	66	6.4665
36	67	0.48231
37	67	0.47176
40	67	0.99375
42	67	0.69558
46	67	0.49797
50	67	1.4766
51	67	0.52359
52	67	0.49785
53	67	1.3691
54	67	0.90124
55	67	2.2859
56	67	0.46175
57	67	0.46239
58	67	1.7297
59	67	0.95403
60	67	0.96213
61	67	1.3586
63	67	0.9748
64	67	1.4395
65	67	4.3598
66	67	9.8364
36	68	0.46758
37	68	0.45746
49	68	0.54931
53	68	0.8846
55	68	2.6595
56	68	2.2387
58	68	0.83713
59	68	0.46234
60	68	1.3994
61	68	0.43897
62	68	1.403
63	68	0.47279
64	68	0.46533
65	68	2.8189
66	68	3.6308
67	68	7.9581
35	69	0.94479
37	69	0.452
39	69	0.90494
40	69	0.95296
42	69	1.333
43	69	0.52493
45	69	0.46209
47	69	0.89651
48	69	0.49433
50	69	0.47176
51	69	1.5057
52	69	1.9068
54	69	0.86323
55	69	0.43794
56	69	0.44238
58	69	0.82686
59	69	0.91363
61	69	0.4337
62	69	0.46217
63	69	1.4017
64	69	0.45982
65	69	0.46429
66	69	2.6904
67	69	3.0576
68	69	21.588
35	70	0.9493
36	70	1.3945
39	70	0.45537
47	70	0.45116
49	70	0.54697
50	70	0.94988
51	70	0.50534
52	70	0.4799
53	70	0.87887
54	70	1.7376
55	70	0.88152
56	70	2.2263
57	70	0.44573
58	70	2.491
59	70	0.45946
60	70	0.46402
63	70	1.4109
64	70	0.46275
65	70	0.93437
66	70	3.1555
67	70	3.5163
68	70	5.1092
69	70	11.356
35	71	0.48849
36	71	1.4315
37	71	0.93348
46	71	0.49272
48	71	1.0212
50	71	0.97433
51	71	0.51846
53	71	0.45127
54	71	0.44566
55	71	0.90438
56	71	0.91352
57	71	1.3721
58	71	0.85435
61	71	0.44783
62	71	0.47713
63	71	0.96476
64	71	0.47478
65	71	1.9175
66	71	0.92635
67	71	2.2553
68	71	6.5565
69	71	6.0454
70	71	10.86
36	72	0.98755
37	72	0.96556
40	72	1.0161
46	72	0.50995
48	72	0.52755
49	72	0.57915
50	72	0.50359
51	72	0.53567
52	72	0.50967
53	72	0.93487
55	72	1.4038
56	72	1.4177
58	72	0.44359
59	72	1.4656
60	72	0.49227
61	72	0.92741
62	72	1.4795
63	72	0.9973
64	72	1.9643
65	72	1.983
66	72	0.95981
67	72	2.8015
68	72	2.2639
69	72	1.7895
70	72	6.7571
71	72	8.777
35	73	0.46895
38	73	0.97479
40	73	1.8984
45	73	0.45932
49	73	0.54085
50	73	0.93908
51	73	0.99926
52	73	1.8973
53	73	0.86858
54	73	0.42936
58	73	0.41011
59	73	0.90822
60	73	0.45869
61	73	1.7248
62	73	0.9201
63	73	0.92994
64	73	0.9149
65	73	0.92373
66	73	3.1184
67	73	1.7377
68	73	2.1038
69	73	3.7408
70	73	4.1768
71	73	3.0051
72	73	18.257
37	74	0.50427
39	74	0.50483
41	74	0.85274
45	74	1.0314
50	74	0.52595
52	74	0.53287
53	74	0.48836
55	74	0.48877
56	74	0.49355
57	74	0.98887
58	74	1.3917
60	74	1.0286
61	74	1.4532
62	74	0.5149
63	74	1.562
64	74	1.0257
65	74	1.0354
69	74	0.46743
70	74	1.4124
71	74	0.96551
72	74	4.4906
73	74	6.5158
37	75	0.48407
39	75	0.48462
41	75	1.625
45	75	0.49496
46	75	1.0223
50	75	0.5048
52	75	0.51089
54	75	0.4626
57	75	0.47463
59	75	0.48977
60	75	0.49355
61	75	0.46504
62	75	0.4944
64	75	0.98461
65	75	0.99391
66	75	1.4435
67	75	0.9365
69	75	0.8975
70	75	0.90365
71	75	0.4633
72	75	0.95807
73	75	3.5733
74	75	9.0041
36	76	0.53693
37	76	0.525
38	76	1.1309
39	76	0.52555
40	76	0.55109
42	76	0.7697
45	76	0.53641
53	76	0.50903
57	76	0.51511
59	76	0.53158
62	76	1.0709
63	76	0.5413
64	76	1.0672
65	76	0.53837
66	76	0.52269
68	76	0.98693
70	76	0.98279
71	76	1.0069
72	76	0.51959
73	76	1.9438
74	76	2.7113
75	76	13.018
41	77	0.89886
58	77	0.49555
59	77	0.54329
61	77	1.0322
63	77	0.55311
64	77	1.0906
65	77	0.55006
67	77	0.51968
73	77	1.4901
74	77	1.6634
75	77	3.1937
76	77	4.0251
39	78	0.51731
40	78	0.54348
45	78	0.52794
53	78	0.50036
55	78	0.501
60	78	1.5814
61	78	0.99287
62	78	1.0551
64	78	0.5254
65	78	0.5302
66	78	1.0276
68	78	0.4849
70	78	0.48241
72	78	0.51154
73	78	0.47693
74	78	1.0686
75	78	3.5891
76	78	1.6663
77	78	10.219
39	79	0.51045
43	79	0.59146
45	79	1.0423
46	79	0.53873
48	79	0.55673
54	79	0.48744
58	79	0.46955
59	79	0.51609
63	79	1.0524
64	79	1.0369
71	79	0.48843
73	79	0.94206
74	79	0.52693
75	79	0.50586
76	79	3.2863
77	79	7.2776
78	79	7.5589
45	80	0.52307
46	80	0.54054
51	80	0.56667
56	80	0.5007
58	80	0.4718
61	80	0.49173
64	80	0.52005
66	80	0.50918
68	80	0.4804
70	80	0.95681
71	80	0.49013
74	80	0.52825
75	80	0.50726
77	80	1.1223
78	80	3.2487
79	80	10.678
35	81	0.49394
36	81	0.48263
37	81	0.94447
41	81	0.79604
47	81	0.4683
52	81	0.4983
54	81	0.45109
63	81	1.4635
65	81	0.96957
66	81	0.46856
67	81	0.45649
68	81	0.44245
69	81	0.87428
70	81	0.87936
71	81	0.90282
72	81	0.93495
73	81	1.3036
75	81	1.4064
76	81	1.527
77	81	2.081
78	81	1.0009
79	81	1.976
80	81	7.9322
36	82	0.46848
43	82	1.5976
45	82	0.46831
46	82	1.9341
49	82	0.55099
50	82	0.95713
53	82	0.44298
54	82	0.43783
55	82	0.44422
59	82	0.46312
61	82	0.43977
63	82	0.94778
66	82	0.9089
67	82	1.3291
69	82	0.42402
70	82	0.42622
72	82	0.45395
73	82	0.42117
74	82	2.3719
75	82	1.8212
76	82	0.98995
77	82	2.0236
78	82	0.48609
79	82	5.7599
80	82	7.711
81	82	17.728
36	83	0.49253
39	83	0.96478
40	83	1.0153
42	83	0.71007
45	83	0.49216
48	83	0.52678
50	83	0.50276
52	83	0.5087
59	83	0.97417
60	83	0.98307
61	83	0.46259
62	83	0.49247
64	83	0.98009
66	83	0.47822
67	83	0.46596
68	83	0.45166
70	83	0.89764
73	83	0.4436
76	83	0.51924
77	83	0.53061
78	83	1.532
79	83	1.5122
80	83	4.5531
81	83	4.6622
82	83	24.43
37	84	0.52988
43	84	0.61392
52	84	0.56005
53	84	0.51305
58	84	0.97574
65	84	0.54296
73	84	1.4683
76	84	0.56848
77	84	1.1612
79	84	2.2124
80	84	1.1096
81	84	3.0791
82	84	3.9894
83	84	14.655
36	85	0.50392
57	85	0.96655
58	85	0.45281
60	85	1.0052
65	85	0.50582
68	85	0.46237
69	85	0.91377
70	85	0.45986
72	85	0.48787
74	85	1.019
75	85	1.4674
76	85	0.53018
77	85	0.54185
78	85	1.5661
79	85	1.5453
80	85	1.0333
81	85	0.47721
82	85	0.92683
83	85	3.4089
84	85	4.2799
43	86	1.2173
53	86	0.50718
54	86	0.50039
55	86	0.5076
59	86	1.0604
60	86	0.53417
63	86	0.54048
64	86	0.53249
65	86	1.0748
69	86	0.48555
75	86	0.5194
76	86	1.1255
78	86	1.1097
80	86	0.5484
81	86	0.5072
82	86	1.4783
83	86	0.51764
84	86	3.9794
85	86	13.754
39	87	0.99871
40	87	0.52456
48	87	0.54468
49	87	0.59763
50	87	0.52007
51	87	0.55289
54	87	0.47681
59	87	0.50471
62	87	0.5093
64	87	0.50719
67	87	0.48262
68	87	0.46814
69	87	1.3878
71	87	0.47763
72	87	0.98743
73	87	1.3814
74	87	1.0311
75	87	0.98992
78	87	1.0565
79	87	0.52111
81	87	0.48313
82	87	0.93862
83	87	1.479
84	87	1.0825
85	87	4.5355
86	87	5.3523
37	88	0.49933
39	88	0.49996
40	88	0.52465
42	88	0.7337
48	88	0.545
52	88	1.0544
53	88	0.48408
54	88	0.47732
57	88	0.48975
61	88	0.48007
62	88	0.50968
63	88	0.51541
64	88	1.0157
66	88	0.4971
71	88	0.47839
73	88	2.3088
74	88	1.0314
75	88	0.99057
76	88	0.53621
78	88	1.5861
81	88	0.48402
82	88	0.94095
83	88	0.49398
85	88	2.018
86	88	2.1416
87	88	7.6546
39	89	0.96826
40	89	0.50884
46	89	1.0213
47	89	0.95922
51	89	1.0727
53	89	0.9364
54	89	0.92417
56	89	0.47338
57	89	0.47412
59	89	0.9785
60	89	0.49308
61	89	0.92902
62	89	0.49395
64	89	0.98365
65	89	0.99297
68	89	0.4536
69	89	1.3446
70	89	0.45124
71	89	0.46276
72	89	0.95713
73	89	1.3382
74	89	0.49979
75	89	0.47988
76	89	0.52036
77	89	1.0639
78	89	0.51229
79	89	0.50543
81	89	1.4048
82	89	0.90944
83	89	0.95584
86	89	2.076
87	89	5.9341
88	89	7.4231
36	90	1.0268
37	90	0.50196
38	90	1.0845
42	90	0.73787
43	90	1.1641
47	90	0.49783
48	90	0.54797
52	90	0.53005
53	90	0.48633
54	90	0.95968
57	90	0.49229
61	90	0.96487
62	90	1.0248
63	90	1.0361
64	90	1.5312
65	90	0.51514
66	90	0.49933
67	90	0.48574
69	90	0.4657
70	90	1.4072
71	90	0.48079
73	90	2.3188
75	90	1.4939
79	90	0.52422
82	90	0.47258
83	90	0.49629
86	90	1.0768
87	90	1.026
88	90	3.0791
89	90	5.9706
36	91	0.53058
40	91	0.54471
51	91	0.57437
55	91	0.50314
56	91	0.5079
58	91	0.47875
61	91	0.49884
63	91	1.07
64	91	0.52733
65	91	0.53211
66	91	0.51641
67	91	0.50222
68	91	0.48744
72	91	0.51335
73	91	0.47998
76	91	0.55636
77	91	0.56858
78	91	1.6469
79	91	0.54133
81	91	0.50289
82	91	0.97788
86	91	0.55612
88	91	2.6495
89	91	2.5707
90	91	3.7304
36	92	0.99698
39	92	0.97596
41	92	0.82083
42	92	0.71836
43	92	1.6974
49	92	1.7539
51	92	1.0815
54	92	0.46573
56	92	0.47713
57	92	0.47789
58	92	0.89576
59	92	0.49319
60	92	0.49704
61	92	0.46819
63	92	2.0135
64	92	0.99149
65	92	0.50044
66	92	0.96898
68	92	0.45719
69	92	0.45173
70	92	1.3645
73	92	1.3488
75	92	0.48367
80	92	0.5109
81	92	1.8879
82	92	0.91666
84	92	1.0591
86	92	1.0464
87	92	0.49844
88	92	2.4939
89	92	2.8992
90	92	3.5105
91	92	5.7006
39	93	0.49435
40	93	0.51977
43	93	1.7178
45	93	1.0083
50	93	0.51496
51	93	0.54735
53	93	0.95571
54	93	0.94429
56	93	0.48354
57	93	0.48429
58	93	0.45321
59	93	0.99852
60	93	1.5112
61	93	0.94863
63	93	0.50976
64	93	0.50206
68	93	1.3898
69	93	0.91562
72	93	0.97816
73	93	1.3656
74	93	0.51074
75	93	1.4709
76	93	0.53135
77	93	0.54283
78	93	0.523
81	93	0.47802
82	93	0.46409
83	93	0.9754
84	93	0.53557
85	93	0.9979
86	93	1.0604
87	93	1.515
88	93	0.50596
89	93	2.4489
90	93	1.0166
91	93	4.2013
92	93	6.9116
36	94	0.52671
37	94	0.51501
38	94	1.1137
40	94	0.54104
42	94	0.75671
50	94	0.53672
52	94	0.54403
54	94	0.49244
55	94	0.49944
57	94	1.0103
59	94	0.52134
63	94	0.53128
64	94	0.52355
65	94	0.52832
66	94	1.0249
68	94	0.48371
69	94	0.47805
72	94	0.50968
75	94	1.0217
76	94	0.55274
77	94	0.56489
79	94	0.53763
84	94	0.55828
85	94	0.52019
86	94	1.1046
88	94	0.52633
89	94	2.0419
90	94	2.1171
91	94	0.54636
92	94	4.6308
93	94	6.2561
37	95	0.48895
39	95	0.97899
40	95	1.5429
41	95	0.82092
42	95	0.71911
43	95	0.56714
45	95	0.49992
48	95	1.068
49	95	0.58589
52	95	0.51612
53	95	0.47351
54	95	0.46728
55	95	0.94803
56	95	0.47865
57	95	0.95886
58	95	0.89921
59	95	1.979
64	95	0.49724
65	95	1.5057
67	95	0.946
68	95	0.91757
69	95	0.90667
70	95	0.45648
71	95	1.4041
72	95	0.48386
73	95	0.45127
75	95	0.48516
77	95	0.53749
78	95	0.51786
81	95	0.47355
82	95	0.91994
86	95	1.0492
88	95	0.50019
89	95	1.9388
90	95	0.50293
91	95	2.0783
92	95	1.9541
93	95	1.4856
94	95	3.6114
37	96	0.97482
53	96	0.94324
54	96	1.3971
55	96	0.47243
56	96	1.4313
57	96	0.95564
58	96	0.89449
59	96	0.49288
61	96	0.46801
62	96	0.49789
65	96	0.50026
67	96	0.94269
68	96	0.457
69	96	1.8062
70	96	0.4544
71	96	0.46628
72	96	0.48246
73	96	0.44916
74	96	0.50394
80	96	0.51119
81	96	0.94347
88	96	0.49912
89	96	0.48324
91	96	0.51844
92	96	0.97417
93	96	0.98678
94	96	2.0587
95	96	4.3975
35	97	0.97444
45	97	0.47602
48	97	0.50912
49	97	0.55893
53	97	0.45046
54	97	0.88979
55	97	0.45137
56	97	1.3677
57	97	0.91296
59	97	0.47081
61	97	0.44706
62	97	0.47604
67	97	0.45025
68	97	1.3093
69	97	2.1559
70	97	0.86754
71	97	1.3357
72	97	0.92202
73	97	0.42871
75	97	0.92471
84	97	0.50633
90	97	0.95931
91	97	0.49598
92	97	0.46547
94	97	0.49225
95	97	3.2693
96	97	9.3063
35	98	0.54174
36	98	1.0535
47	98	0.51072
50	98	0.53674
54	98	0.49235
55	98	0.99874
56	98	0.50415
57	98	1.5154
58	98	0.47476
59	98	0.52138
60	98	0.5251
61	98	0.49504
67	98	0.49842
68	98	1.4509
69	98	0.47796
70	98	1.4445
71	98	0.49347
73	98	0.47609
75	98	0.51081
81	98	0.49906
88	98	0.52625
91	98	1.0927
92	98	0.51448
93	98	0.5214
94	98	1.6281
95	98	2.0635
96	98	2.5733
97	98	15.258
54	99	1.0009
55	99	1.5227
56	99	0.51244
57	99	1.0269
61	99	0.50305
66	99	1.0414
67	99	1.0132
68	99	0.49147
69	99	0.97142
72	99	0.51814
74	99	0.54107
84	99	0.56744
89	99	0.51888
90	99	1.6143
91	99	1.1111
92	99	0.52305
93	99	1.0594
95	99	2.6222
96	99	4.7076
97	99	5.5019
98	99	3.3111
35	100	1.0398
37	100	0.49514
39	100	0.99137
45	100	0.50621
46	100	0.52295
52	100	1.0455
53	100	0.95922
55	100	0.96012
56	100	0.48472
57	100	2.4277
58	100	0.91126
66	100	0.49238
67	100	0.47906
68	100	0.92944
69	100	2.2961
70	100	1.3874
71	100	0.94821
72	100	0.48998
79	100	0.51722
81	100	0.95927
84	100	0.53742
88	100	1.0127
90	100	1.5275
91	100	0.52592
92	100	0.9894
93	100	0.50142
94	100	2.6113
95	100	0.99231
96	100	4.948
97	100	5.6766
98	100	5.7444
99	100	4.2474
41	101	0.86895
46	101	0.54804
47	101	0.51455
52	101	0.54809
55	101	1.0064
58	101	0.47836
62	101	0.52934
63	101	0.53506
67	101	1.0045
68	101	0.48741
69	101	0.48173
70	101	0.97028
71	101	1.9892
72	101	1.5407
73	101	0.47973
78	101	0.54905
81	101	0.5028
82	101	0.48874
83	101	0.51292
88	101	1.0606
89	101	0.5143
90	101	0.53316
91	101	0.55028
92	101	0.5184
93	101	1.575
94	101	1.6398
95	101	1.5593
97	101	2.4798
98	101	1.6399
99	101	2.2228
100	101	3.6828
39	102	0.54016
43	102	0.62519
45	102	0.5508
52	102	1.1412
53	102	1.0461
54	102	1.549
55	102	0.52352
57	102	0.52955
59	102	1.0925
60	102	1.1008
61	102	0.51893
63	102	0.55619
64	102	1.0966
71	102	1.0353
74	102	1.1154
75	102	0.53531
76	102	0.57832
78	102	1.1419
79	102	0.56302
82	102	0.50859
84	102	0.58374
88	102	1.1029
94	102	0.56813
95	102	0.54055
100	102	3.2825
101	102	4.0036
