1	2	10.628
1	3	4.9932
2	3	6.7181
1	4	2.0386
2	4	2.9377
3	4	15.159
1	5	1.5138
2	5	1.4543
3	5	5.4577
4	5	10.677
1	6	1.5478
2	6	4.4627
3	6	5.5867
4	6	4.2761
5	6	7.9975
1	7	1.0693
2	7	1.0275
3	7	1.9305
4	7	1.4777
5	7	3.9016
6	7	10.974
1	8	1.0382
2	8	0.49904
3	8	1.4055
4	8	2.3907
5	8	0.47346
6	8	1.9374
7	8	11.042
1	9	1.0463
2	9	1.0056
3	9	0.94397
4	9	1.4452
5	9	1.4309
6	9	1.9519
7	9	3.5402
8	9	7.3651
1	10	0.4945
3	10	0.44579
4	10	0.91006
6	10	1.8448
7	10	1.9122
8	10	5.5685
9	10	10.752
1	11	0.49574
2	11	1.4291
3	11	1.786
4	11	0.4558
5	11	0.45128
6	11	0.92404
7	11	1.9163
8	11	2.3247
9	11	4.2157
10	11	8.4025
1	12	0.95708
2	12	0.92089
3	12	1.7246
4	12	1.3204
6	12	0.44626
7	12	1.3879
8	12	1.3469
9	12	2.7136
10	12	2.1344
11	12	7.6968
3	13	0.42849
4	13	0.43751
5	13	0.86658
6	13	0.44363
7	13	0.45997
9	13	2.6974
10	13	1.2722
11	13	3.8241
12	13	4.9155
1	14	0.93245
3	14	2.5196
4	14	1.715
5	14	0.84933
6	14	1.3045
7	14	0.45079
8	14	0.87467
9	14	1.3217
10	14	1.6622
11	14	2.9144
12	14	3.6118
13	14	19.907
2	15	0.45031
3	15	1.2626
4	15	0.85956
6	15	0.43585
7	15	1.3557
8	15	0.87665
9	15	0.88318
10	15	1.6655
11	15	1.2518
12	15	2.8139
13	15	11.561
14	15	22.25
2	16	0.44961
3	16	0.42024
5	16	0.42505
6	16	0.43519
8	16	0.43766
9	16	0.88183
10	16	1.2473
11	16	1.2499
12	16	3.2112
13	16	5.5734
14	16	12.864
15	16	18.337
1	17	0.45913
2	17	0.44218
3	17	0.4133
4	17	0.42203
5	17	0.41798
6	17	0.42806
8	17	0.86111
9	17	0.43373
10	17	1.6359
11	17	1.6389
12	17	2.7642
13	17	4.309
14	17	3.0688
15	17	4.9923
16	17	11.888
2	18	0.90848
3	18	0.42475
5	18	0.42956
7	18	0.456
9	18	1.3369
10	18	0.84059
11	18	0.84229
12	18	0.81175
13	18	4.832
14	18	2.7602
15	18	3.5528
16	18	7.8841
17	18	13.578
2	19	0.45422
4	19	0.43384
5	19	1.7187
6	19	0.43993
9	19	0.44578
10	19	0.42055
11	19	0.84268
12	19	1.6249
13	19	3.628
14	19	1.5793
15	19	1.5813
16	19	3.1582
17	19	4.2731
18	19	9.583
2	20	0.46095
3	20	0.43119
5	20	0.43605
7	20	0.4628
9	20	0.45233
10	20	1.28
11	20	0.85514
12	20	0.82422
13	20	2.0445
14	20	1.6018
15	20	1.2028
16	20	3.6033
17	20	3.1521
18	20	4.0499
19	20	13.381
1	21	0.46816
2	21	0.45032
3	21	1.2647
4	21	0.43037
5	21	0.42616
6	21	0.43643
9	21	1.327
10	21	0.41744
11	21	1.2542
12	21	1.6137
13	21	1.6023
14	21	1.9624
15	21	2.359
16	21	2.7482
17	21	2.7031
18	21	3.9694
19	21	5.9591
20	21	11.286
1	22	0.46635
3	22	0.41991
4	22	0.4287
6	22	0.43476
7	22	0.90157
8	22	0.4374
9	22	1.3218
10	22	1.2472
11	22	0.41638
12	22	0.40167
13	22	1.595
14	22	0.78126
15	22	0.78249
16	22	1.5628
17	22	4.9962
18	22	1.9753
19	22	3.1636
20	22	6.82
21	22	10.604
2	23	0.4383
3	23	0.40973
5	23	0.41435
7	23	0.87999
10	23	0.40549
11	23	0.40619
12	23	2.3494
13	23	1.5538
14	23	1.5218
15	23	1.1426
16	23	1.5214
17	23	4.1168
18	23	1.9237
19	23	3.8523
20	23	8.987
21	23	10.721
22	23	27.058
2	24	0.45674
3	24	0.4272
5	24	0.86403
6	24	0.4423
7	24	0.91711
9	24	1.3445
11	24	0.4236
13	24	1.2153
14	24	1.587
15	24	2.3833
16	24	1.19
17	24	2.3421
18	24	3.2099
19	24	4.8207
20	24	7.3344
21	24	3.5939
22	24	8.744
23	24	9.2908
6	25	0.45388
8	25	0.45651
11	25	0.43472
12	25	1.2565
13	25	2.9089
14	25	0.81373
15	25	0.81471
16	25	0.81354
17	25	2.402
18	25	2.8807
19	25	2.8841
20	25	0.83589
21	25	3.2769
22	25	4.0767
23	25	3.9697
24	25	13.25
3	26	0.43086
9	26	0.90429
10	26	0.85259
11	26	0.42723
12	26	0.41161
13	26	0.40835
14	26	0.79963
15	26	1.2008
16	26	1.9985
17	26	1.1801
18	26	4.0439
19	26	4.4538
20	26	4.9285
21	26	4.4279
22	26	3.205
23	26	2.3405
24	26	7.3238
25	26	8.3485
3	27	1.2503
4	27	0.85105
6	27	0.86315
7	27	0.89497
8	27	0.43415
10	27	0.82508
11	27	0.41323
12	27	0.79698
13	27	0.79095
14	27	1.9368
15	27	0.3879
16	27	1.1621
17	27	1.9055
18	27	1.9588
19	27	2.3531
20	27	1.1935
21	27	3.1171
22	27	5.0424
23	27	2.6454
24	27	5.5181
25	27	3.6383
26	27	11.917
1	28	0.47922
5	28	0.43669
7	28	0.4634
12	28	1.6501
13	28	0.81843
14	28	0.80141
15	28	2.4067
16	28	1.2017
17	28	0.78853
18	28	0.81048
19	28	0.81156
20	28	2.4692
21	28	2.0176
22	28	2.0079
23	28	3.1281
24	28	1.6309
25	28	3.7637
26	28	3.6984
27	28	12.344
1	29	0.45895
3	29	0.82622
4	29	0.42191
5	29	0.41791
6	29	0.42795
9	29	0.86709
11	29	0.81898
12	29	0.78864
13	29	1.5636
14	29	0.38267
15	29	1.5316
16	29	3.0592
17	29	1.8821
18	29	1.5479
19	29	2.3257
20	29	1.1793
21	29	0.77132
22	29	2.3023
23	29	2.6135
24	29	0.77887
25	29	1.9967
26	29	3.1389
27	29	3.4232
28	29	5.898
1	30	0.46765
3	30	0.42124
6	30	0.43621
7	30	0.90445
8	30	0.87733
9	30	0.88386
11	30	1.2529
12	30	0.40232
14	30	1.1719
15	30	0.39097
16	30	0.78088
17	30	1.153
18	30	0.39505
19	30	0.39564
20	30	0.80244
21	30	1.1805
22	30	1.1748
23	30	3.0495
24	30	1.59
25	30	0.81525
26	30	0.40055
27	30	3.8823
28	30	3.6125
29	30	16.477
1	31	0.46847
5	31	0.85356
6	31	0.8739
8	31	0.43944
9	31	0.4427
10	31	0.41751
11	31	0.41837
12	31	0.40314
13	31	1.1996
14	31	2.741
15	31	1.1758
16	31	1.5656
17	31	0.38523
18	31	1.188
19	31	0.39653
20	31	0.80431
21	31	0.3943
22	31	0.78481
23	31	0.76415
24	31	0.79687
25	31	1.2258
26	31	0.40151
27	31	4.669
28	31	2.0118
29	31	10.757
30	31	10.983
2	32	0.44284
4	32	0.84532
5	32	0.41863
6	32	0.42869
7	32	0.88896
8	32	0.86234
10	32	0.40958
12	32	1.1864
13	32	0.39228
14	32	2.6891
15	32	0.76909
16	32	0.76803
17	32	1.8895
18	32	3.1079
19	32	1.1671
20	32	0.78911
21	32	1.1603
22	32	2.3094
23	32	1.874
24	32	2.3454
25	32	0.80171
26	32	0.78778
27	32	1.9083
28	32	3.1583
29	32	9.4232
30	32	11.545
31	32	14.273
2	33	0.4573
3	33	0.85656
4	33	0.87438
9	33	0.44928
10	33	0.42409
11	33	0.42475
12	33	2.8694
13	33	0.81415
14	33	0.39885
15	33	1.9978
16	33	1.596
17	33	0.78492
18	33	0.40339
19	33	0.80741
21	33	1.6032
22	33	3.1928
23	33	2.3349
24	33	0.81158
25	33	0.83249
26	33	3.2726
27	33	2.3759
28	33	2.8703
29	33	6.6638
30	33	5.9988
31	33	8.4148
32	33	14.936
3	34	0.43118
5	34	0.87178
6	34	0.89259
7	34	0.46269
9	34	0.45232
10	34	0.42691
12	34	0.41257
13	34	0.81934
14	34	0.40135
15	34	0.80407
16	34	0.80291
17	34	0.39492
18	34	1.2178
19	34	1.2188
20	34	1.2365
21	34	1.2103
22	34	1.2051
23	34	1.9579
24	34	0.81669
25	34	0.83778
26	34	1.6467
27	34	2.7896
28	34	3.3007
29	34	5.5212
30	34	2.0119
31	34	6.8542
32	34	7.1192
33	34	10.658
3	35	0.86542
5	35	0.43745
8	35	0.45062
9	35	0.90792
10	35	1.2852
11	35	0.42915
12	35	0.41402
14	35	1.2082
15	35	1.6137
17	35	0.79258
18	35	1.6294
20	35	0.82721
21	35	1.6193
22	35	0.40308
23	35	0.78587
24	35	0.81954
25	35	2.5223
26	35	1.6525
27	35	1.9995
28	35	1.6561
29	35	1.9787
30	35	1.2113
31	35	1.6184
32	35	3.5719
33	35	2.8795
34	35	11.593
3	36	0.91092
5	36	0.92054
10	36	1.8046
12	36	1.7457
14	36	1.2753
15	36	0.42606
16	36	1.2763
17	36	1.6738
19	36	0.43014
20	36	0.43645
21	36	0.42678
22	36	2.1255
23	36	1.2445
25	36	0.44371
26	36	1.3085
27	36	0.42194
28	36	1.7481
29	36	1.673
30	36	0.85285
31	36	2.1358
32	36	2.5144
33	36	2.6012
34	36	3.0552
35	36	4.818
5	37	0.45178
6	37	0.46244
9	37	0.46875
10	37	0.44257
11	37	1.3301
13	37	0.42501
15	37	0.41722
16	37	0.41661
17	37	0.81964
18	37	0.42119
19	37	0.42146
20	37	1.2828
21	37	0.8368
22	37	0.41666
23	37	1.219
26	37	1.2817
27	37	0.82687
28	37	1.7124
29	37	2.4563
30	37	2.0878
31	37	1.2551
32	37	2.0521
33	37	0.85017
34	37	4.279
35	37	2.5765
36	37	13.57
3	38	0.45593
4	38	0.93095
6	38	0.47174
7	38	0.97831
8	38	1.424
10	38	0.90289
11	38	0.45233
12	38	1.3093
15	38	0.85121
16	38	0.84993
17	38	0.83604
18	38	0.42966
19	38	0.4299
20	38	0.43623
21	38	1.2802
22	38	2.5498
24	38	1.2965
25	38	0.44357
26	38	0.43592
27	38	2.5302
28	38	2.1836
29	38	0.83525
32	38	0.83724
33	38	2.1678
34	38	1.7459
35	38	1.7522
36	38	6.921
37	38	8.5995
1	39	0.49172
3	39	0.44297
6	39	0.91671
8	39	0.92253
9	39	0.46468
10	39	0.43877
12	39	1.2729
14	39	1.2395
15	39	0.41407
16	39	0.41345
17	39	0.4066
18	39	1.2537
19	39	0.4181
20	39	1.2728
21	39	1.2445
22	39	0.41317
23	39	0.40309
24	39	1.6814
25	39	0.43132
27	39	2.0503
28	39	0.42485
29	39	1.6255
31	39	0.83034
32	39	1.6289
33	39	1.2644
34	39	1.2729
35	39	3.8323
36	39	3.1385
37	39	6.1584
38	39	14.808
1	40	0.48377
3	40	0.43581
6	40	0.90196
7	40	0.46756
8	40	0.45385
9	40	0.45718
10	40	0.86343
11	40	0.86461
12	40	1.2524
13	40	0.41483
14	40	2.0327
15	40	1.2223
16	40	2.0342
17	40	0.40007
18	40	0.8224
19	40	0.8228
20	40	0.83493
21	40	0.81626
22	40	0.40651
23	40	0.39663
24	40	0.4136
25	40	0.42435
26	40	1.2512
27	40	1.2104
28	40	0.41805
29	40	0.79975
30	40	0.40782
31	40	0.81707
32	40	2.0035
33	40	1.6587
34	40	4.1748
35	40	1.6758
36	40	1.7646
37	40	2.5968
38	40	9.7116
39	40	13.725
1	41	0.97
5	41	0.4418
7	41	0.93772
8	41	0.4551
11	41	0.43357
12	41	1.2556
13	41	1.2473
14	41	0.8148
15	41	1.2246
16	41	0.4076
17	41	1.2027
19	41	0.82462
20	41	0.83665
21	41	0.40924
22	41	1.2227
23	41	1.9875
24	41	1.2434
26	41	0.41789
27	41	0.40442
28	41	1.6753
29	41	1.2016
30	41	0.40855
32	41	1.2046
33	41	0.4158
34	41	0.41855
35	41	0.42002
36	41	3.0969
37	41	3.0376
38	41	1.7704
39	41	3.0113
40	41	8.8887
2	42	0.46218
3	42	0.4328
4	42	0.44182
6	42	0.44793
10	42	0.42848
11	42	0.42924
12	42	1.2423
13	42	0.41113
14	42	0.80555
15	42	0.80684
16	42	0.80569
17	42	0.39634
19	42	0.40771
20	42	0.82719
21	42	1.2149
22	42	0.80637
23	42	0.39301
24	42	0.40978
25	42	1.6813
26	42	0.82618
27	42	0.79996
28	42	0.82798
29	42	0.39572
30	42	1.2113
31	42	0.80918
32	42	1.9846
33	42	1.6459
34	42	0.82824
35	42	1.2467
36	42	2.1903
37	42	2.5768
38	42	2.1902
39	42	2.9814
40	42	4.1909
41	42	15.124
1	43	0.4846
2	43	0.46646
4	43	0.44587
5	43	1.3247
6	43	0.452
7	43	0.93709
8	43	1.364
9	43	0.45806
10	43	0.86463
11	43	1.2995
12	43	1.671
13	43	0.4147
14	43	0.40623
15	43	0.81369
16	43	1.2188
17	43	0.7995
18	43	0.41085
19	43	1.2337
20	43	0.41716
21	43	0.40856
22	43	0.81349
23	43	0.3964
25	43	1.6958
26	43	0.41666
27	43	1.6139
28	43	1.2525
29	43	1.5962
30	43	0.81432
32	43	1.6013
33	43	0.83025
34	43	1.2534
36	43	0.88407
37	43	2.1665
38	43	2.21
39	43	3.8682
40	43	1.6916
41	43	5.5104
42	43	15.933
1	44	0.99368
6	44	0.463
8	44	0.46586
9	44	0.46937
13	44	0.85034
14	44	0.83296
15	44	0.41727
16	44	0.83329
18	44	1.2639
19	44	1.2647
20	44	0.85553
21	44	1.2557
22	44	0.41679
23	44	1.219
24	44	2.5427
25	44	0.86986
26	44	0.85479
27	44	1.2406
28	44	0.85645
29	44	0.40936
30	44	0.83519
32	44	1.2313
33	44	0.42529
34	44	1.2843
35	44	1.289
38	44	1.3592
39	44	2.2013
40	44	1.7324
41	44	1.3027
42	44	7.3043
43	44	7.37
1	45	0.47922
4	45	0.44066
5	45	0.43639
8	45	0.44947
14	45	0.40139
15	45	0.80402
16	45	1.2043
17	45	1.1849
18	45	1.6239
19	45	0.40636
20	45	0.41224
21	45	0.80731
22	45	0.80373
24	45	1.2252
25	45	1.6759
26	45	1.6469
28	45	0.41261
29	45	1.5771
30	45	1.207
31	45	0.80638
32	45	0.39552
34	45	0.82566
36	45	1.3107
37	45	2.1411
38	45	0.43683
39	45	1.2741
40	45	0.83573
41	45	0.41886
42	45	3.3146
43	45	1.6719
44	45	9.4254
6	46	0.46076
9	46	0.46713
10	46	0.4411
13	46	0.84781
15	46	2.4981
16	46	0.83144
17	46	1.2265
18	46	2.101
19	46	0.84074
20	46	0.85317
21	46	0.83407
22	46	1.2462
23	46	0.81056
24	46	1.6905
25	46	1.7348
26	46	2.5575
27	46	2.0614
28	46	1.2815
29	46	1.2259
30	46	0.83343
31	46	0.41745
32	46	1.2284
33	46	0.4237
34	46	0.42658
35	46	0.42809
36	46	1.3521
37	46	0.88447
38	46	0.90227
39	46	0.87656
40	46	1.7247
41	46	0.43247
42	46	3.8538
43	46	3.4569
44	46	5.3116
45	46	9.394
3	47	0.45509
7	47	0.48802
8	47	0.47377
10	47	0.90176
11	47	1.8062
12	47	1.7447
13	47	0.43363
14	47	0.425
15	47	0.42606
16	47	1.7016
17	47	0.83662
19	47	1.72
20	47	1.7456
21	47	1.7058
23	47	0.41466
24	47	0.43236
25	47	1.3312
26	47	0.87228
27	47	2.1086
29	47	0.41829
30	47	0.42644
31	47	0.42714
32	47	0.83793
33	47	0.86643
35	47	1.3133
36	47	0.46055
37	47	1.8084
38	47	1.8448
39	47	0.89592
40	47	0.88139
41	47	3.0946
42	47	2.1893
43	47	2.6514
44	47	3.1681
45	47	3.9304
46	47	11.708
5	48	0.4597
7	48	0.48823
9	48	0.47733
11	48	0.45128
12	48	0.43559
13	48	0.43296
15	48	0.85041
16	48	1.2736
17	48	0.83491
18	48	0.42915
20	48	0.43572
22	48	0.42413
24	48	0.43164
25	48	0.88634
26	48	0.43548
27	48	2.5257
28	48	0.43634
30	48	1.7023
33	48	1.7305
35	48	0.43721
36	48	0.46035
37	48	0.45173
38	48	0.461
39	48	1.3429
40	48	2.6417
41	48	3.0913
42	48	2.1863
43	48	2.648
44	48	1.3568
45	48	4.3611
46	48	3.1502
47	48	6.4397
7	49	0.47065
8	49	0.91362
9	49	0.46019
10	49	0.43449
11	49	1.3056
12	49	0.42005
13	49	0.83448
14	49	0.81766
15	49	0.81923
16	49	0.40902
18	49	1.2405
19	49	0.41377
20	49	1.6792
21	49	0.82146
22	49	2.0451
23	49	0.3989
24	49	0.83186
26	49	1.2581
27	49	2.0293
29	49	1.2058
32	49	0.80587
33	49	0.83462
34	49	0.84014
35	49	2.1077
36	49	0.88814
39	49	0.4318
40	49	2.1242
41	49	0.85202
42	49	2.1082
43	49	2.127
44	49	0.87167
45	49	2.1019
46	49	1.7364
47	49	2.6626
48	49	8.8664
3	50	0.46387
4	50	0.47347
11	50	1.381
12	50	0.88911
13	50	0.88392
14	50	1.2994
16	50	1.3006
18	50	0.87631
19	50	0.8765
21	50	0.86932
22	50	1.732
23	50	0.42261
25	50	1.3569
26	50	0.44455
27	50	0.85967
28	50	0.44541
29	50	0.85259
30	50	0.86915
31	50	0.4353
32	50	0.42699
33	50	0.44154
34	50	0.44458
35	50	2.2309
36	50	0.9388
38	50	1.4104
39	50	0.91326
40	50	0.89842
42	50	0.8925
43	50	1.3511
44	50	3.2295
45	50	0.44511
46	50	2.2952
47	50	1.8761
48	50	1.407
49	50	13.117
6	51	0.96632
7	51	0.50085
8	51	1.4589
12	51	0.44802
15	51	0.43785
18	51	0.88351
19	51	0.8836
20	51	2.2419
21	51	1.3141
22	51	0.87287
24	51	0.44424
25	51	0.45599
27	51	0.4333
30	51	0.43824
32	51	0.43055
33	51	0.8899
34	51	0.44804
36	51	0.94559
37	51	0.46427
38	51	1.8946
40	51	0.90507
41	51	0.90797
42	51	1.3492
43	51	1.8156
44	51	1.3946
45	51	0.44863
46	51	1.3872
47	51	3.7789
48	51	2.8344
49	51	2.7344
50	51	6.7412
3	52	0.60945
5	52	0.61635
10	52	0.6029
12	52	0.58272
13	52	0.57982
14	52	1.1341
15	52	0.56882
17	52	0.55859
18	52	0.57444
19	52	0.57412
20	52	0.58326
22	52	0.56759
23	52	0.55313
26	52	0.58452
28	52	0.58376
30	52	0.56885
34	52	0.58304
36	52	1.848
37	52	0.60525
40	52	0.58959
42	52	0.58461
43	52	0.59037
44	52	1.2157
45	52	2.3368
47	52	3.0848
48	52	1.8604
49	52	0.59336
50	52	3.7787
51	52	10.775
2	61	0.50388
8	61	0.49236
10	61	0.46897
11	61	0.46982
12	61	0.90778
13	61	1.354
15	61	0.44351
16	61	0.44283
17	61	0.43556
18	61	0.44749
20	61	0.9083
21	61	0.44391
22	61	0.44225
23	61	0.43177
24	61	0.89998
25	61	0.46182
27	61	0.87812
28	61	0.90961
29	61	0.87111
31	61	0.44459
32	61	0.4362
34	61	0.90785
36	61	0.47887
37	61	0.47027
40	61	0.91715
41	61	1.3798
42	61	1.3668
48	61	0.95731
49	61	0.4617
50	61	0.48775
51	61	0.98226
52	61	1.2816
2	62	0.501
6	62	0.48649
8	62	0.48959
9	62	0.98652
10	62	0.46631
11	62	0.4671
12	62	0.45132
13	62	0.44879
14	62	0.43994
18	62	0.89
22	62	0.43973
23	62	0.42935
28	62	0.45231
32	62	0.43377
35	62	0.45297
36	62	0.47614
37	62	0.4676
38	62	0.47701
39	62	0.46338
40	62	0.91183
41	62	0.45732
42	62	0.45302
43	62	0.91436
48	62	0.47584
49	62	0.45906
50	62	0.48492
51	62	0.48827
52	62	1.2741
61	62	7.9115
1	63	1.0751
5	63	0.49028
6	63	0.50151
7	63	0.51965
9	63	1.0172
11	63	0.4819
12	63	0.46596
14	63	0.45465
15	63	0.45601
17	63	0.4477
23	63	0.44374
26	63	0.46666
33	63	0.46273
34	63	0.46599
35	63	0.46768
39	63	0.47801
40	63	0.4703
42	63	0.93549
48	63	0.49087
49	63	0.47374
61	63	3.0574
62	63	9.1192
2	64	0.5082
3	64	0.95525
5	64	0.48253
7	64	0.51153
8	64	0.99359
9	64	0.50053
12	64	0.45817
13	64	0.45571
14	64	0.44675
16	64	0.44726
19	64	0.90381
22	64	0.44645
29	64	0.44
34	64	0.4582
36	64	0.48318
37	64	0.94927
38	64	0.48421
40	64	0.46272
41	64	0.46418
42	64	0.9198
49	64	0.93194
52	64	1.2937
61	64	1.0033
62	64	2.9928
63	64	3.597
1	65	0.52615
5	65	0.47999
6	65	0.49098
8	65	1.4821
10	65	0.47059
11	65	0.4715
14	65	0.44386
21	65	0.44547
23	65	0.43323
27	65	1.3217
28	65	0.45627
29	65	0.43695
32	65	0.8753
36	65	0.48054
39	65	0.46774
40	65	0.46023
41	65	0.46155
42	65	0.91426
44	65	0.47255
50	65	0.48949
51	65	0.4929
61	65	0.49903
62	65	2.9773
63	65	4.0912
64	65	3.5241
1	66	0.51974
3	66	1.4062
4	66	0.47844
6	66	1.9388
7	66	0.50242
8	66	0.48772
12	66	0.44905
17	66	0.86105
22	66	0.43743
26	66	0.44885
33	66	0.44609
34	66	0.4491
40	66	0.45399
43	66	0.90961
49	66	0.45696
51	66	0.48665
61	66	0.98558
62	66	1.47
63	66	2.5266
64	66	3.4808
65	66	12.362
3	67	1.3704
4	67	0.46625
6	67	0.47245
7	67	0.48969
8	67	0.95072
10	67	0.45238
18	67	0.86173
22	67	0.42614
24	67	0.86671
33	67	0.43465
37	67	0.45354
41	67	0.44361
42	67	0.43913
47	67	0.462
61	67	0.96074
62	67	2.3883
63	67	1.4782
64	67	1.4543
65	67	2.8921
66	67	13.318
3	68	1.4182
4	68	0.48249
7	68	0.50658
17	68	0.43439
21	68	0.44301
27	68	0.43801
28	68	0.45363
29	68	0.43422
38	68	0.47903
40	68	0.91576
52	68	0.64121
61	68	0.49687
62	68	0.49405
63	68	1.0188
64	68	2.5067
65	68	2.9915
66	68	3.4455
67	68	10.553
4	69	0.95804
5	69	0.47435
6	69	0.4852
8	69	0.48815
12	69	0.44974
16	69	0.43834
19	69	0.44324
20	69	0.44969
21	69	0.43994
32	69	0.43187
34	69	0.8996
41	69	0.45592
45	69	0.45024
50	69	0.96747
51	69	0.97442
63	69	3.0344
64	69	0.49769
66	69	2.4428
67	69	4.7617
68	69	14.779
4	70	0.48651
5	70	0.96335
6	70	0.49276
9	70	0.49964
14	70	0.44586
17	70	0.43898
22	70	0.44559
23	70	0.43514
31	70	0.44811
34	70	0.45733
36	70	0.48231
38	70	0.48331
43	70	0.46325
44	70	0.47444
46	70	0.47189
47	70	0.48195
48	70	0.48211
62	70	0.99585
63	70	1.539
64	70	0.50514
65	70	0.50256
66	70	2.9781
67	70	3.3871
68	70	4.504
69	70	9.4391
3	71	0.95669
4	71	0.48812
5	71	0.96656
7	71	1.0246
11	71	0.94964
23	71	0.43657
28	71	0.45987
32	71	0.44107
37	71	0.4753
38	71	0.4849
40	71	0.46343
43	71	0.46476
44	71	0.47602
49	71	0.46664
50	71	0.9857
61	71	1.0049
62	71	0.49956
63	71	1.0294
64	71	1.5204
65	71	1.0084
66	71	1.9919
67	71	1.9418
68	71	4.0166
69	71	5.4823
70	71	9.1066
3	72	0.49543
7	72	0.53063
10	72	0.98153
11	72	0.49186
12	72	0.47498
23	72	0.45183
29	72	0.45585
31	72	0.93046
37	72	0.9844
38	72	0.50232
39	72	0.97572
42	72	1.4301
43	72	0.4811
45	72	0.4757
48	72	0.50139
51	72	1.0282
52	72	0.67386
61	72	0.52038
62	72	0.51742
63	72	1.5997
64	72	0.52498
65	72	3.6552
66	72	2.0632
67	72	1.0054
68	72	2.0802
69	72	2.0642
70	72	2.6203
71	72	5.2576
1	73	0.50298
3	73	0.4536
6	73	0.93827
10	73	0.44934
12	73	0.86933
15	73	0.42438
16	73	0.42374
17	73	0.41676
22	73	1.2701
23	73	0.41317
27	73	0.42024
29	73	1.2498
30	73	0.42475
32	73	0.4174
34	73	0.43469
37	73	0.90101
42	73	0.43631
43	73	0.44027
46	73	0.44886
48	73	0.45844
50	73	0.46748
62	73	0.94843
63	73	0.97799
64	73	0.96245
66	73	1.417
67	73	1.8415
68	73	0.95267
69	73	0.47294
70	73	2.8822
71	73	6.2653
72	73	12.477
2	74	0.48533
6	74	0.94258
9	74	0.95578
11	74	0.45223
12	74	0.43713
15	74	0.85477
20	74	0.87519
27	74	0.4228
28	74	0.43835
29	74	0.41972
30	74	0.4278
31	74	0.85686
34	74	0.43713
35	74	0.43868
39	74	0.89727
42	74	0.43885
43	74	0.44294
48	74	0.46053
51	74	0.47277
61	74	1.4371
62	74	0.95245
63	74	1.4721
64	74	0.48316
65	74	1.9232
67	74	1.3882
68	74	2.3931
69	74	0.47536
70	74	0.96466
71	74	1.4519
72	74	8.5229
73	74	12.86
2	75	0.48131
4	75	0.46084
5	75	0.45627
6	75	1.4012
7	75	0.48416
10	75	0.4473
12	75	0.86536
16	75	0.42186
18	75	0.42635
21	75	0.42305
22	75	0.42141
23	75	0.41127
28	75	0.43342
31	75	0.42359
36	75	0.45695
37	75	0.89695
38	75	0.91496
39	75	0.44444
41	75	0.4386
43	75	0.87663
44	75	0.44892
45	75	0.43316
46	75	0.44678
48	75	0.45632
50	75	0.93071
61	75	1.4245
62	75	1.8884
63	75	0.48681
64	75	2.3954
65	75	1.9062
66	75	0.47027
68	75	1.897
69	75	0.47091
70	75	1.9129
71	75	1.4395
72	75	3.9758
73	75	5.4609
74	75	5.4855
3	76	0.87555
4	76	0.44686
5	76	0.44244
6	76	0.45303
10	76	0.43362
12	76	0.83856
13	76	0.41661
16	76	0.40853
17	76	1.2053
21	76	0.81981
22	76	0.40827
23	76	0.39829
26	76	0.41885
29	76	0.40152
30	76	0.40951
32	76	0.80476
33	76	1.2495
34	76	0.41929
38	76	0.44342
39	76	0.43084
42	76	0.84179
45	76	0.83934
47	76	0.44271
49	76	0.85344
50	76	1.3538
51	76	0.45462
61	76	0.92135
63	76	0.4725
64	76	0.92972
65	76	1.387
66	76	0.45605
68	76	0.45997
69	76	0.45677
70	76	1.392
71	76	0.93113
72	76	0.48219
73	76	3.0891
74	76	4.434
75	76	11.42
3	77	0.86764
6	77	0.44902
9	77	1.3654
11	77	0.43027
13	77	0.41231
14	77	0.40394
15	77	0.80935
16	77	0.40409
17	77	1.1924
21	77	0.81186
22	77	1.6168
23	77	0.3941
24	77	0.41099
26	77	0.41438
27	77	0.40104
29	77	0.79399
31	77	0.40582
32	77	0.39807
33	77	0.82494
34	77	0.83038
35	77	1.25
36	77	0.87825
39	77	0.42691
41	77	0.84226
43	77	0.42045
44	77	0.86167
45	77	0.83091
46	77	0.42919
47	77	1.3165
49	77	1.268
50	77	1.3419
51	77	1.3523
52	77	1.1747
62	77	3.6327
63	77	0.46875
65	77	0.91657
72	77	0.47802
73	77	0.87469
74	77	0.43971
75	77	3.918
76	77	13.078
3	78	0.43404
4	78	0.88629
5	78	0.43891
7	78	0.46571
8	78	0.90372
10	78	0.42953
12	78	0.41493
13	78	0.82348
14	78	0.80652
15	78	0.40376
16	78	0.40319
17	78	0.79361
19	78	0.4083
20	78	0.41412
21	78	0.40584
22	78	0.80793
23	78	0.78703
24	78	0.4103
25	78	0.42083
26	78	0.82714
28	78	0.4144
30	78	0.40405
31	78	0.40498
33	78	1.2371
35	78	0.41643
36	78	0.87861
37	78	0.43047
38	78	0.43912
39	78	0.42711
40	78	0.42028
42	78	0.41642
43	78	1.26
44	78	0.86129
45	78	0.41507
46	78	0.42943
47	78	0.87853
52	78	1.1731
61	78	1.3711
62	78	0.90901
63	78	0.46956
65	78	0.45853
68	78	0.45595
70	78	0.46058
72	78	1.4347
73	78	1.3127
74	78	1.3213
75	78	2.6139
76	78	7.1751
77	78	15.036
3	79	0.86263
10	79	0.42731
12	79	0.82642
13	79	0.41066
14	79	0.40247
17	79	0.39603
19	79	0.40726
20	79	0.82661
21	79	0.40391
24	79	0.81893
25	79	0.42014
32	79	0.79336
33	79	1.2312
35	79	0.82932
36	79	0.87325
39	79	0.84893
40	79	1.2527
41	79	0.41892
42	79	0.82968
43	79	0.83731
44	79	0.42869
45	79	1.2409
46	79	0.85339
47	79	1.3083
48	79	1.3071
49	79	0.84098
50	79	0.88914
61	79	0.45391
62	79	0.45124
63	79	0.93088
64	79	0.91596
67	79	0.43794
68	79	0.45325
70	79	0.9143
71	79	0.4587
72	79	0.95026
73	79	0.43481
74	79	0.87342
75	79	2.5964
76	79	6.7113
77	79	9.9769
78	79	11.235
3	80	0.44841
4	80	0.91546
9	80	0.47032
10	80	0.8882
14	80	0.41808
20	80	1.288
21	80	2.0994
23	80	0.81584
27	80	0.83001
28	80	0.42986
30	80	0.41931
31	80	0.42008
32	80	0.41208
33	80	0.42658
34	80	0.85889
35	80	0.43098
37	80	0.44523
39	80	0.88269
41	80	0.87086
43	80	0.86988
48	80	0.45322
49	80	0.43706
51	80	0.4657
61	80	0.94352
62	80	1.8762
63	80	0.48392
64	80	0.95216
65	80	0.47342
68	80	0.47106
70	80	0.4752
71	80	0.47678
72	80	1.4814
73	80	0.90395
74	80	1.8169
75	80	1.7997
76	80	5.2338
77	80	6.9138
78	80	8.2113
79	80	9.0247
2	81	0.94274
5	81	0.44634
6	81	1.3707
8	81	0.45969
9	81	0.46312
10	81	0.43712
11	81	0.43793
12	81	0.84497
14	81	0.82205
15	81	0.41175
16	81	0.41115
17	81	0.80896
21	81	0.41314
22	81	0.41137
23	81	0.40104
26	81	0.42167
27	81	0.40813
28	81	0.84508
29	81	0.80789
30	81	0.41208
31	81	0.41292
34	81	0.84505
35	81	0.42402
36	81	1.3406
37	81	0.43818
39	81	0.4345
40	81	1.2825
42	81	0.42406
43	81	0.42783
44	81	0.43848
45	81	0.84557
46	81	1.3105
47	81	0.8933
48	81	1.3386
49	81	0.43015
50	81	0.45526
52	81	1.1959
61	81	0.46471
62	81	1.3862
63	81	0.95402
67	81	0.44801
73	81	0.89012
74	81	1.3427
75	81	1.7722
76	81	3.435
77	81	2.126
78	81	5.5245
79	81	5.9241
80	81	12.753
4	82	0.44051
5	82	0.43615
8	82	0.4495
10	82	0.85504
11	82	0.42807
15	82	0.40345
16	82	0.40285
17	82	0.79227
18	82	1.2215
19	82	0.40738
20	82	0.41339
22	82	0.40252
24	82	0.81911
25	82	0.4202
26	82	0.41297
28	82	0.41398
29	82	0.39594
30	82	0.40384
32	82	1.5871
34	82	0.82678
35	82	0.82968
38	82	0.87426
39	82	0.42472
40	82	0.41785
41	82	0.41914
42	82	0.83001
43	82	1.2564
44	82	0.85773
45	82	1.6551
46	82	0.85392
47	82	1.7456
48	82	1.3079
49	82	0.4207
50	82	0.88969
51	82	0.89629
61	82	2.2709
62	82	0.45153
63	82	0.4658
64	82	0.45828
67	82	0.87629
69	82	0.45038
70	82	0.91489
75	82	1.732
76	82	0.83942
77	82	4.5749
78	82	1.2486
79	82	2.8943
80	82	3.4398
81	82	10.16
1	83	0.48292
7	83	0.4668
10	83	0.43076
14	83	1.2153
15	83	0.40583
17	83	0.39862
18	83	1.6389
21	83	0.4071
22	83	0.81074
23	83	1.1857
24	83	2.0608
25	83	0.84567
26	83	0.41555
29	83	1.5925
33	83	0.41365
34	83	0.41637
35	83	0.83567
37	83	0.86356
39	83	0.85623
42	83	0.41791
44	83	0.86408
45	83	0.83327
46	83	0.86081
47	83	0.88013
48	83	1.3187
49	83	1.2716
50	83	0.44855
51	83	0.45199
62	83	0.45532
63	83	0.47001
72	83	0.47927
74	83	0.8819
75	83	1.7462
76	83	1.2692
77	83	2.0949
78	83	1.2565
79	83	2.0845
80	83	1.7333
81	83	3.8375
82	83	12.93
8	84	0.45951
10	84	0.43714
12	84	0.42271
14	84	0.82318
15	84	1.2374
16	84	0.82369
17	84	0.81011
18	84	1.2489
19	84	1.2495
20	84	1.6905
21	84	0.82661
22	84	0.82328
24	84	0.83745
25	84	0.85921
26	84	2.5334
30	84	0.41283
31	84	0.41357
33	84	0.41991
35	84	0.84843
40	84	0.42737
41	84	0.42861
43	84	0.42816
44	84	0.43857
45	84	1.2693
46	84	1.7467
47	84	0.44633
48	84	0.89189
49	84	2.151
50	84	0.45493
51	84	1.3749
64	84	0.46856
67	84	0.44796
73	84	0.88975
74	84	0.44704
75	84	0.88564
76	84	1.2878
77	84	2.1266
78	84	2.5528
79	84	0.42296
80	84	2.6382
81	84	3.8957
82	84	5.9248
83	84	16.634
1	85	0.53363
3	85	0.48145
5	85	0.48647
11	85	1.4337
12	85	0.4616
14	85	1.3497
17	85	0.88592
19	85	0.45517
20	85	0.46192
21	85	0.45143
23	85	0.43907
32	85	0.4436
34	85	0.46165
39	85	0.94808
41	85	1.4033
42	85	0.46333
43	85	1.4028
44	85	0.47907
45	85	0.46226
49	85	0.46956
50	85	1.9846
51	85	1.4987
61	85	1.0117
62	85	1.5088
63	85	2.0733
65	85	1.5228
66	85	0.50131
67	85	0.48861
68	85	0.50546
72	85	0.52949
73	85	0.48508
74	85	1.9487
75	85	0.9659
76	85	2.3426
77	85	0.46449
79	85	0.92322
80	85	1.4395
81	85	1.8907
82	85	2.3094
83	85	0.93147
84	85	5.6668
4	86	0.97475
5	86	0.48255
8	86	0.49674
9	86	0.5005
13	86	0.45538
14	86	0.44636
16	86	0.44681
17	86	0.43948
18	86	0.90303
20	86	0.45823
21	86	0.44788
22	86	0.44621
33	86	0.45487
34	86	0.45799
37	86	0.47448
39	86	0.47025
41	86	0.46404
42	86	0.45965
43	86	0.92773
46	86	0.4727
48	86	0.966
49	86	0.46582
51	86	0.49551
52	86	0.64708
62	86	0.9977
63	86	0.51407
65	86	1.0069
67	86	1.9386
68	86	1.0026
69	86	0.4976
70	86	0.50523
72	86	0.52504
73	86	0.48118
74	86	0.96658
75	86	0.47907
76	86	1.3944
78	86	0.92225
79	86	0.91593
80	86	2.3799
81	86	3.2821
82	86	0.45823
83	86	1.3861
84	86	2.8109
85	86	12.249
1	87	0.52721
2	87	0.50635
4	87	0.48557
5	87	0.48074
9	87	0.4987
14	87	0.44508
17	87	0.43821
19	87	0.45022
20	87	0.9138
30	87	0.44666
32	87	0.43887
33	87	0.45335
40	87	0.46099
42	87	0.91638
44	87	0.47356
52	87	1.2888
61	87	0.49983
62	87	1.4909
64	87	1.0083
66	87	0.49542
67	87	0.48298
68	87	0.99899
69	87	0.49588
72	87	1.0461
73	87	0.47944
74	87	0.48136
76	87	0.46312
77	87	0.45924
78	87	0.45978
79	87	1.825
80	87	3.7944
81	87	1.8693
82	87	0.45656
83	87	0.46049
84	87	2.3341
85	87	4.0673
86	87	6.5554
5	88	0.44471
6	88	0.45529
8	88	0.45816
10	88	0.43587
12	88	0.42151
13	88	0.41884
15	88	0.41136
16	88	0.82149
18	88	0.41516
19	88	0.41537
20	88	0.42147
25	88	1.2853
28	88	0.84409
29	88	1.2112
32	88	0.40458
33	88	0.83741
36	88	0.89075
38	88	1.3371
40	88	0.8522
41	88	0.42737
47	88	0.44497
48	88	1.3338
49	88	0.42896
52	88	1.1902
61	88	0.92589
63	88	0.94957
66	88	0.45833
68	88	0.46225
71	88	0.93568
72	88	0.96897
73	88	0.88711
74	88	0.89132
75	88	1.3245
76	88	0.428
78	88	0.8486
79	88	1.6867
80	88	0.87681
81	88	0.86324
82	88	1.6878
83	88	0.85059
84	88	1.7261
85	88	2.8248
86	88	2.8024
87	88	10.239
4	89	0.47236
8	89	0.48154
9	89	0.97038
12	89	0.88617
13	89	0.44023
14	89	0.43132
20	89	0.4429
21	89	0.43334
22	89	0.43156
23	89	0.42091
29	89	0.42418
30	89	0.43253
32	89	0.42516
35	89	0.88946
38	89	0.46873
41	89	0.8986
42	89	0.44471
49	89	0.90197
61	89	0.97332
62	89	0.96783
63	89	1.4978
64	89	0.9823
65	89	0.48832
66	89	0.48187
67	89	0.46951
70	89	0.49025
72	89	0.5094
73	89	1.8654
74	89	0.93763
76	89	0.45016
77	89	0.44593
78	89	0.4458
79	89	0.44363
80	89	1.383
81	89	1.3613
82	89	0.44381
83	89	0.89429
85	89	2.4754
86	89	1.9641
87	89	3.9147
88	89	9.0485
1	90	0.53508
2	90	0.51351
3	90	0.48301
4	90	0.49281
6	90	0.49911
8	90	0.50242
9	90	0.50617
10	90	0.95762
21	90	0.45344
23	90	0.44162
28	90	0.93073
31	90	0.45492
37	90	0.48024
38	90	0.4899
46	90	0.47809
48	90	0.48841
61	90	0.50713
63	90	1.0381
64	90	0.51137
67	90	1.4711
68	90	1.014
69	90	0.50339
72	90	1.0614
73	90	0.48662
75	90	1.9376
78	90	0.4674
80	90	0.96314
81	90	0.47473
84	90	1.8957
85	90	2.0633
86	90	0.51161
87	90	1.019
88	90	9.449
89	90	11.429
1	91	0.49391
4	91	0.90895
5	91	0.45002
7	91	0.95495
10	91	0.88207
12	91	0.42652
18	91	0.42007
21	91	0.41706
23	91	0.40526
26	91	0.85213
28	91	0.42699
29	91	0.40849
30	91	0.41657
31	91	0.41732
32	91	0.40938
33	91	0.84741
35	91	0.85609
36	91	0.45064
37	91	0.44214
40	91	0.43122
41	91	0.43246
42	91	0.42814
43	91	0.432
44	91	0.4425
48	91	0.44995
49	91	0.43406
61	91	0.93674
62	91	1.8628
63	91	0.48037
65	91	0.47001
67	91	0.45191
68	91	1.403
69	91	0.46436
71	91	0.47332
72	91	1.4704
73	91	0.44881
74	91	2.2551
76	91	1.2994
77	91	0.42916
78	91	0.42928
79	91	0.85357
81	91	0.43674
84	91	0.87333
85	91	0.95268
86	91	0.47254
87	91	3.2961
88	91	3.9185
89	91	2.2887
90	91	8.6048
1	92	0.50334
2	92	0.96745
3	92	0.45393
5	92	0.91738
6	92	0.46946
9	92	0.47593
12	92	0.43505
13	92	0.43244
17	92	0.4172
19	92	0.42885
22	92	0.42377
25	92	0.88482
30	92	0.42523
36	92	0.45935
37	92	0.45087
49	92	0.44263
63	92	0.48924
64	92	0.48151
66	92	0.4727
67	92	1.3822
69	92	1.4199
72	92	0.49942
73	92	0.45748
74	92	0.91909
75	92	1.3662
76	92	2.2081
78	92	0.87603
80	92	1.357
82	92	0.43538
83	92	0.43893
84	92	0.44521
87	92	0.47973
88	92	0.88777
89	92	2.3336
90	92	5.8423
91	92	13.025
1	93	0.53112
2	93	1.0205
3	93	0.47902
11	93	0.47543
12	93	0.45902
14	93	0.44718
22	93	0.44718
27	93	0.88776
31	93	0.44937
50	93	0.98752
51	93	0.49724
61	93	0.50346
62	93	0.5006
63	93	0.51612
65	93	0.50521
66	93	1.4964
68	93	1.006
69	93	0.99841
70	93	1.0142
73	93	0.48266
75	93	0.48055
78	93	0.46209
81	93	0.94015
82	93	0.45948
83	93	0.46318
86	93	0.50798
87	93	1.0122
88	93	2.3419
89	93	1.4775
90	93	3.0819
91	93	2.8433
92	93	12.075
1	94	1.0084
2	94	0.48398
3	94	0.45404
5	94	0.45877
11	94	1.3515
14	94	0.42411
16	94	0.42456
20	94	0.43554
21	94	0.4254
24	94	0.43149
26	94	0.43531
28	94	0.43625
30	94	0.85123
31	94	0.42628
32	94	0.41806
34	94	0.43521
35	94	0.43677
36	94	0.45953
38	94	0.46025
41	94	1.3232
44	94	0.90328
49	94	0.44275
62	94	0.94949
64	94	0.48177
65	94	1.438
67	94	0.46103
68	94	0.47709
70	94	0.96184
71	94	0.48255
73	94	1.3729
74	94	0.91888
75	94	0.91093
76	94	0.44163
77	94	1.3135
78	94	0.87681
79	94	0.86993
80	94	0.4525
82	94	0.43528
84	94	0.44527
85	94	0.48578
86	94	0.48185
87	94	0.47995
88	94	0.88779
89	94	2.3357
90	94	3.8956
91	94	3.1448
92	94	5.0369
93	94	8.219
3	95	0.50173
7	95	0.53747
13	95	0.47897
14	95	0.93895
19	95	0.47488
20	95	0.48204
24	95	0.47759
32	95	0.46296
38	95	0.509
45	95	0.4822
64	95	0.53142
65	95	0.5288
66	95	1.045
67	95	0.50929
69	95	0.52282
71	95	1.5968
72	95	0.55176
77	95	0.48435
78	95	0.97001
79	95	0.48102
86	95	1.0633
87	95	1.0589
88	95	1.4719
90	95	1.0738
91	95	3.9714
92	95	5.5627
93	95	5.8726
94	95	11.136
2	96	0.48786
5	96	0.46255
6	96	0.47332
8	96	0.47624
12	96	0.43841
14	96	0.42692
15	96	0.42783
18	96	0.43181
21	96	0.42876
22	96	0.42704
23	96	0.41663
30	96	0.42817
35	96	0.44001
42	96	0.44004
45	96	0.43885
62	96	0.95701
63	96	0.49354
64	96	0.48561
65	96	0.96576
66	96	0.47653
69	96	0.47706
70	96	2.9083
71	96	0.4863
73	96	0.46124
76	96	1.7811
80	96	0.45599
82	96	0.439
85	96	0.48947
86	96	0.48551
87	96	0.96764
88	96	0.89505
89	96	0.94083
90	96	1.4736
91	96	3.6223
92	96	3.2311
93	96	5.8437
94	96	5.5426
95	96	9.6926
3	97	0.92295
4	97	0.47096
5	97	1.399
6	97	1.4315
7	97	0.49451
8	97	0.48015
14	97	0.86178
16	97	0.43124
27	97	0.42768
30	97	0.86451
34	97	0.44232
39	97	0.45432
40	97	0.89401
42	97	0.44394
49	97	0.44999
51	97	0.47897
61	97	0.48507
63	97	0.99451
65	97	0.48676
66	97	0.48048
67	97	0.46832
68	97	0.96902
69	97	0.481
72	97	0.50758
73	97	0.46505
75	97	0.46297
77	97	0.44502
79	97	0.88489
81	97	0.45285
83	97	0.89249
84	97	0.45263
85	97	1.9735
86	97	1.4681
87	97	1.4628
88	97	2.7077
89	97	0.94881
90	97	0.98974
91	97	2.7396
92	97	2.3269
93	97	2.4547
94	97	2.7937
95	97	3.0842
96	97	11.26
1	98	1.0918
2	98	1.0479
4	98	1.0063
8	98	0.51275
10	98	0.48888
13	98	0.47136
20	98	0.47441
26	98	0.47446
27	98	0.45853
30	98	0.9281
34	98	0.47363
37	98	0.98073
40	98	0.47791
49	98	0.96286
62	98	1.0291
63	98	0.5296
66	98	0.51335
70	98	1.042
71	98	0.52269
72	98	0.54152
74	98	0.49845
75	98	0.98919
80	98	0.98348
82	98	0.47336
86	98	1.0442
88	98	0.48245
89	98	0.50726
91	98	1.9524
92	98	0.99405
93	98	1.5728
94	98	2.9837
95	98	1.6437
96	98	5.5155
97	98	10.608
5	99	0.47735
7	99	1.0122
9	99	0.49516
10	99	0.46805
15	99	0.44259
21	99	1.329
23	99	0.43086
24	99	0.44907
36	99	0.47795
41	99	0.91805
42	99	0.45467
43	99	0.91766
50	99	0.48682
51	99	0.4902
61	99	0.99277
62	99	0.49355
65	99	1.4944
66	99	0.98374
67	99	0.47945
68	99	0.49595
69	99	0.98465
70	99	0.49988
71	99	1.003
72	99	0.51947
74	99	0.47811
75	99	0.47392
76	99	0.45975
80	99	0.47084
81	99	0.46378
84	99	0.92682
86	99	0.5008
87	99	1.4968
88	99	1.3861
90	99	0.50621
91	99	0.46745
92	99	0.47634
94	99	0.95325
95	99	2.6299
96	99	1.4409
97	99	5.3257
98	99	10.849
3	100	0.45219
4	100	0.46147
5	100	0.45687
6	100	0.93535
10	100	0.44808
13	100	0.43109
15	100	0.42367
16	100	0.42302
17	100	0.41595
20	100	0.86774
22	100	0.42232
23	100	0.82465
33	100	0.43061
35	100	0.87022
36	100	0.45762
37	100	0.44928
39	100	1.3354
42	100	1.3058
43	100	0.43927
44	100	0.44974
47	100	0.91422
48	100	0.45694
51	100	0.46922
62	100	0.47263
63	100	0.48715
65	100	0.47713
69	100	0.47163
73	100	0.91147
74	100	0.91515
75	100	0.45361
76	100	1.3198
77	100	0.43616
79	100	0.8667
80	100	0.90129
81	100	1.3318
82	100	0.43367
83	100	0.43739
85	100	0.48348
86	100	0.47962
87	100	0.95556
88	100	0.44219
89	100	0.93014
90	100	0.48472
91	100	0.44748
92	100	0.45602
93	100	0.48118
94	100	1.3679
95	100	0.50357
96	100	0.91984
97	100	0.46361
98	100	4.4539
99	100	8.5406
1	101	0.51726
2	101	0.49675
5	101	0.47142
8	101	0.48554
9	101	0.97831
14	101	0.43637
15	101	0.87508
16	101	0.43686
17	101	0.42958
18	101	0.44139
21	101	0.43762
24	101	0.44386
26	101	0.89561
31	101	0.43859
33	101	0.4445
35	101	0.44918
38	101	0.94601
40	101	0.45199
43	101	0.45345
44	101	0.46429
49	101	1.3656
51	101	0.48406
63	101	0.50227
66	101	0.4859
68	101	0.48993
70	101	0.49371
74	101	0.94409
75	101	0.46805
76	101	0.45407
77	101	0.90051
78	101	0.45085
79	101	0.44729
81	101	1.3747
82	101	1.3429
83	101	0.4515
84	101	0.45774
88	101	0.91268
89	101	1.9196
91	101	0.92352
92	101	1.8819
93	101	0.49641
94	101	0.47057
95	101	1.0387
96	101	0.94905
97	101	1.913
98	101	1.0203
99	101	4.4046
100	101	13.588
5	102	0.44872
9	102	0.46551
11	102	0.44036
15	102	0.41442
16	102	0.82763
17	102	0.40709
18	102	0.41836
20	102	0.42473
23	102	0.80728
24	102	1.2624
30	102	0.41477
34	102	1.2751
36	102	0.89853
37	102	1.322
39	102	0.43693
42	102	0.85318
44	102	0.44098
48	102	0.44861
49	102	0.43262
52	102	0.60007
61	102	0.93408
62	102	0.4644
65	102	0.46864
66	102	0.46227
67	102	0.45045
70	102	1.4115
72	102	0.48872
74	102	0.44987
75	102	1.7818
76	102	0.8636
77	102	0.85537
78	102	1.2827
79	102	0.42554
80	102	0.44221
81	102	1.3056
82	102	1.2772
83	102	0.85777
84	102	0.87059
85	102	1.425
86	102	1.4136
87	102	0.46963
88	102	0.43404
89	102	1.3687
92	102	0.89566
95	102	0.99036
98	102	0.97395
99	102	0.93225
100	102	6.2477
101	102	9.6714
9	103	0.44154
11	103	0.41726
12	103	0.40239
15	103	0.39175
17	103	0.38488
18	103	0.39564
20	103	0.40177
22	103	0.3917
23	103	1.145
27	103	1.9426
29	103	0.38416
30	103	0.39208
32	103	0.38545
33	103	0.79971
34	103	0.40242
37	103	1.2524
38	103	0.85161
39	103	0.41404
41	103	0.40836
43	103	0.40743
44	103	0.83515
47	103	1.2774
49	103	0.40982
51	103	0.87493
52	103	1.1376
63	103	0.45528
64	103	0.44751
66	103	0.43834
67	103	0.42699
69	103	0.43907
72	103	0.46388
73	103	0.42429
74	103	0.42686
75	103	0.84469
77	103	0.80994
78	103	0.40457
80	103	1.2571
81	103	0.41212
82	103	1.2102
83	103	0.81227
84	103	0.4125
85	103	0.90155
86	103	0.44722
87	103	0.89167
89	103	0.4324
90	103	0.9062
91	103	0.83249
92	103	0.4247
93	103	0.44814
94	103	1.2745
96	103	1.2837
97	103	0.43179
98	103	0.92567
99	103	1.327
100	103	1.6932
101	103	3.0596
102	103	11.196
4	104	0.42868
9	104	0.4406
10	104	0.41575
11	104	0.83276
12	104	0.80347
16	104	1.1726
18	104	0.39521
20	104	0.80263
22	104	1.1732
23	104	0.38122
26	104	0.40078
27	104	0.77595
28	104	0.8035
29	104	0.76784
30	104	0.39177
31	104	0.39257
32	104	0.38506
33	104	0.79829
35	104	0.80629
36	104	0.8502
37	104	0.4167
39	104	0.41316
40	104	0.4065
41	104	0.40758
43	104	1.2205
44	104	0.41684
45	104	0.40196
46	104	0.83075
47	104	0.42478
50	104	0.43297
51	104	1.3091
52	104	0.56762
61	104	0.44221
64	104	0.44638
68	104	0.88255
69	104	0.43821
70	104	0.44553
72	104	1.3884
74	104	0.42572
75	104	0.84278
76	104	0.40826
77	104	0.80851
78	104	1.2123
79	104	1.6092
80	104	0.4182
81	104	0.82287
82	104	0.4025
84	104	2.0582
85	104	0.8994
86	104	1.3385
88	104	0.82094
90	104	0.45178
91	104	1.2462
92	104	0.84748
93	104	0.44716
94	104	2.1188
95	104	0.46896
96	104	0.85411
97	104	0.43084
98	104	1.3845
99	104	2.6477
100	104	2.5335
101	104	2.6158
102	104	8.6927
103	104	17.239
2	105	0.5173
3	105	0.97059
5	105	1.4717
11	105	0.48165
14	105	0.45229
15	105	0.45327
18	105	0.45758
20	105	1.3935
24	105	0.4602
30	105	1.3607
34	105	0.46472
35	105	0.93288
36	105	0.49093
39	105	0.9555
40	105	0.93996
42	105	0.4663
44	105	0.48254
45	105	0.93036
49	105	0.47293
61	105	1.5307
62	105	0.50737
66	105	1.5161
67	105	0.98467
70	105	0.51402
72	105	0.53432
75	105	0.97383
76	105	0.94427
78	105	0.46746
79	105	0.46531
80	105	0.96705
81	105	0.47592
82	105	0.46545
84	105	0.47583
85	105	0.51924
86	105	0.51486
89	105	0.49885
90	105	0.52099
92	105	0.48936
93	105	0.51662
95	105	0.54155
96	105	0.98651
98	105	1.0636
99	105	0.50932
100	105	1.9507
101	105	1.5096
102	105	2.8702
103	105	5.4417
104	105	11.316
1	106	0.4753
2	106	0.45743
5	106	0.43292
8	106	0.44591
9	106	0.4492
10	106	0.42391
11	106	0.84929
12	106	0.40963
13	106	0.40666
14	106	0.79675
17	106	0.78397
18	106	0.8058
19	106	0.40328
20	106	0.4091
22	106	1.1964
23	106	0.3887
24	106	0.81064
25	106	0.83149
27	106	0.79122
28	106	0.40949
29	106	0.78269
30	106	1.198
32	106	0.39257
35	106	0.41108
36	106	1.3004
37	106	0.84975
41	106	0.83124
42	106	0.82231
43	106	0.41477
45	106	0.40984
46	106	0.84726
49	106	1.2514
50	106	1.3246
51	106	0.44502
61	106	0.45085
62	106	0.89662
64	106	0.45514
67	106	0.86898
69	106	0.44668
71	106	0.45576
73	106	0.43171
74	106	0.43423
75	106	0.42974
77	106	1.649
78	106	1.2358
79	106	0.82077
81	106	1.2585
82	106	0.41055
83	106	1.6536
84	106	3.7781
85	106	0.45851
86	106	0.45489
88	106	1.6744
89	106	0.88002
91	106	0.84717
93	106	0.91181
94	106	0.43226
95	106	0.47819
96	106	0.4354
97	106	0.43929
98	106	0.94111
99	106	1.7997
100	106	0.86133
101	106	3.5568
102	106	5.9086
103	106	5.5929
104	106	12.365
105	106	17.072
1	107	0.47944
5	107	0.43683
11	107	0.42841
13	107	0.8199
15	107	0.80414
17	107	1.1853
18	107	0.81217
19	107	0.40653
21	107	0.40398
25	107	0.83808
27	107	0.39886
28	107	0.41266
30	107	0.40238
31	107	0.40328
32	107	0.39565
35	107	0.41455
41	107	0.41921
43	107	0.83633
44	107	0.42869
45	107	0.41323
48	107	0.43651
49	107	0.84141
50	107	1.3366
61	107	0.4549
68	107	0.45385
73	107	0.43553
74	107	0.43829
75	107	0.43359
76	107	1.6803
77	107	0.41576
78	107	1.2456
79	107	1.2423
80	107	1.2905
81	107	0.84609
82	107	2.0711
83	107	0.83387
84	107	1.2704
85	107	0.46266
86	107	0.45897
89	107	0.44379
90	107	0.46511
92	107	0.43596
95	107	0.48267
96	107	0.43918
99	107	0.45398
100	107	2.6077
101	107	1.7947
102	107	2.9794
103	107	7.6528
104	107	7.2407
105	107	3.2576
106	107	17.224
4	108	0.43228
12	108	0.40424
18	108	0.39692
19	108	1.1925
20	108	0.40313
21	108	0.39539
22	108	0.39345
23	108	1.1489
24	108	0.39939
25	108	0.4096
26	108	0.80494
28	108	0.40328
33	108	0.40183
35	108	0.81142
39	108	0.83292
40	108	0.4098
43	108	0.40911
44	108	1.2589
45	108	0.40426
49	108	0.8239
51	108	0.44043
61	108	1.3383
67	108	0.85861
69	108	0.4415
75	108	0.42495
76	108	0.4115
77	108	0.40698
78	108	0.40597
79	108	2.0288
80	108	0.42137
81	108	0.82816
82	108	0.81158
83	108	1.6325
84	108	0.82966
85	108	0.90743
89	108	0.43467
90	108	0.45661
92	108	0.42731
93	108	0.45086
95	108	0.47369
97	108	0.43438
99	108	0.89033
100	108	0.42615
102	108	1.2503
103	108	4.7273
104	108	3.9364
105	108	2.7352
106	108	4.8148
107	108	10.107
1	109	0.47993
5	109	0.43717
15	109	0.40166
17	109	0.39476
18	109	1.2173
19	109	1.2189
20	109	0.82418
23	109	0.78298
24	109	0.40827
26	109	0.82303
27	109	0.39866
28	109	0.82463
29	109	0.39375
30	109	1.2058
31	109	0.4029
32	109	0.39529
33	109	0.4105
34	109	0.41307
35	109	0.41452
36	109	0.43754
37	109	0.42861
40	109	0.83698
41	109	0.83859
42	109	0.82898
43	109	0.41805
44	109	0.42877
46	109	0.42765
47	109	0.87508
48	109	0.43685
49	109	0.42079
50	109	0.44593
61	109	0.9107
64	109	0.45986
65	109	0.91367
75	109	1.3017
76	109	0.42026
77	109	0.41578
78	109	0.41495
79	109	2.0717
80	109	1.2911
81	109	0.84612
82	109	2.4864
83	109	1.2508
84	109	0.42365
85	109	0.46317
90	109	1.3976
92	109	0.43627
94	109	1.3101
96	109	0.43939
98	109	0.4758
100	109	0.43501
101	109	1.3476
102	109	1.2771
103	109	1.6104
104	109	3.6197
105	109	1.397
106	109	4.5098
107	109	8.6771
108	109	15.346
10	110	0.43453
12	110	0.42006
14	110	0.8176
17	110	0.40229
20	110	0.4198
21	110	0.41074
24	110	0.41591
25	110	0.85341
27	110	0.81171
29	110	0.40187
32	110	0.4029
33	110	0.41733
35	110	0.84313
37	110	0.43558
38	110	0.44432
39	110	0.43185
42	110	0.42164
43	110	0.42541
44	110	1.3076
45	110	0.42038
50	110	0.4524
51	110	0.91168
52	110	0.59373
61	110	0.4618
62	110	0.45917
64	110	0.46609
74	110	0.44469
75	110	0.44032
76	110	0.85353
78	110	0.42263
79	110	1.2616
80	110	0.87422
81	110	1.7207
82	110	2.1037
83	110	1.2717
84	110	1.721
86	110	0.46593
87	110	1.3931
88	110	0.42901
90	110	0.4716
91	110	1.3023
92	110	0.44271
96	110	0.44622
100	110	1.7645
101	110	1.3659
102	110	0.86531
103	110	2.0491
104	110	0.40906
105	110	1.8921
106	110	6.2568
107	110	5.0484
108	110	6.1786
109	110	8.4153
3	111	0.46738
6	111	0.48318
11	111	0.92772
14	111	0.87433
15	111	0.87671
21	111	0.43837
25	111	1.8255
26	111	0.89726
30	111	0.43876
32	111	0.43104
36	111	0.4729
38	111	0.4738
43	111	0.45424
44	111	0.46509
47	111	0.47241
49	111	1.3679
50	111	1.4446
51	111	0.96962
63	111	0.503
65	111	0.49286
75	111	0.4688
76	111	1.3644
79	111	0.89602
80	111	0.46586
81	111	1.377
82	111	0.89669
84	111	0.91698
85	111	1.4984
86	111	0.49544
88	111	0.45708
91	111	0.46252
94	111	1.4139
96	111	0.9506
97	111	0.47903
99	111	0.49016
100	111	0.46926
101	111	2.4201
102	111	2.3066
103	111	0.43786
104	111	0.87343
105	111	2.0162
106	111	2.6722
107	111	4.0454
108	111	3.9685
109	111	2.7001
110	111	7.2973
5	112	0.46858
6	112	0.47955
8	112	0.48267
10	112	0.91934
12	112	1.7797
13	112	0.44252
14	112	0.43384
15	112	0.43502
18	112	0.43884
19	112	0.43886
20	112	0.89077
24	112	0.44129
26	112	0.4452
30	112	0.43543
31	112	0.43607
34	112	0.44494
36	112	1.408
43	112	0.90161
45	112	0.8911
46	112	0.45902
47	112	1.4065
49	112	0.45251
50	112	0.47786
51	112	0.48114
52	112	0.62769
61	112	0.48739
63	112	0.49923
65	112	0.48916
70	112	0.49075
72	112	0.51005
75	112	0.46525
77	112	0.44759
78	112	0.89649
80	112	1.8493
81	112	0.45553
83	112	0.44883
84	112	0.91003
85	112	1.4871
86	112	0.49171
87	112	0.97955
88	112	1.3609
90	112	0.49675
96	112	0.47172
98	112	1.5212
99	112	0.48647
100	112	0.46571
101	112	0.48036
102	112	0.91567
103	112	1.3036
104	112	3.0337
105	112	2.0009
106	112	3.5359
107	112	2.2304
108	112	2.6255
109	112	0.4466
110	112	4.5262
111	112	9.6219
2	113	1.0137
3	113	0.47648
4	113	0.97235
13	113	0.45488
14	113	1.338
15	113	0.44726
16	113	0.44656
20	113	0.45781
21	113	0.44713
25	113	0.93115
26	113	0.45772
29	113	0.43938
30	113	0.44766
36	113	0.96407
37	113	0.4736
38	113	0.96622
39	113	0.46919
42	113	0.91799
46	113	0.47161
50	113	0.49083
61	113	0.5004
62	113	0.49751
63	113	0.51238
64	113	1.0093
67	113	0.48367
69	113	0.49656
70	113	0.50381
74	113	0.48184
75	113	0.47791
77	113	0.45999
78	113	0.92137
79	113	0.45685
80	113	0.47498
81	113	1.4043
82	113	0.45719
83	113	0.46123
84	113	0.46748
85	113	0.50897
87	113	1.5084
90	113	0.50987
91	113	0.94308
95	113	0.52989
97	113	0.48822
100	113	0.47832
101	113	0.49324
102	113	1.4111
103	113	1.34
104	113	1.3364
106	113	1.817
108	113	1.3497
109	113	1.8364
110	113	1.8603
111	113	1.4819
112	113	9.3151
3	114	0.43993
6	114	0.45518
7	114	0.47186
8	114	0.45806
9	114	0.46142
10	114	0.4358
12	114	0.42146
13	114	1.2565
17	114	0.40395
18	114	0.41516
21	114	0.82414
24	114	0.41757
25	114	0.42842
26	114	0.42108
27	114	0.40737
28	114	0.42205
30	114	0.41175
31	114	1.2374
32	114	0.40459
33	114	0.83731
38	114	0.44561
40	114	0.42601
47	114	0.44485
49	114	0.42889
50	114	0.45343
51	114	1.3703
62	114	0.46014
63	114	0.47461
64	114	0.93398
72	114	0.48433
73	114	0.44346
74	114	0.89104
75	114	0.44139
76	114	0.85583
77	114	1.2721
78	114	1.2729
79	114	0.42158
80	114	1.315
81	114	0.86313
82	114	1.2656
83	114	0.85048
84	114	0.43143
85	114	0.47067
86	114	0.93386
87	114	0.46525
88	114	0.43015
89	114	1.8094
92	114	0.44378
94	114	0.44376
95	114	0.9809
96	114	1.7897
97	114	0.90235
99	114	0.46189
100	114	0.88413
101	114	0.9124
102	114	0.86796
103	114	0.41132
104	114	1.6417
105	114	0.47433
106	114	0.83715
107	114	1.2669
108	114	1.655
109	114	1.2675
110	114	0.85788
111	114	1.3708
112	114	4.0813
113	114	13.511
2	115	0.48705
3	115	0.91432
7	115	0.49004
12	115	0.43826
15	115	0.42815
19	115	0.43209
20	115	0.43849
21	115	0.42852
22	115	0.4269
24	115	0.43445
25	115	0.44583
28	115	1.3175
34	115	0.43827
36	115	1.3878
37	115	0.90832
38	115	0.92654
41	115	0.44416
42	115	0.43994
46	115	0.45239
49	115	0.44584
50	115	0.47109
52	115	0.61875
61	115	0.4806
63	115	0.98509
69	115	0.4767
70	115	0.48398
72	115	0.50296
75	115	0.91722
76	115	0.88957
77	115	0.88184
78	115	1.324
79	115	0.43818
80	115	1.8223
81	115	0.89746
84	115	0.4484
85	115	0.9776
87	115	1.4491
88	115	0.89409
89	115	0.94023
90	115	0.98025
91	115	0.45237
92	115	0.92205
93	115	0.97289
95	115	1.0184
97	115	0.46867
98	115	0.50036
99	115	0.95935
100	115	0.91836
103	115	1.7115
104	115	1.2806
106	115	0.87062
107	115	0.43925
108	115	0.43064
109	115	1.3189
111	115	3.7957
112	115	2.8253
113	115	6.7705
114	115	9.8324
1	116	0.4979
2	116	0.47834
4	116	0.45804
6	116	0.46424
7	116	0.96247
11	116	0.89057
12	116	0.43018
13	116	1.2829
14	116	0.41916
15	116	0.42018
19	116	0.84819
22	116	0.41898
27	116	0.41592
28	116	0.43103
29	116	0.41252
30	116	0.84115
35	116	0.43171
36	116	0.45421
38	116	0.9095
40	116	0.43463
43	116	0.87163
44	116	0.89253
46	116	0.44408
47	116	0.45374
50	116	0.925
51	116	0.46581
52	116	0.60728
61	116	0.94391
62	116	0.46921
63	116	1.4513
65	116	0.47366
68	116	1.4142
69	116	0.46813
71	116	0.47688
74	116	0.90855
77	116	0.43278
79	116	1.2903
80	116	0.89446
81	116	0.44047
82	116	0.43039
83	116	0.86799
84	116	0.44018
85	116	0.95997
86	116	1.4285
87	116	0.47436
88	116	0.43885
89	116	0.9231
91	116	0.4441
92	116	0.45264
94	116	0.45263
95	116	0.50003
97	116	0.46019
98	116	1.4744
99	116	1.4131
100	116	0.45082
102	116	1.3285
103	116	0.41994
104	116	1.2568
105	116	0.968
106	116	0.42727
107	116	1.2934
108	116	1.6905
109	116	0.43148
110	116	1.7509
111	116	0.93179
112	116	5.086
113	116	2.3747
114	116	11.846
115	116	11.395
3	117	0.44104
4	117	0.90035
10	117	0.87385
15	117	0.41254
16	117	0.82384
17	117	0.81009
20	117	0.42265
22	117	0.41148
23	117	0.40154
25	117	0.42968
28	117	0.84655
29	117	0.40492
31	117	0.41363
32	117	0.81137
38	117	0.44683
39	117	0.43408
41	117	1.7135
43	117	1.2843
44	117	0.43842
46	117	0.43636
47	117	0.44595
49	117	0.85997
50	117	1.8184
51	117	1.8317
52	117	1.1948
62	117	0.46132
63	117	0.47579
64	117	0.46819
71	117	0.46891
74	117	0.44655
75	117	0.44248
76	117	0.85793
77	117	0.42513
78	117	0.42548
79	117	1.2677
80	117	0.87891
81	117	1.7309
83	117	1.279
84	117	1.2975
85	117	0.94386
91	117	0.4364
93	117	0.9391
94	117	1.7794
96	117	0.89724
97	117	0.45234
98	117	0.48347
100	117	0.88623
101	117	0.45732
102	117	0.87023
103	117	0.82479
104	117	1.2344
105	117	1.4273
106	117	0.41967
107	117	2.1173
108	117	3.3196
110	117	1.7202
111	117	1.8322
112	117	1.8183
113	117	2.8022
114	117	4.3111
115	117	4.0323
116	117	5.7173
11	118	0.43548
16	118	0.40969
17	118	1.2088
19	118	0.82867
21	118	1.2334
23	118	0.39948
25	118	0.42734
27	118	1.2191
28	118	0.42097
29	118	0.40267
32	118	0.40356
33	118	0.4177
34	118	0.4205
35	118	1.2659
36	118	0.44434
37	118	0.43592
38	118	0.44463
39	118	0.43208
40	118	0.42511
42	118	0.8442
44	118	0.87247
45	118	0.84174
46	118	0.43436
47	118	0.44395
48	118	0.88709
50	118	0.90502
51	118	0.45587
61	118	1.3857
62	118	0.91846
64	118	0.93218
66	118	0.45725
72	118	0.48337
73	118	0.88506
74	118	0.88934
75	118	0.44048
77	118	2.5384
78	118	1.2697
79	118	0.42071
80	118	0.87475
81	118	0.86115
82	118	2.5258
83	118	0.84854
84	118	2.1525
85	118	1.4092
88	118	0.85847
91	118	0.86873
94	118	0.88578
97	118	0.45024
100	118	0.44119
101	118	0.45532
102	118	0.43301
103	118	0.41033
104	118	0.81896
105	118	0.94659
106	118	1.2528
107	118	1.2638
108	118	1.238
109	118	2.1071
110	118	3.8518
111	118	1.3682
112	118	1.3578
113	118	0.46501
114	118	0.85831
115	118	2.6762
116	118	1.3136
117	118	4.7323
1	119	0.49052
2	119	0.47149
4	119	0.45114
5	119	0.44669
11	119	0.43844
12	119	0.4233
13	119	0.4206
15	119	0.82609
18	119	0.41689
21	119	2.0694
22	119	0.41221
24	119	0.41932
25	119	0.43024
26	119	0.42286
27	119	0.4091
28	119	0.84759
29	119	0.40536
32	119	0.8125
34	119	0.42332
39	119	0.435
41	119	0.42922
42	119	0.42492
44	119	0.43921
45	119	1.6948
46	119	2.1865
47	119	0.44697
49	119	1.2924
50	119	0.45559
51	119	0.45897
61	119	0.46502
63	119	0.47697
64	119	0.46926
65	119	0.46667
66	119	0.46037
71	119	0.46995
75	119	0.44345
76	119	0.42988
77	119	0.42592
78	119	0.42607
79	119	0.42354
82	119	3.3903
83	119	1.2814
84	119	0.8668
85	119	0.9459
87	119	0.935
89	119	0.45442
91	119	1.3119
92	119	0.44585
93	119	0.4705
97	119	0.90657
99	119	0.46409
102	119	0.43592
103	119	1.2392
105	119	0.47657
106	119	1.2612
107	119	2.5445
108	119	0.41543
109	119	1.2728
110	119	1.7234
111	119	1.3775
112	119	0.91133
113	119	1.4045
114	119	0.43204
115	119	0.44904
116	119	1.7632
117	119	3.4649
118	119	8.1911
2	120	0.4897
8	120	0.47861
10	120	0.45569
12	120	0.44101
14	120	0.42994
20	120	0.44141
21	120	0.86235
22	120	0.42961
23	120	0.83903
25	120	1.3465
27	120	0.42655
28	120	0.44214
30	120	0.43149
31	120	0.43214
33	120	0.43798
39	120	0.4527
41	120	0.44685
44	120	0.91497
45	120	0.8832
47	120	0.46482
48	120	0.92952
50	120	0.4738
61	120	0.48332
64	120	0.97503
68	120	0.4829
70	120	0.48667
72	120	0.50583
73	120	0.46341
79	120	0.88144
80	120	0.45832
81	120	0.45153
82	120	2.2052
83	120	1.3347
84	120	2.7064
94	120	0.46368
96	120	0.93537
97	120	0.47139
98	120	0.50296
102	120	0.45386
103	120	1.2919
104	120	0.42953
106	120	1.3142
107	120	0.88424
108	120	1.3009
109	120	2.213
110	120	3.1406
111	120	2.3853
112	120	1.4204
114	120	0.44955
116	120	0.45841
117	120	1.8025
118	120	6.7302
119	120	8.5825
13	121	0.45833
15	121	0.45088
18	121	0.45466
20	121	1.8455
22	121	0.44877
23	121	0.43862
24	121	0.91427
25	121	0.93845
32	121	0.44326
34	121	0.46051
37	121	0.47687
39	121	0.47225
43	121	0.46669
44	121	0.47762
45	121	0.4613
46	121	0.47465
48	121	0.96965
50	121	0.4939
62	121	0.50056
72	121	0.5269
77	121	0.46319
78	121	0.46424
79	121	0.45972
82	121	0.92026
83	121	0.92892
84	121	0.94114
88	121	0.46908
90	121	0.51265
91	121	0.47466
100	121	0.9624
101	121	0.49616
103	121	0.44998
104	121	0.44862
105	121	0.51732
107	121	1.3858
108	121	1.8143
110	121	1.4048
111	121	0.49687
112	121	1.4794
113	121	0.50616
114	121	0.46889
115	121	0.48659
117	121	2.8199
118	121	5.1488
119	121	3.2987
120	121	10.76
7	122	0.55532
13	122	0.49697
14	122	0.48735
16	122	0.48812
17	122	0.48015
18	122	0.49301
23	122	0.47587
30	122	0.48925
32	122	0.4808
35	122	0.50111
39	122	0.51194
40	122	1.0074
41	122	0.50531
42	122	1.0019
47	122	0.52505
50	122	1.0701
51	122	0.53833
61	122	2.1784
62	122	0.54155
64	122	0.5491
67	122	0.52717
72	122	0.56979
79	122	0.9974
81	122	0.51093
83	122	0.50351
84	122	0.50996
85	122	1.1082
89	122	0.53424
93	122	0.55197
94	122	0.52417
97	122	0.53177
99	122	0.54375
101	122	1.0741
104	122	1.46
105	122	0.55998
106	122	1.984
107	122	0.50062
110	122	0.50754
112	122	1.0677
114	122	2.0326
115	122	1.5808
116	122	2.5888
117	122	2.0383
118	122	1.0146
119	122	1.5323
120	122	1.0593
121	122	2.2021
1	123	0.58536
7	123	0.56614
9	123	1.1091
20	123	0.51077
23	123	1.4584
33	123	0.50598
34	123	0.50962
38	123	0.53799
45	123	0.51068
46	123	0.52493
47	123	0.53544
48	123	0.53667
49	123	0.5177
50	123	0.54565
61	123	0.55517
62	123	0.55204
63	123	1.1351
65	123	0.5571
66	123	0.55129
74	123	0.53519
75	123	0.53141
76	123	0.5164
77	123	0.51265
79	123	0.50877
81	123	1.043
82	123	1.0183
84	123	1.0406
86	123	0.56004
88	123	0.51864
89	123	0.54504
90	123	1.1298
91	123	1.0491
99	123	1.1087
101	123	0.54745
104	123	0.9937
105	123	0.57123
109	123	1.0248
112	123	0.54416
114	123	1.0368
115	123	2.1492
116	123	2.1121
117	123	2.0793
118	123	1.0351
119	123	1.0422
120	123	1.0799
122	123	3.6264
3	124	0.5087
4	124	0.51893
6	124	1.0503
7	124	0.54395
11	124	0.50526
12	124	0.48874
14	124	0.47721
27	124	0.47341
29	124	0.47064
32	124	0.94152
34	124	0.48879
36	124	0.51437
43	124	1.4855
61	124	0.53341
62	124	0.53037
63	124	0.54561
64	124	0.53778
65	124	0.53529
66	124	0.52934
67	124	0.51627
68	124	1.6005
70	124	0.53692
72	124	0.55808
74	124	0.51395
75	124	1.0202
76	124	0.49544
77	124	0.98337
78	124	0.49261
79	124	0.48807
80	124	0.50729
84	124	0.99854
85	124	0.54264
86	124	0.5381
88	124	0.49771
89	124	0.52318
90	124	1.086
92	124	1.0251
94	124	1.026
95	124	0.56462
96	124	0.51706
97	124	1.0416
98	124	0.55376
100	124	0.51032
102	124	0.50236
103	124	0.47781
111	124	1.0533
113	124	0.53617
114	124	0.49749
115	124	1.5478
116	124	1.0138
117	124	0.49879
119	124	0.50003
120	124	0.51857
121	124	0.53904
122	124	1.1637
123	124	4.1465
4	125	1.0947
7	125	0.57324
10	125	0.53217
25	125	0.52676
31	125	0.50719
36	125	0.54243
37	125	0.53399
41	125	0.52219
42	125	0.51804
69	125	1.1164
72	125	0.58805
77	125	0.51924
79	125	0.51509
81	125	0.52825
89	125	1.104
95	125	1.1894
96	125	1.0907
98	125	0.58265
116	125	0.53454
117	125	0.5263
121	125	0.56738
123	125	3.111
124	125	2.9968
1	126	0.65122
3	126	0.58712
4	126	0.59946
7	126	1.2575
8	126	1.2204
9	126	1.2307
11	126	0.58357
16	126	0.55082
24	126	0.55947
29	126	0.54243
37	126	0.58387
43	126	1.1419
63	126	0.63021
65	126	1.2362
68	126	0.61653
69	126	0.61116
73	126	0.59103
75	126	0.58873
77	126	0.56725
82	126	0.56326
90	126	1.2544
97	126	0.60098
100	126	0.58875
101	126	0.6071
104	126	0.54907
106	126	0.55975
108	126	0.55521
112	126	0.60328
117	126	0.57562
121	126	1.8672
123	126	0.68531
124	126	5.2714
125	126	6.9369
