22	32	0.53669
31	32	2.1428
22	33	0.53802
31	33	0.53596
32	33	19.107
31	34	1.0531
32	34	10.209
33	34	15.324
31	35	1.0456
32	35	4.6504
33	35	6.2178
34	35	6.9028
31	36	1.5453
32	36	5.7246
33	36	4.9758
34	36	9.0664
35	36	8.5638
22	37	0.52467
31	37	0.52368
32	37	3.8818
33	37	3.8916
34	37	3.4554
35	37	5.3031
36	37	7.4599
32	38	4.9916
33	38	2.4971
34	38	1.6393
35	38	3.2499
36	38	4.4024
37	38	9.3549
22	39	0.54465
31	39	0.54196
32	39	1.6143
33	39	2.8276
34	39	3.1838
35	39	2.7589
36	39	4.6592
37	39	1.9731
38	39	8.4279
31	40	0.51275
33	40	0.3803
34	40	1.5029
35	40	1.1079
36	40	2.9081
37	40	4.4409
38	40	3.5834
39	40	6.5631
31	41	0.53047
32	41	0.39292
33	41	0.78791
34	41	0.77738
35	41	1.5336
36	41	1.5102
37	41	3.0725
38	41	4.9415
39	41	4.3945
40	41	11.61
32	42	0.75806
33	42	2.6635
34	42	1.1276
35	42	0.73931
36	42	1.0917
37	42	1.4816
38	42	1.9911
39	42	5.0207
40	42	5.045
41	42	10.496
31	43	0.51746
33	43	1.1514
34	43	0.75813
35	43	0.74569
36	43	0.73407
37	43	1.1208
38	43	1.2051
39	43	4.2848
40	43	4.3618
41	43	8.3186
42	43	16.378
31	44	1.0786
32	44	1.1993
33	44	0.401
34	44	1.9791
35	44	1.1703
36	44	1.1525
37	44	0.78164
38	44	2.0961
39	44	1.6267
40	44	4.19
41	44	3.9553
42	44	4.9568
43	44	9.2301
31	45	0.51529
32	45	0.38201
34	45	1.1349
35	45	1.1181
36	45	1.8347
37	45	2.2402
38	45	2.8052
39	45	1.5551
40	45	5.0924
41	45	4.5347
42	45	4.3699
43	45	5.8766
44	45	6.5358
20	46	0.68776
22	46	0.49586
32	46	0.36689
33	46	0.36872
34	46	0.36456
35	46	0.35761
36	46	0.35193
37	46	2.8675
38	46	1.5454
39	46	1.8728
40	46	3.1314
41	46	3.6272
42	46	4.1827
43	46	2.8126
44	46	3.3197
45	46	7.0423
22	47	1.0081
33	47	0.37456
34	47	1.4797
35	47	0.72798
36	47	2.1499
37	47	2.1882
38	47	1.5677
39	47	0.38015
40	47	4.2591
41	47	4.4293
42	47	3.9094
43	47	1.7923
44	47	4.1307
45	47	7.1721
46	47	6.8673
31	48	0.52001
33	48	0.38657
34	48	1.5265
35	48	1.1278
36	48	0.74027
37	48	1.1299
40	48	4.0358
41	48	2.6683
42	48	4.4076
43	48	2.2228
44	48	3.4899
45	48	3.334
46	48	5.3272
47	48	8.3194
33	49	1.5463
34	49	0.76387
35	49	1.1261
36	49	0.73903
37	49	2.2571
38	49	1.6189
39	49	2.7469
40	49	2.9261
41	49	3.4263
42	49	1.8314
43	49	0.73894
44	49	1.1613
45	49	3.3276
46	49	3.1831
47	49	7.5767
48	49	7.8313
20	50	0.70628
32	50	0.3775
33	50	1.5159
34	50	1.1231
35	50	1.4727
36	50	1.0873
37	50	1.8445
38	50	1.5865
39	50	2.6926
40	50	2.8711
41	50	2.2401
42	50	2.8751
43	50	2.1749
44	50	1.519
45	50	3.9896
46	50	4.1656
47	50	3.8936
48	50	3.6582
49	50	7.6608
31	51	0.52065
32	51	0.77206
33	51	1.1614
34	51	1.1461
35	51	1.13
36	51	1.1126
37	51	1.8866
38	51	1.2141
39	51	2.3559
40	51	3.3103
41	51	0.76381
42	51	1.1046
43	51	1.4854
44	51	1.1657
45	51	2.2274
46	51	1.4247
47	51	2.9004
48	51	3.3701
49	51	7.1036
50	51	8.8008
32	52	1.5342
33	52	0.77084
34	52	0.38102
35	52	0.37394
36	52	2.2084
37	52	0.37481
39	52	0.78278
40	52	1.82
41	52	0.75853
42	52	0.72921
43	52	1.1033
44	52	1.1566
45	52	0.73646
46	52	1.4071
47	52	2.8737
48	52	1.8569
49	52	3.6995
50	52	5.4469
51	52	9.3107
32	53	0.37905
33	53	0.76043
34	53	0.37532
35	53	0.73957
36	53	1.0922
38	53	0.79522
39	53	0.77146
40	53	1.0828
41	53	2.2497
42	53	1.4453
43	53	2.5511
44	53	1.1445
45	53	1.0932
46	53	2.0962
47	53	2.4906
48	53	1.8379
49	53	2.2013
50	53	4.3184
51	53	7.735
52	53	10.231
32	54	1.15
33	54	2.3044
34	54	0.37878
35	54	0.74834
36	54	1.4739
37	54	0.37472
38	54	0.40113
39	54	1.1681
40	54	0.73172
41	54	0.37932
42	54	1.8307
43	54	0.73855
44	54	0.3861
45	54	1.8446
46	54	0.70915
47	54	1.0814
48	54	0.74428
49	54	0.74381
50	54	4.0114
51	54	2.6091
52	54	7.0434
53	54	20.863
32	55	0.40598
33	55	0.81274
34	55	1.2011
35	55	0.79295
36	55	1.1717
37	55	0.39698
38	55	0.84788
39	55	0.41159
41	55	1.2056
42	55	0.38849
43	55	2.7428
44	55	0.81815
45	55	2.3464
46	55	0.75352
47	55	1.1472
48	55	0.3945
49	55	2.3683
50	55	1.5477
51	55	3.9498
52	55	4.7241
53	55	5.8204
54	55	8.6171
31	56	0.52603
32	56	1.9614
33	56	0.78523
34	56	1.5474
35	56	0.76616
36	56	0.75472
37	56	1.1506
38	56	0.40957
40	56	2.2512
41	56	1.1649
42	56	0.75073
43	56	2.65
44	56	1.1861
45	56	1.5115
46	56	1.8201
47	56	1.8474
49	56	0.76281
50	56	1.4955
51	56	0.76328
52	56	3.4239
53	56	4.4988
54	56	1.5138
55	56	8.0022
22	57	0.507
31	57	0.50461
32	57	0.75193
33	57	0.75294
35	57	0.73408
36	57	0.72296
37	57	1.4701
38	57	1.5719
39	57	1.5262
40	57	1.0775
41	57	1.1162
42	57	1.0782
44	57	1.5155
45	57	1.8099
46	57	1.7412
47	57	2.4763
48	57	1.8258
49	57	1.0954
50	57	3.2216
51	57	0.7313
52	57	1.0923
53	57	2.1546
54	57	1.0883
55	57	4.99
56	57	9.2713
31	58	0.52155
32	58	0.38724
34	58	1.1487
35	58	0.75585
36	58	2.233
37	58	1.8927
38	58	0.81111
39	58	1.1807
40	58	2.9547
42	58	1.8483
43	58	1.1185
44	58	2.3395
45	58	1.4902
46	58	1.4313
47	58	1.8198
48	58	0.3758
49	58	0.75085
50	58	1.1045
51	58	2.2588
52	58	1.1223
53	58	1.8482
54	58	0.74765
55	58	1.5836
56	58	6.1206
57	58	11.365
31	59	0.55666
35	59	0.40061
36	59	0.78902
37	59	0.80259
38	59	0.86028
39	59	0.83429
40	59	1.5662
41	59	1.2187
42	59	0.39182
43	59	2.3717
44	59	0.4133
45	59	1.5794
46	59	0.75853
47	59	1.1572
49	59	0.39801
50	59	0.39022
51	59	0.39904
52	59	1.9828
53	59	0.7836
54	59	0.39615
55	59	2.0982
56	59	4.8643
57	59	5.0501
58	59	8.8057
20	60	0.7162
33	60	0.77007
34	60	1.8985
35	60	0.75029
36	60	0.7389
37	60	0.75139
38	60	1.2063
39	60	1.9515
40	60	4.0355
41	60	1.5212
42	60	1.1014
43	60	1.1108
44	60	1.9356
45	60	2.2193
46	60	1.7779
47	60	1.4457
48	60	0.37312
49	60	2.9834
50	60	1.097
51	60	1.1211
52	60	0.74349
53	60	1.1009
54	60	0.74186
55	60	2.3559
56	60	4.5525
57	60	9.0917
58	60	10.869
59	60	8.3408
31	61	1.6041
32	61	2.3882
33	61	0.79684
34	61	2.7479
35	61	0.77737
37	61	0.77835
38	61	0.83139
39	61	0.80718
40	61	1.142
41	61	0.78797
44	61	0.80223
45	61	0.76676
46	61	0.73852
47	61	0.74967
48	61	1.547
49	61	0.77389
50	61	1.1379
51	61	0.38722
52	61	1.1578
53	61	2.2822
54	61	4.608
55	61	3.2481
56	61	4.7076
57	61	4.5155
58	61	1.5525
59	61	2.8799
60	61	10.778
22	62	0.5291
33	62	0.78509
34	62	0.38671
35	62	2.2986
36	62	0.75475
37	62	0.76708
38	62	0.81889
39	62	1.1928
40	62	0.3753
41	62	0.38829
45	62	0.75582
46	62	0.36414
47	62	1.1086
48	62	1.1437
49	62	1.1445
50	62	1.4958
51	62	1.145
52	62	1.5223
53	62	1.1248
54	62	2.6488
55	62	1.2
56	62	1.1595
57	62	1.483
58	62	0.76503
60	62	3.0346
61	62	17.256
32	63	0.76177
34	63	1.8822
36	63	0.73219
37	63	0.74464
38	63	0.79734
39	63	1.1608
41	63	0.37688
42	63	0.72745
44	63	2.3017
45	63	0.73304
46	63	0.70435
47	63	0.71618
48	63	0.73944
49	63	0.36944
50	63	1.4491
51	63	0.74065
52	63	1.4729
54	63	2.5736
55	63	1.5571
56	63	1.1284
57	63	1.442
58	63	2.2286
59	63	1.5745
60	63	2.2115
61	63	8.0139
62	63	12.41
32	64	0.76392
33	64	0.38277
35	64	0.74558
36	64	0.36711
37	64	0.74673
38	64	0.79974
39	64	0.77618
40	64	0.72878
41	64	1.5117
42	64	1.8235
43	64	1.1035
44	64	1.5387
45	64	0.73504
46	64	0.35308
47	64	1.7953
48	64	2.2244
49	64	0.37041
50	64	0.72647
51	64	1.1141
52	64	1.4767
53	64	0.36463
54	64	0.3687
55	64	0.78083
56	64	1.8861
57	64	3.2538
58	64	2.9799
59	64	2.7632
60	64	4.4356
61	64	0.76548
62	64	3.7719
63	64	8.426
31	65	1.0535
32	65	0.3923
33	65	0.78539
34	65	2.3217
35	65	1.9154
36	65	0.75466
37	65	2.3013
38	65	1.6389
39	65	0.79565
40	65	0.37512
41	65	0.77659
42	65	2.627
43	65	0.3785
44	65	0.79071
45	65	2.267
46	65	1.8193
47	65	0.73879
48	65	0.76232
49	65	2.2879
50	65	1.1214
51	65	1.9081
52	65	0.38032
53	65	1.8743
54	65	0.75695
56	65	1.9335
57	65	2.2253
58	65	1.9127
59	65	0.40544
60	65	2.2764
61	65	2.7468
62	65	3.8658
63	65	5.6418
64	65	12.826
20	66	0.79044
31	66	0.57027
33	66	1.7078
35	66	1.2531
36	66	0.82338
38	66	0.4444
39	66	1.7274
40	66	0.4103
41	66	0.42322
42	66	1.2307
44	66	0.43096
45	66	0.41234
46	66	0.79757
47	66	0.4037
50	66	0.81721
51	66	1.2485
53	66	1.6366
54	66	2.0602
55	66	1.3033
56	66	1.2597
57	66	2.0172
58	66	1.2502
59	66	0.44155
60	66	2.4778
61	66	3.4091
62	66	1.6787
63	66	4.9153
64	66	4.1088
65	66	8.8232
32	67	0.41717
34	67	0.81988
35	67	2.0387
36	67	0.40182
38	67	0.43385
39	67	1.2647
42	67	0.40043
43	67	0.40384
47	67	0.39401
49	67	1.6284
50	67	0.79769
51	67	1.2187
52	67	1.626
53	67	0.79867
54	67	0.80431
55	67	0.84828
57	67	0.39367
58	67	0.40678
59	67	0.86219
60	67	1.2092
61	67	2.9117
62	67	3.6864
63	67	2.3986
64	67	2.8072
65	67	6.1512
66	67	6.2043
31	68	1.1213
32	68	0.42043
33	68	0.41988
34	68	0.8258
36	68	1.2153
38	68	0.87377
39	68	0.84925
40	68	0.80784
41	68	0.41643
43	68	0.40724
44	68	0.42422
46	68	1.178
51	68	0.81903
52	68	0.41005
53	68	0.4026
55	68	0.4272
56	68	0.41285
57	68	0.39666
58	68	0.81997
59	68	0.43441
60	68	1.2185
61	68	2.5139
62	68	2.0628
63	68	2.4174
64	68	2.425
65	68	1.2393
66	68	3.5678
67	68	10.014
32	69	1.2298
33	69	0.81934
34	69	0.40311
35	69	0.80123
36	69	0.39478
38	69	0.42659
39	69	0.41452
40	69	0.39331
42	69	0.39329
43	69	0.79327
44	69	0.41349
47	69	0.38702
50	69	0.39174
51	69	0.39915
52	69	0.39914
53	69	1.177
54	69	1.1858
55	69	0.41703
58	69	0.39975
59	69	0.42356
61	69	1.6359
62	69	2.0138
63	69	1.1787
64	69	0.39412
65	69	0.80638
66	69	1.7443
67	69	5.1084
68	69	5.5706
32	70	0.84662
33	70	0.84625
34	70	0.41639
38	70	0.44066
39	70	0.42811
40	70	0.40612
45	70	0.40832
46	70	1.1837
51	70	0.41218
53	70	0.40514
54	70	1.6329
55	70	0.43068
56	70	0.83249
61	70	0.42242
62	70	0.41604
63	70	0.81158
64	70	0.81407
65	70	0.83291
66	70	0.90066
67	70	1.3192
68	70	3.0984
69	70	18.603
32	71	0.4221
33	71	0.42205
34	71	0.41543
35	71	0.41243
39	71	1.2814
41	71	0.41797
42	71	0.80934
43	71	0.40815
47	71	0.39827
48	71	0.41057
49	71	0.41129
50	71	0.40306
51	71	0.8218
52	71	0.82091
54	71	0.81414
55	71	0.42968
56	71	1.661
57	71	0.3987
58	71	0.82324
59	71	1.3089
61	71	2.9499
62	71	2.9055
63	71	1.2139
64	71	0.81171
65	71	0.41545
66	71	0.89929
67	71	3.0734
68	71	2.652
69	71	6.4783
70	71	8.0284
33	72	1.6647
34	72	1.228
35	72	0.40727
36	72	0.40139
40	72	0.40014
46	72	0.38894
47	72	0.39365
48	72	1.2169
49	72	0.81343
51	72	1.2174
52	72	0.40617
54	72	0.80333
55	72	0.42349
56	72	0.40927
57	72	0.39317
59	72	0.43047
60	72	0.40256
61	72	0.41534
64	72	0.8011
65	72	0.81899
66	72	0.44232
67	72	1.2954
68	72	1.7382
69	72	5.5243
70	72	6.5841
71	72	19.284
22	73	0.5544
32	73	1.6472
33	73	0.82291
34	73	0.40481
35	73	0.80491
37	73	0.40278
38	73	0.85674
39	73	0.41627
40	73	0.39522
42	73	0.39518
43	73	0.79707
45	73	0.39728
46	73	1.1521
47	73	0.77773
48	73	1.2024
50	73	0.78723
51	73	0.40099
52	73	0.40111
53	73	0.39415
54	73	1.5881
55	73	2.094
56	73	1.2141
57	73	0.7774
59	73	0.85093
60	73	0.39793
61	73	1.2321
62	73	1.6179
63	73	1.5787
64	73	0.79179
65	73	1.6197
66	73	1.7511
67	73	3.8461
68	73	1.2904
69	73	2.523
70	73	3.0404
71	73	6.5043
72	73	8.5315
32	74	1.6076
35	74	1.1777
39	74	0.407
42	74	0.76988
47	74	0.37883
48	74	0.39073
51	74	0.39109
52	74	0.39038
53	74	1.9213
54	74	1.1627
55	74	0.40946
57	74	0.37962
58	74	0.78373
59	74	0.41538
60	74	0.77699
61	74	0.80297
62	74	0.39545
63	74	1.1556
65	74	1.1873
66	74	1.2873
67	74	2.9318
68	74	2.1088
69	74	1.6476
70	74	1.2765
71	74	3.3969
72	74	4.5996
73	74	16.958
32	75	1.218
33	75	0.81145
34	75	1.1976
36	75	1.1729
39	75	0.82108
40	75	0.38951
41	75	0.40204
42	75	0.77898
44	75	0.40955
45	75	0.39162
46	75	0.37842
49	75	0.39594
51	75	0.3953
53	75	0.77704
54	75	1.5658
55	75	0.41303
59	75	0.4195
61	75	0.81007
62	75	0.39888
63	75	1.1673
64	75	0.39031
65	75	1.1979
66	75	0.43196
67	75	2.5298
68	75	1.6976
69	75	1.6593
70	75	1.7141
71	75	3.4223
72	75	5.8924
73	75	14.576
74	75	17.133
32	76	0.43053
33	76	0.86004
35	76	1.2626
36	76	0.41483
37	76	0.42118
39	76	1.3046
42	76	0.41348
43	76	0.41702
44	76	0.43432
45	76	0.41552
49	76	0.84075
51	76	0.83869
53	76	0.41228
54	76	1.2451
55	76	0.87497
59	76	0.88988
60	76	0.41595
61	76	0.42911
62	76	1.2676
63	76	0.82518
64	76	0.41389
65	76	0.42307
67	76	1.3378
68	76	3.5895
69	76	1.7554
70	76	3.6261
71	76	1.8106
72	76	1.7801
73	76	3.5241
74	76	4.7517
75	76	7.3895
20	77	0.79107
35	77	0.41765
40	77	0.41025
42	77	0.41017
52	77	0.83258
53	77	1.2273
54	77	2.8839
56	77	0.41987
57	77	0.80676
59	77	0.44153
61	77	1.2783
62	77	1.2589
63	77	0.81913
64	77	0.82167
65	77	0.42011
67	77	0.88627
68	77	0.44596
69	77	2.6163
70	77	1.8013
71	77	1.3489
72	77	1.3269
73	77	3.9396
74	77	1.2872
75	77	6.047
76	77	10.503
32	78	0.40723
34	78	1.204
36	78	0.39191
38	78	0.42484
41	78	0.40316
42	78	0.38998
43	78	0.39331
47	78	0.38386
48	78	0.39588
49	78	0.39626
50	78	0.38843
52	78	0.39532
53	78	0.38939
54	78	0.78574
55	78	1.6602
56	78	0.80223
58	78	0.79429
61	78	0.40703
62	78	0.40098
63	78	1.1714
64	78	0.78326
65	78	0.40124
66	78	0.43509
67	78	0.84959
69	78	2.5065
70	78	2.5884
71	78	1.7219
72	78	2.1206
73	78	1.2585
74	78	0.41034
75	78	1.6551
76	78	5.6948
77	78	10.006
32	79	1.2413
33	79	0.41344
34	79	1.2203
38	79	1.2914
41	79	0.40975
42	79	0.39702
44	79	0.41735
45	79	0.7983
46	79	0.77162
47	79	0.39068
48	79	0.40267
50	79	0.39545
51	79	0.40289
52	79	0.80593
53	79	0.39601
54	79	0.79784
56	79	0.40667
57	79	0.39056
58	79	0.40347
59	79	0.85507
60	79	0.39983
61	79	0.82541
62	79	0.81286
63	79	0.39655
64	79	1.5911
65	79	1.6275
66	79	0.87984
67	79	0.42946
68	79	1.2968
69	79	1.2677
70	79	1.7459
71	79	1.3072
72	79	3.4294
73	79	1.6968
74	79	4.9875
75	79	4.1851
76	79	1.3281
77	79	6.5984
78	79	6.3228
31	80	1.0872
32	80	0.40715
33	80	0.81366
34	80	0.40026
35	80	1.1937
36	80	0.39211
37	80	0.79644
38	80	0.84718
40	80	0.78142
41	80	0.8064
44	80	0.41074
47	80	0.38442
49	80	1.1915
50	80	0.77827
51	80	0.39645
52	80	0.79311
53	80	1.169
54	80	1.1776
55	80	0.41412
56	80	0.80035
57	80	1.1529
58	80	1.1911
59	80	0.42067
60	80	1.5737
61	80	0.40611
62	80	0.79986
63	80	1.5608
64	80	1.5657
65	80	1.6014
66	80	1.2989
67	80	0.84524
68	80	1.7016
69	80	2.9109
70	80	1.7183
71	80	2.1442
72	80	0.84374
73	80	2.9223
74	80	0.40897
75	80	0.82368
76	80	1.7427
77	80	4.7623
78	80	6.2224
79	80	15.942
31	81	0.56445
32	81	0.42299
33	81	0.42264
35	81	0.41346
36	81	1.63
38	81	0.43994
39	81	0.42752
40	81	2.4366
41	81	0.41894
45	81	0.40816
46	81	0.39469
48	81	0.41174
50	81	1.2133
53	81	0.40498
54	81	0.81574
55	81	1.2903
56	81	0.83139
58	81	0.41252
59	81	0.43707
60	81	0.40879
61	81	0.42185
62	81	2.0773
63	81	2.0273
64	81	1.2202
65	81	0.41592
66	81	0.8987
67	81	0.43877
68	81	1.7663
69	81	1.2953
70	81	0.44589
71	81	1.7808
72	81	1.3139
73	81	2.1672
74	81	2.5488
75	81	1.283
76	81	1.8088
77	81	1.348
78	81	4.3076
79	81	4.7912
80	81	8.1448
32	82	0.39983
33	82	2.3988
34	82	0.39361
35	82	0.39062
37	82	0.782
39	82	0.40473
40	82	0.38313
41	82	0.39586
42	82	0.38318
43	82	1.1593
44	82	0.40318
45	82	1.9273
47	82	0.7542
49	82	0.38945
50	82	1.5266
52	82	1.9434
53	82	0.76484
54	82	1.1568
55	82	0.40718
56	82	1.1804
57	82	0.37765
58	82	1.5596
60	82	0.773
61	82	1.5971
62	82	0.39327
64	82	2.691
65	82	0.78719
66	82	0.42645
67	82	0.83249
68	82	1.2573
69	82	1.6377
70	82	0.42292
71	82	2.5324
72	82	1.2467
73	82	1.2333
74	82	1.6093
75	82	2.0275
76	82	2.1462
77	82	2.9849
78	82	2.8562
79	82	3.7179
80	82	6.0977
81	82	11.399
20	83	1.5939
22	83	0.57657
31	83	0.5718
32	83	0.42691
33	83	0.42653
34	83	0.41951
35	83	1.2517
36	83	1.2335
37	83	1.2527
38	83	0.88823
39	83	0.43144
40	83	2.4588
41	83	1.2684
43	83	0.41324
44	83	0.86123
47	83	0.40314
48	83	1.2464
50	83	0.81616
51	83	1.6628
52	83	0.41589
54	83	0.823
55	83	0.86812
56	83	1.6776
57	83	0.80565
58	83	1.2487
59	83	0.88264
60	83	0.82488
61	83	0.42569
62	83	0.41917
63	83	0.40906
64	83	1.231
67	83	0.44278
68	83	0.4456
69	83	1.307
71	83	0.44936
72	83	0.44191
73	83	0.43734
74	83	0.85732
75	83	1.2945
77	83	0.90701
78	83	1.3041
79	83	1.7581
80	83	2.5951
81	83	2.6942
82	83	3.8337
22	84	0.54254
33	84	0.80474
36	84	0.38737
37	84	1.5742
38	84	1.2579
39	84	1.2219
40	84	0.38567
41	84	0.79689
43	84	0.77801
44	84	0.81163
45	84	0.77596
47	84	3.0366
48	84	0.3914
50	84	0.38418
52	84	0.39129
53	84	0.76983
54	84	0.38807
55	84	1.2293
56	84	2.3756
57	84	1.9002
58	84	2.3545
59	84	0.41585
60	84	1.1669
61	84	0.4018
63	84	1.9286
64	84	1.1607
65	84	1.1883
66	84	0.85813
67	84	1.6752
68	84	1.6867
70	84	0.42554
71	84	0.42471
72	84	0.4181
73	84	0.41362
74	84	0.40486
75	84	0.40799
76	84	0.86372
78	84	0.41059
79	84	1.2469
80	84	2.8631
81	84	2.9735
82	84	2.8175
83	84	15.001
32	85	0.83263
34	85	1.2283
35	85	0.40687
36	85	0.40097
37	85	1.2217
38	85	1.2997
39	85	0.42097
40	85	1.1984
41	85	1.2369
42	85	0.39944
43	85	0.80567
44	85	1.2596
45	85	0.40161
46	85	1.5525
47	85	0.39309
48	85	0.40514
49	85	0.40601
50	85	1.5914
51	85	0.81078
54	85	1.2044
56	85	0.81862
57	85	1.5724
60	85	0.80475
61	85	0.41537
62	85	1.2273
63	85	0.39907
64	85	2.0015
65	85	2.0475
66	85	0.4428
67	85	1.297
68	85	1.7407
71	85	0.43857
75	85	1.264
76	85	0.44563
77	85	0.44278
78	85	0.42423
79	85	0.42914
80	85	1.6893
81	85	3.5074
82	85	6.2376
83	85	8.4062
84	85	17.573
32	86	0.43205
33	86	0.86288
34	86	0.42421
35	86	1.2672
36	86	0.83276
38	86	0.89762
39	86	0.43622
40	86	0.41526
43	86	0.41865
46	86	0.40378
47	86	0.81694
49	86	0.42205
50	86	0.82696
51	86	0.42089
52	86	1.2646
54	86	0.83296
55	86	0.87771
57	86	0.40764
58	86	0.42133
60	86	0.4174
62	86	1.2716
64	86	0.41537
65	86	0.84888
66	86	0.91571
67	86	0.89418
68	86	1.3495
69	86	1.7602
70	86	0.90897
73	86	1.3251
74	86	1.7331
75	86	0.87176
76	86	0.46065
77	86	1.3735
78	86	2.197
79	86	0.88777
80	86	2.1843
81	86	2.2669
82	86	3.8745
83	86	3.6606
84	86	4.7643
85	86	1.3405
31	87	0.60293
33	87	0.9038
34	87	0.4442
36	87	0.43647
38	87	0.46984
40	87	0.87096
42	87	0.43525
43	87	0.43897
44	87	0.45662
45	87	0.43718
51	87	0.4411
52	87	0.442
53	87	0.86766
54	87	1.3091
58	87	0.44148
59	87	0.46779
61	87	0.90156
62	87	0.44387
63	87	0.43387
66	87	0.47866
67	87	0.46762
68	87	0.47034
69	87	2.762
70	87	1.4259
71	87	0.47481
72	87	0.46659
73	87	0.92402
74	87	0.90714
76	87	0.48159
77	87	0.47867
78	87	0.91972
79	87	0.46431
80	87	2.2852
81	87	0.47404
82	87	1.3517
83	87	1.4358
84	87	0.4533
85	87	2.3367
86	87	11.583
32	88	0.44883
33	88	1.7917
35	88	0.878
39	88	0.45262
40	88	0.43203
41	88	0.88944
42	88	0.86355
44	88	0.45293
46	88	0.42037
47	88	0.42485
48	88	0.43741
54	88	0.43261
56	88	0.44018
61	88	0.44674
63	88	0.43015
64	88	0.43153
65	88	0.88106
68	88	0.46576
69	88	1.8239
70	88	1.4126
71	88	1.4113
72	88	0.46208
73	88	1.8304
74	88	1.3481
76	88	2.3847
77	88	0.47415
78	88	0.91146
79	88	0.91978
80	88	0.45266
81	88	0.46956
82	88	0.89277
83	88	0.94795
86	88	4.3016
87	88	8.9853
31	89	0.61929
34	89	0.45627
35	89	0.91025
36	89	0.4488
41	89	0.46106
45	89	0.44954
50	89	0.44595
51	89	0.45351
54	89	0.44849
56	89	0.91252
59	89	0.48086
61	89	0.92615
63	89	0.44596
67	89	0.47985
70	89	0.97554
71	89	0.48738
72	89	0.47872
73	89	0.47413
75	89	0.46809
76	89	0.98808
77	89	0.98221
78	89	0.94444
79	89	1.906
80	89	0.46906
81	89	0.48637
82	89	0.46262
86	89	2.9702
87	89	3.1005
88	89	11.258
32	90	0.47334
33	90	0.47246
39	90	0.47726
50	90	0.45373
52	90	0.46257
61	90	0.47117
62	90	0.46394
64	90	0.45524
69	90	0.48068
70	90	1.4884
71	90	0.49576
77	90	0.99904
78	90	0.96076
81	90	0.49472
82	90	1.8829
83	90	0.99928
85	90	0.48788
86	90	1.5106
87	90	1.0509
88	90	5.7242
89	90	10.768
32	91	0.45004
42	91	0.43287
53	91	0.43139
55	91	0.45666
62	91	0.44116
63	91	0.43135
66	91	0.47562
69	91	0.45742
70	91	1.4169
72	91	0.92716
73	91	0.45906
75	91	0.90628
77	91	0.95125
78	91	1.8283
79	91	1.8454
82	91	0.44777
83	91	0.47548
86	91	0.95899
87	91	0.50076
88	91	2.4793
89	91	6.6733
90	91	11.484
46	92	0.87809
48	92	0.91289
49	92	0.45829
56	92	0.45896
60	92	0.45226
61	92	0.46582
68	92	0.485
71	92	0.49007
74	92	0.46845
77	92	0.98739
79	92	0.47906
80	92	0.47158
82	92	0.46523
83	92	0.4937
86	92	1.9901
87	92	2.0771
88	92	1.5424
89	92	1.5962
90	92	3.7865
91	92	9.8003
32	93	0.46527
44	93	0.46925
45	93	0.4495
48	93	0.4534
55	93	0.4721
57	93	0.43917
59	93	0.96172
60	93	0.4496
61	93	0.46331
62	93	0.45623
65	93	0.45691
69	93	0.47292
70	93	0.97627
71	93	0.4877
75	93	0.46857
76	93	0.49455
77	93	0.49153
79	93	0.47698
80	93	1.4087
83	93	0.49159
84	93	0.46581
85	93	0.48002
87	93	1.0345
88	93	1.0246
89	93	1.5903
90	93	2.6943
91	93	2.5694
92	93	11.718
33	94	1.3599
36	94	0.87608
37	94	0.44451
45	94	0.4388
46	94	0.85088
49	94	0.44427
53	94	0.43542
54	94	0.43781
55	94	0.46076
56	94	0.44546
57	94	1.2854
58	94	0.44299
60	94	0.43875
61	94	0.4521
66	94	0.47971
69	94	0.46141
70	94	0.95283
72	94	0.46758
73	94	0.46306
74	94	1.3643
75	94	0.45711
76	94	0.96513
77	94	1.4392
78	94	0.92227
79	94	1.8615
81	94	1.4253
82	94	0.90347
86	94	0.48358
87	94	0.50495
88	94	0.5
89	94	0.51756
90	94	1.5788
91	94	1.5048
92	94	3.6402
93	94	7.2538
32	95	0.4499
33	95	0.44948
34	95	0.44207
37	95	0.44025
39	95	0.45445
40	95	0.4323
42	95	0.43215
46	95	0.4203
49	95	0.43927
50	95	0.43045
52	95	0.43857
53	95	0.86193
54	95	0.43383
55	95	1.3715
57	95	0.4248
60	95	0.43481
62	95	0.88343
64	95	0.86531
65	95	0.44226
69	95	0.45863
71	95	0.47288
74	95	0.90314
78	95	0.45771
80	95	0.91078
81	95	1.4171
83	95	0.47697
85	95	1.3968
86	95	0.48122
87	95	1.0055
88	95	0.49803
89	95	2.0624
90	95	2.097
92	95	3.6277
93	95	6.1914
94	95	12.594
34	96	1.3616
39	96	0.4666
40	96	0.44527
41	96	0.4584
45	96	0.44691
54	96	0.44599
55	96	0.46938
59	96	0.47811
63	96	0.44346
66	96	0.97739
67	96	0.47754
70	96	0.97068
71	96	0.96981
74	96	0.46339
76	96	0.49169
80	96	0.93356
81	96	0.48401
82	96	0.92055
83	96	0.97745
85	96	0.95448
86	96	0.49271
87	96	0.51437
88	96	0.5094
89	96	0.52719
90	96	0.53596
91	96	0.51099
92	96	2.6486
93	96	6.332
94	96	1.5457
95	96	6.6703
