41	42	2
42	44	1
42	46	1
45	46	1
45	47	1
46	47	5
42	48	3
44	48	1
45	48	1
46	48	4
47	48	2
41	49	1
45	49	1
46	49	1
48	49	11
41	50	1
42	50	1
44	50	1
45	50	1
46	50	2
47	50	1
48	50	6
49	50	9
42	51	4
45	51	1
46	51	1
47	51	2
48	51	5
49	51	7
50	51	13
41	52	1
42	52	1
47	52	2
48	52	8
49	52	6
50	52	4
51	52	14
41	53	1
43	53	1
44	53	1
45	53	1
46	53	3
48	53	7
49	53	4
50	53	4
51	53	9
52	53	22
44	54	1
48	54	8
49	54	8
50	54	6
51	54	2
52	54	9
53	54	23
48	55	6
49	55	8
50	55	6
51	55	4
52	55	14
53	55	12
54	55	18
41	56	1
45	56	1
46	56	1
48	56	4
49	56	12
50	56	2
51	56	10
52	56	9
53	56	10
54	56	16
55	56	32
47	57	1
48	57	3
49	57	4
50	57	2
51	57	3
52	57	9
53	57	5
54	57	6
55	57	10
56	57	18
42	58	1
52	58	1
53	58	1
57	58	1
52	59	3
53	59	2
54	59	1
55	59	6
56	59	2
57	59	3
46	60	2
47	60	1
48	60	2
49	60	2
50	60	1
51	60	1
52	60	4
53	60	4
54	60	2
55	60	4
56	60	3
57	60	5
58	60	1
59	60	15
42	61	1
46	61	3
48	61	3
49	61	2
51	61	1
52	61	3
53	61	4
54	61	2
55	61	7
56	61	6
57	61	8
59	61	4
60	61	24
52	62	1
61	62	1
48	63	1
51	63	1
52	63	1
54	63	1
55	63	2
56	63	1
59	63	1
60	63	1
61	63	3
62	63	2
47	64	1
49	64	1
50	64	1
51	64	2
56	64	2
57	64	1
59	64	1
60	64	3
61	64	2
62	64	3
63	64	23
45	65	1
49	65	1
50	65	1
51	65	1
53	65	3
56	65	4
59	65	2
60	65	2
61	65	3
62	65	1
63	65	7
64	65	13
48	66	1
58	66	1
59	66	2
60	66	2
63	66	2
64	66	2
65	66	5
46	67	3
47	67	1
49	67	1
52	67	4
54	67	1
56	67	1
57	67	1
58	67	1
59	67	1
61	67	3
63	67	4
64	67	4
65	67	7
66	67	17
46	68	1
48	68	1
51	68	1
53	68	1
54	68	1
56	68	4
57	68	4
59	68	3
60	68	3
61	68	2
64	68	6
65	68	8
66	68	3
67	68	35
51	69	1
52	69	2
53	69	1
55	69	2
58	69	1
61	69	1
63	69	2
64	69	2
66	69	2
67	69	11
68	69	24
50	70	1
53	70	2
54	70	1
56	70	2
60	70	1
61	70	1
63	70	1
64	70	3
65	70	2
68	70	4
69	70	18
51	71	1
52	71	3
55	71	1
56	71	3
57	71	1
58	71	1
59	71	1
60	71	3
61	71	4
63	71	2
64	71	4
65	71	2
67	71	9
68	71	11
69	71	13
70	71	16
46	72	1
48	72	1
50	72	2
51	72	1
52	72	2
53	72	2
54	72	1
56	72	3
57	72	3
59	72	2
60	72	2
61	72	4
63	72	1
64	72	4
65	72	2
66	72	2
67	72	3
68	72	5
69	72	7
70	72	6
71	72	33
43	73	1
49	73	1
50	73	1
52	73	2
53	73	1
54	73	4
55	73	3
56	73	1
57	73	1
60	73	2
61	73	3
62	73	2
64	73	3
65	73	2
66	73	1
67	73	6
68	73	11
69	73	7
70	73	4
71	73	6
72	73	28
45	74	1
48	74	1
49	74	1
50	74	1
51	74	3
52	74	3
53	74	4
55	74	3
56	74	1
57	74	5
59	74	1
60	74	1
61	74	1
63	74	1
64	74	3
65	74	5
67	74	3
68	74	6
69	74	11
70	74	4
71	74	11
72	74	14
73	74	28
47	75	1
48	75	1
49	75	1
50	75	1
52	75	2
53	75	2
54	75	1
57	75	1
59	75	1
60	75	1
61	75	3
62	75	1
64	75	2
66	75	2
67	75	3
68	75	5
69	75	5
70	75	3
71	75	11
72	75	21
73	75	11
74	75	43
47	76	1
48	76	1
49	76	1
50	76	1
51	76	2
53	76	1
54	76	3
55	76	3
56	76	1
58	76	1
59	76	1
60	76	6
64	76	1
65	76	2
68	76	5
69	76	1
70	76	2
71	76	2
72	76	7
73	76	13
74	76	15
75	76	16
41	77	1
48	77	2
49	77	1
51	77	2
53	77	1
54	77	1
55	77	3
56	77	6
57	77	1
58	77	1
59	77	1
60	77	3
61	77	5
63	77	1
64	77	2
65	77	4
66	77	1
67	77	5
68	77	6
69	77	5
70	77	7
71	77	6
72	77	20
73	77	14
74	77	12
75	77	15
76	77	31
46	78	1
47	78	3
49	78	1
52	78	1
53	78	1
54	78	2
55	78	1
56	78	3
57	78	2
59	78	1
60	78	1
64	78	2
65	78	1
66	78	2
67	78	3
68	78	3
69	78	1
70	78	5
71	78	11
72	78	11
73	78	2
74	78	6
75	78	15
76	78	6
77	78	37
44	79	1
46	79	1
50	79	2
52	79	3
55	79	2
56	79	3
60	79	2
61	79	2
64	79	2
65	79	2
67	79	3
68	79	4
69	79	4
70	79	1
71	79	2
72	79	8
73	79	4
74	79	3
75	79	7
76	79	5
77	79	15
78	79	25
46	80	1
49	80	1
50	80	1
51	80	1
52	80	1
54	80	1
56	80	3
59	80	1
60	80	1
61	80	2
67	80	3
68	80	3
69	80	2
70	80	5
71	80	5
72	80	4
73	80	6
74	80	4
75	80	6
76	80	2
77	80	9
78	80	19
79	80	42
41	81	1
46	81	1
47	81	1
51	81	1
53	81	1
55	81	1
56	81	2
61	81	1
63	81	2
65	81	1
67	81	1
68	81	1
69	81	4
70	81	1
71	81	3
72	81	3
73	81	2
74	81	6
75	81	5
76	81	3
77	81	9
78	81	16
79	81	18
80	81	21
55	82	1
64	82	3
65	82	1
69	82	3
70	82	2
71	82	1
72	82	2
74	82	3
75	82	3
78	82	3
79	82	3
80	82	3
81	82	33
56	83	1
63	83	1
64	83	1
67	83	1
68	83	1
69	83	1
70	83	1
74	83	2
78	83	4
79	83	1
80	83	2
81	83	12
82	83	29
52	84	1
64	84	2
67	84	1
69	84	1
70	84	1
71	84	1
73	84	2
75	84	1
78	84	4
79	84	1
80	84	1
81	84	2
82	84	7
83	84	28
51	85	1
54	85	1
55	85	2
67	85	1
69	85	2
70	85	1
71	85	2
76	85	1
78	85	2
81	85	1
82	85	6
83	85	7
84	85	25
46	86	1
55	86	1
57	86	2
64	86	1
67	86	1
68	86	2
69	86	1
74	86	1
77	86	2
78	86	1
80	86	2
81	86	2
82	86	2
83	86	3
84	86	9
85	86	20
52	87	1
54	87	1
57	87	1
59	87	2
63	87	2
64	87	2
67	87	2
69	87	1
71	87	2
76	87	1
78	87	1
79	87	1
80	87	2
81	87	2
82	87	5
83	87	5
84	87	4
85	87	13
86	87	42
42	88	1
56	88	1
63	88	1
64	88	1
65	88	1
67	88	1
68	88	1
69	88	1
71	88	1
73	88	1
77	88	1
78	88	2
79	88	2
80	88	2
81	88	2
82	88	6
83	88	3
84	88	5
85	88	6
86	88	14
87	88	27
48	89	1
52	89	2
54	89	1
59	89	1
63	89	1
65	89	1
67	89	1
68	89	2
69	89	1
71	89	1
72	89	1
75	89	4
76	89	1
77	89	1
78	89	3
79	89	4
80	89	1
81	89	5
82	89	6
83	89	6
84	89	4
85	89	6
86	89	9
87	89	12
88	89	16
49	90	1
52	90	2
53	90	1
54	90	1
57	90	1
58	90	1
63	90	1
64	90	2
66	90	1
68	90	2
69	90	1
71	90	3
75	90	2
77	90	1
78	90	1
79	90	1
80	90	3
81	90	2
82	90	3
83	90	4
84	90	5
86	90	2
87	90	2
88	90	8
89	90	33
47	91	1
52	91	1
61	91	1
63	91	1
67	91	1
69	91	3
71	91	2
73	91	1
75	91	1
77	91	1
78	91	2
80	91	2
81	91	1
82	91	3
85	91	2
86	91	2
87	91	2
88	91	1
89	91	13
90	91	20
46	92	1
47	92	2
51	92	1
52	92	3
55	92	1
56	92	1
60	92	1
61	92	2
63	92	2
65	92	1
66	92	1
67	92	2
68	92	1
69	92	5
70	92	3
71	92	2
72	92	2
73	92	5
75	92	5
76	92	1
77	92	6
78	92	3
80	92	3
81	92	6
82	92	3
83	92	1
84	92	3
85	92	2
86	92	3
88	92	1
89	92	1
90	92	6
91	92	13
45	93	1
46	93	1
48	93	2
50	93	1
51	93	5
52	93	1
53	93	2
54	93	3
55	93	2
56	93	4
57	93	2
59	93	1
60	93	5
61	93	1
63	93	2
64	93	1
67	93	2
68	93	4
70	93	2
71	93	2
73	93	5
74	93	4
75	93	3
76	93	5
77	93	3
78	93	4
79	93	4
80	93	1
82	93	1
89	93	2
90	93	1
91	93	4
92	93	11
41	94	1
45	94	1
46	94	1
47	94	1
48	94	1
50	94	1
51	94	1
52	94	1
53	94	4
54	94	2
55	94	2
56	94	5
57	94	4
60	94	2
61	94	1
63	94	1
64	94	1
65	94	1
69	94	1
70	94	2
71	94	1
72	94	3
74	94	3
75	94	1
76	94	5
77	94	2
78	94	1
79	94	2
85	94	1
89	94	1
91	94	1
92	94	5
93	94	36
46	95	1
48	95	1
49	95	1
50	95	2
51	95	1
54	95	2
55	95	4
56	95	1
57	95	4
59	95	1
60	95	1
64	95	1
65	95	2
67	95	1
68	95	1
70	95	1
71	95	4
72	95	6
73	95	1
74	95	1
75	95	2
76	95	2
77	95	3
78	95	2
80	95	3
81	95	2
89	95	3
91	95	1
92	95	6
93	95	12
94	95	32
45	96	1
48	96	1
49	96	2
51	96	3
52	96	4
54	96	2
55	96	7
56	96	4
57	96	2
60	96	3
61	96	4
64	96	1
65	96	2
66	96	1
67	96	2
68	96	2
69	96	3
70	96	2
71	96	1
72	96	1
73	96	7
74	96	2
75	96	3
76	96	5
77	96	2
78	96	2
79	96	1
80	96	3
86	96	2
89	96	2
92	96	3
93	96	18
94	96	22
95	96	28
46	97	2
48	97	1
49	97	4
52	97	2
53	97	3
54	97	1
55	97	4
56	97	1
58	97	1
60	97	2
61	97	1
63	97	5
66	97	1
67	97	3
68	97	3
69	97	3
70	97	2
71	97	2
72	97	1
73	97	3
74	97	1
75	97	2
76	97	2
77	97	3
78	97	5
79	97	2
80	97	1
81	97	2
82	97	1
85	97	2
87	97	1
88	97	1
89	97	3
90	97	1
91	97	1
92	97	7
93	97	5
94	97	5
95	97	17
96	97	34
42	98	1
47	98	1
48	98	1
51	98	2
52	98	2
53	98	1
55	98	2
57	98	1
59	98	1
60	98	1
63	98	1
64	98	1
65	98	1
67	98	3
68	98	1
69	98	1
70	98	1
71	98	1
72	98	3
73	98	3
74	98	2
75	98	3
76	98	2
77	98	2
78	98	4
80	98	2
81	98	3
82	98	3
83	98	1
85	98	2
86	98	3
87	98	2
88	98	1
89	98	4
90	98	1
91	98	6
92	98	16
93	98	7
94	98	4
95	98	6
96	98	6
97	98	39
44	99	1
46	99	1
52	99	1
54	99	1
56	99	1
57	99	1
64	99	1
65	99	1
66	99	1
67	99	3
68	99	2
69	99	2
70	99	2
71	99	2
74	99	1
75	99	3
77	99	2
78	99	1
79	99	4
80	99	2
83	99	1
84	99	3
88	99	2
89	99	1
90	99	2
91	99	1
92	99	7
93	99	3
94	99	4
95	99	3
96	99	7
97	99	7
98	99	44
52	100	2
56	100	1
60	100	1
61	100	2
63	100	1
65	100	1
67	100	3
68	100	4
69	100	2
71	100	2
72	100	4
74	100	1
75	100	2
76	100	2
77	100	1
78	100	3
79	100	3
80	100	1
81	100	2
84	100	1
86	100	1
87	100	1
89	100	3
91	100	4
92	100	2
93	100	4
94	100	4
95	100	4
96	100	4
97	100	4
98	100	17
99	100	34
52	101	1
55	101	1
56	101	1
57	101	1
60	101	2
61	101	1
63	101	1
65	101	2
66	101	1
67	101	2
69	101	1
70	101	2
73	101	2
75	101	2
76	101	3
77	101	3
79	101	2
80	101	3
86	101	1
87	101	1
89	101	1
91	101	1
92	101	5
93	101	7
94	101	2
95	101	4
96	101	5
97	101	2
98	101	8
99	101	16
100	101	46
45	102	1
49	102	1
52	102	1
54	102	2
57	102	1
60	102	1
65	102	1
67	102	2
68	102	2
69	102	2
71	102	2
72	102	2
74	102	2
75	102	4
77	102	1
79	102	1
80	102	1
87	102	1
88	102	1
89	102	1
90	102	5
91	102	4
92	102	4
93	102	1
94	102	2
96	102	1
97	102	1
98	102	16
99	102	13
100	102	10
101	102	21
46	103	1
52	103	1
55	103	2
58	103	1
60	103	1
61	103	1
64	103	2
65	103	1
66	103	1
68	103	2
69	103	1
71	103	1
72	103	4
73	103	1
75	103	3
77	103	1
79	103	1
80	103	2
81	103	5
84	103	2
88	103	2
89	103	1
90	103	2
91	103	4
92	103	3
95	103	2
96	103	1
97	103	2
98	103	5
99	103	9
100	103	1
101	103	11
102	103	26
53	104	1
54	104	2
55	104	1
57	104	2
63	104	1
64	104	2
65	104	1
66	104	1
67	104	4
68	104	2
69	104	1
70	104	1
71	104	1
72	104	2
73	104	1
74	104	2
75	104	4
76	104	1
77	104	1
78	104	2
80	104	4
81	104	2
86	104	2
87	104	2
88	104	3
90	104	2
91	104	1
92	104	3
93	104	3
94	104	2
96	104	3
97	104	5
98	104	6
99	104	2
100	104	6
101	104	6
102	104	14
103	104	27
42	105	1
46	105	1
47	105	1
53	105	1
58	105	1
60	105	1
64	105	2
65	105	1
68	105	2
69	105	2
70	105	1
71	105	2
72	105	1
73	105	2
74	105	3
75	105	1
77	105	1
78	105	1
79	105	2
80	105	3
81	105	3
82	105	1
83	105	1
84	105	2
86	105	1
87	105	3
88	105	4
89	105	3
90	105	5
91	105	3
92	105	5
93	105	1
96	105	2
97	105	1
98	105	5
99	105	4
100	105	4
101	105	4
102	105	9
103	105	11
104	105	33
42	106	1
48	106	1
52	106	1
62	106	2
63	106	2
65	106	1
69	106	2
70	106	1
71	106	2
73	106	1
74	106	2
75	106	7
76	106	1
78	106	1
79	106	1
80	106	2
81	106	1
82	106	2
83	106	1
85	106	2
86	106	3
88	106	1
89	106	1
90	106	1
91	106	1
92	106	5
93	106	2
94	106	2
95	106	1
96	106	1
97	106	3
98	106	3
99	106	4
100	106	5
101	106	2
102	106	4
103	106	6
104	106	13
105	106	36
49	107	1
50	107	1
52	107	2
55	107	1
56	107	2
59	107	1
61	107	1
63	107	1
67	107	2
68	107	2
70	107	1
71	107	1
72	107	1
73	107	2
74	107	2
76	107	3
77	107	4
78	107	2
79	107	1
80	107	3
81	107	1
82	107	1
83	107	1
90	107	2
92	107	2
93	107	2
94	107	1
95	107	2
96	107	3
97	107	1
98	107	4
99	107	1
100	107	2
101	107	5
102	107	3
103	107	9
104	107	11
105	107	11
106	107	28
48	108	2
51	108	1
52	108	3
54	108	1
55	108	2
57	108	1
60	108	1
61	108	1
65	108	2
67	108	1
68	108	1
71	108	3
72	108	3
73	108	1
74	108	5
75	108	2
76	108	1
77	108	3
78	108	1
79	108	3
80	108	1
81	108	1
84	108	1
87	108	1
89	108	1
90	108	1
93	108	3
94	108	6
95	108	5
96	108	2
97	108	6
98	108	3
99	108	1
100	108	5
101	108	7
102	108	4
103	108	5
104	108	6
105	108	1
106	108	17
107	108	38
43	109	1
47	109	1
48	109	1
49	109	2
50	109	1
52	109	1
53	109	2
54	109	1
55	109	1
56	109	1
59	109	3
60	109	2
61	109	2
64	109	2
67	109	2
68	109	1
69	109	1
70	109	1
71	109	1
72	109	1
76	109	1
77	109	2
78	109	2
79	109	1
80	109	1
81	109	1
86	109	1
87	109	1
88	109	2
91	109	1
92	109	3
94	109	2
95	109	1
96	109	3
97	109	1
98	109	4
99	109	2
100	109	7
101	109	3
103	109	1
105	109	8
106	109	7
107	109	11
108	109	18
49	110	1
50	110	1
53	110	1
55	110	2
63	110	1
64	110	2
65	110	1
68	110	1
70	110	1
71	110	1
72	110	3
73	110	2
75	110	3
76	110	2
77	110	1
78	110	1
79	110	1
80	110	1
87	110	1
88	110	1
92	110	1
93	110	5
94	110	2
95	110	1
96	110	4
97	110	2
98	110	2
99	110	2
102	110	1
103	110	2
104	110	5
105	110	3
106	110	7
107	110	13
108	110	7
109	110	37
48	111	2
52	111	2
56	111	1
60	111	1
61	111	1
65	111	1
66	111	1
69	111	1
70	111	1
71	111	1
72	111	1
74	111	1
75	111	1
77	111	1
78	111	1
79	111	1
89	111	1
92	111	3
93	111	2
94	111	1
95	111	2
96	111	1
97	111	2
98	111	1
99	111	2
100	111	2
101	111	2
102	111	1
103	111	1
104	111	2
105	111	4
106	111	3
107	111	9
108	111	8
109	111	25
110	111	42
48	112	1
50	112	1
52	112	1
56	112	1
57	112	1
63	112	1
65	112	1
67	112	2
69	112	3
72	112	1
73	112	1
74	112	2
75	112	2
76	112	2
77	112	2
78	112	2
80	112	2
81	112	2
85	112	1
89	112	2
90	112	1
92	112	2
93	112	1
94	112	1
95	112	2
97	112	2
98	112	1
99	112	2
100	112	2
101	112	1
102	112	2
104	112	2
105	112	4
106	112	6
107	112	6
108	112	4
109	112	18
110	112	12
111	112	13
46	113	1
52	113	1
54	113	2
56	113	2
57	113	3
58	113	1
61	113	1
63	113	1
64	113	1
65	113	1
67	113	1
69	113	1
70	113	2
72	113	1
74	113	1
75	113	3
76	113	2
77	113	1
79	113	1
80	113	1
81	113	1
83	113	1
84	113	3
86	113	1
87	113	1
89	113	4
90	113	1
92	113	1
93	113	1
94	113	3
96	113	1
98	113	2
99	113	2
101	113	1
102	113	1
103	113	3
104	113	2
106	113	6
107	113	6
108	113	8
109	113	8
110	113	5
111	113	13
112	113	17
48	114	1
51	114	1
64	114	1
65	114	1
67	114	1
68	114	2
69	114	1
72	114	2
76	114	2
78	114	2
79	114	2
80	114	1
81	114	1
82	114	1
83	114	2
84	114	1
85	114	1
86	114	1
87	114	2
88	114	1
89	114	1
91	114	1
92	114	1
93	114	1
95	114	2
96	114	2
97	114	2
98	114	1
99	114	1
100	114	1
101	114	1
103	114	2
104	114	1
105	114	3
106	114	2
107	114	4
108	114	3
109	114	4
110	114	3
111	114	4
112	114	5
113	114	34
48	115	1
52	115	1
55	115	2
67	115	1
68	115	1
69	115	1
71	115	1
72	115	1
73	115	1
75	115	2
76	115	1
77	115	2
78	115	1
80	115	1
81	115	2
82	115	2
84	115	1
85	115	1
86	115	2
87	115	1
88	115	1
89	115	1
90	115	1
92	115	1
94	115	3
95	115	1
96	115	5
99	115	7
100	115	2
103	115	2
105	115	5
106	115	3
107	115	2
109	115	1
110	115	8
111	115	2
112	115	5
113	115	7
114	115	33
42	116	1
52	116	2
55	116	2
61	116	1
65	116	1
66	116	1
67	116	1
68	116	1
69	116	2
70	116	1
71	116	1
72	116	1
73	116	1
74	116	3
75	116	3
77	116	1
78	116	3
79	116	1
81	116	2
84	116	2
88	116	1
89	116	1
91	116	2
92	116	3
94	116	1
96	116	1
98	116	4
99	116	2
100	116	3
101	116	1
102	116	1
103	116	2
104	116	2
105	116	2
106	116	3
107	116	2
108	116	5
109	116	3
110	116	3
111	116	6
112	116	4
113	116	7
114	116	19
115	116	49
51	117	1
53	117	1
54	117	2
55	117	1
60	117	1
63	117	1
66	117	1
67	117	1
68	117	2
69	117	2
70	117	1
71	117	3
73	117	3
75	117	2
77	117	1
79	117	1
80	117	1
81	117	1
83	117	1
86	117	1
87	117	1
88	117	2
89	117	1
92	117	1
93	117	2
95	117	1
97	117	1
98	117	1
100	117	2
101	117	1
103	117	1
104	117	1
105	117	2
106	117	3
107	117	1
108	117	1
110	117	2
111	117	2
112	117	5
113	117	3
114	117	8
115	117	13
116	117	21
50	118	2
52	118	1
54	118	1
56	118	1
60	118	1
63	118	1
65	118	1
67	118	1
69	118	2
71	118	1
72	118	1
75	118	1
78	118	1
79	118	2
80	118	1
81	118	2
83	118	1
85	118	2
86	118	2
89	118	1
90	118	2
92	118	3
94	118	1
97	118	3
98	118	3
99	118	1
100	118	2
103	118	5
104	118	2
105	118	2
106	118	4
107	118	1
108	118	5
109	118	3
110	118	3
111	118	1
112	118	3
113	118	5
114	118	6
115	118	10
116	118	14
117	118	24
46	119	1
52	119	3
59	119	1
61	119	1
63	119	1
68	119	1
69	119	2
70	119	1
71	119	3
73	119	1
76	119	1
78	119	1
79	119	1
81	119	2
84	119	2
85	119	2
86	119	1
87	119	1
88	119	1
90	119	3
92	119	2
94	119	2
95	119	1
97	119	1
99	119	1
100	119	2
102	119	1
104	119	1
105	119	9
106	119	6
107	119	1
108	119	2
109	119	1
110	119	1
111	119	1
112	119	3
113	119	2
114	119	4
115	119	7
116	119	12
117	119	7
118	119	36
45	120	1
49	120	1
53	120	1
57	120	1
62	120	1
64	120	1
68	120	1
69	120	1
71	120	1
72	120	1
74	120	1
75	120	2
76	120	1
78	120	2
80	120	2
81	120	2
82	120	1
84	120	2
85	120	1
88	120	1
90	120	1
92	120	1
93	120	1
95	120	1
98	120	1
99	120	2
100	120	1
101	120	1
102	120	2
103	120	3
104	120	3
105	120	3
106	120	4
107	120	1
108	120	1
110	120	1
111	120	1
112	120	2
113	120	2
114	120	5
115	120	4
116	120	5
117	120	6
118	120	18
119	120	60
47	121	1
56	121	2
59	121	2
63	121	1
68	121	1
69	121	2
71	121	2
72	121	1
73	121	1
74	121	2
81	121	1
82	121	2
83	121	1
84	121	1
85	121	1
86	121	2
87	121	1
88	121	2
90	121	2
92	121	1
93	121	1
97	121	1
98	121	1
99	121	1
100	121	1
101	121	2
102	121	1
104	121	4
106	121	1
108	121	2
109	121	1
110	121	3
112	121	3
113	121	6
114	121	2
115	121	2
116	121	3
117	121	3
118	121	10
119	121	9
120	121	16
46	122	1
49	122	1
52	122	2
54	122	1
55	122	2
59	122	1
61	122	1
63	122	1
64	122	1
65	122	2
69	122	1
72	122	2
73	122	1
75	122	2
78	122	1
81	122	3
83	122	1
85	122	1
86	122	1
87	122	2
89	122	2
90	122	1
92	122	2
93	122	1
94	122	1
96	122	1
97	122	4
98	122	1
99	122	1
100	122	1
101	122	2
102	122	4
103	122	2
104	122	1
107	122	3
108	122	1
110	122	2
112	122	3
114	122	4
115	122	4
116	122	2
117	122	7
118	122	12
119	122	9
120	122	9
121	122	29
42	123	1
46	123	1
49	123	1
55	123	2
57	123	1
58	123	1
67	123	1
69	123	1
71	123	1
80	123	2
81	123	2
82	123	1
85	123	2
88	123	1
94	123	1
95	123	1
96	123	1
97	123	1
98	123	1
99	123	1
100	123	1
105	123	1
106	123	4
107	123	5
108	123	4
109	123	3
110	123	2
112	123	2
113	123	4
114	123	4
115	123	4
116	123	3
117	123	5
118	123	8
119	123	6
120	123	9
121	123	13
122	123	60
44	124	1
52	124	2
61	124	1
65	124	1
67	124	2
69	124	1
71	124	1
74	124	2
76	124	1
77	124	1
83	124	1
86	124	2
87	124	1
89	124	1
90	124	1
91	124	1
93	124	2
96	124	1
98	124	5
99	124	1
101	124	1
103	124	2
104	124	2
105	124	1
106	124	1
107	124	3
108	124	1
109	124	1
110	124	1
111	124	1
112	124	2
114	124	3
115	124	3
116	124	5
117	124	4
118	124	3
119	124	4
120	124	1
121	124	8
122	124	14
123	124	33
49	125	1
53	125	1
54	125	1
56	125	1
59	125	1
64	125	2
65	125	1
67	125	2
68	125	1
69	125	1
70	125	1
73	125	1
75	125	1
77	125	1
80	125	1
81	125	1
84	125	1
86	125	2
88	125	1
90	125	1
91	125	1
97	125	1
98	125	2
99	125	1
101	125	1
102	125	2
104	125	1
106	125	1
107	125	3
109	125	2
110	125	2
111	125	1
112	125	1
113	125	4
114	125	2
115	125	2
116	125	3
117	125	5
118	125	1
119	125	5
121	125	7
122	125	15
123	125	18
124	125	27
60	126	1
65	126	2
67	126	1
68	126	1
70	126	1
71	126	1
74	126	1
75	126	1
76	126	1
77	126	2
78	126	1
79	126	1
80	126	1
83	126	2
84	126	1
89	126	1
90	126	2
92	126	1
93	126	1
94	126	1
96	126	1
97	126	2
99	126	2
101	126	2
103	126	1
104	126	1
105	126	1
107	126	3
108	126	1
109	126	1
110	126	1
111	126	2
113	126	3
114	126	3
115	126	3
116	126	1
117	126	1
118	126	1
120	126	2
121	126	1
122	126	11
123	126	13
124	126	9
125	126	17
42	127	1
52	127	1
53	127	1
57	127	1
65	127	1
68	127	2
69	127	2
71	127	1
73	127	1
76	127	1
77	127	2
86	127	1
87	127	1
88	127	1
89	127	2
93	127	1
98	127	2
99	127	1
100	127	1
101	127	1
102	127	1
106	127	1
107	127	1
108	127	2
109	127	1
110	127	2
111	127	1
113	127	3
114	127	1
116	127	2
117	127	1
118	127	6
119	127	2
120	127	4
121	127	6
122	127	9
123	127	11
124	127	5
125	127	12
126	127	19
58	128	1
63	128	1
69	128	1
70	128	1
71	128	2
72	128	1
73	128	1
76	128	1
77	128	1
78	128	1
79	128	2
80	128	2
81	128	1
82	128	1
84	128	2
85	128	2
86	128	3
87	128	3
88	128	1
90	128	1
96	128	1
98	128	2
99	128	2
101	128	1
104	128	1
105	128	3
106	128	1
107	128	2
112	128	1
113	128	1
114	128	4
115	128	5
116	128	4
117	128	1
118	128	3
119	128	5
120	128	5
121	128	3
122	128	7
123	128	2
124	128	2
125	128	12
126	128	11
127	128	25
46	129	1
65	129	1
71	129	1
81	129	1
83	129	1
85	129	2
86	129	2
87	129	2
89	129	1
90	129	1
93	129	1
100	129	1
102	129	1
103	129	1
106	129	1
109	129	2
111	129	1
112	129	1
113	129	2
115	129	1
116	129	1
117	129	1
119	129	3
120	129	2
121	129	1
122	129	3
123	129	3
125	129	4
127	129	7
128	129	43
64	130	2
68	130	1
69	130	1
70	130	1
76	130	1
80	130	1
83	130	1
85	130	2
86	130	2
87	130	2
88	130	2
89	130	2
92	130	1
98	130	1
99	130	1
102	130	1
103	130	2
105	130	1
106	130	1
110	130	1
115	130	2
118	130	1
119	130	2
120	130	3
121	130	1
122	130	1
123	130	1
124	130	3
126	130	1
127	130	2
128	130	10
129	130	37
55	131	1
56	131	1
67	131	1
69	131	1
72	131	1
80	131	1
85	131	1
86	131	3
87	131	2
88	131	1
89	131	1
90	131	2
91	131	1
98	131	1
102	131	1
110	131	2
111	131	1
112	131	1
113	131	1
117	131	2
119	131	3
121	131	1
122	131	3
123	131	1
125	131	3
127	131	6
128	131	12
129	131	16
130	131	25
54	132	1
60	132	1
63	132	1
65	132	1
67	132	1
68	132	1
73	132	1
77	132	1
78	132	1
80	132	1
82	132	2
83	132	1
84	132	1
86	132	3
87	132	1
88	132	2
89	132	1
90	132	1
92	132	1
99	132	1
103	132	2
104	132	1
106	132	3
113	132	1
116	132	1
118	132	1
119	132	3
120	132	3
121	132	1
123	132	1
124	132	1
125	132	2
126	132	1
127	132	1
128	132	5
129	132	5
130	132	13
131	132	26
53	133	1
64	133	1
69	133	1
72	133	1
74	133	1
78	133	2
80	133	1
83	133	2
86	133	3
89	133	1
90	133	1
92	133	1
95	133	1
97	133	1
100	133	1
103	133	4
106	133	3
108	133	1
113	133	1
114	133	1
115	133	4
119	133	1
120	133	4
121	133	2
122	133	3
124	133	3
125	133	2
126	133	2
127	133	2
128	133	7
129	133	5
130	133	2
131	133	6
132	133	51
65	134	1
71	134	1
77	134	1
81	134	1
82	134	2
84	134	1
89	134	1
91	134	2
96	134	3
98	134	1
99	134	1
100	134	1
101	134	1
102	134	1
103	134	1
104	134	1
105	134	1
106	134	1
109	134	1
110	134	1
113	134	1
115	134	1
117	134	1
118	134	3
119	134	2
121	134	2
122	134	1
123	134	2
124	134	2
125	134	1
126	134	1
127	134	3
128	134	3
129	134	5
130	134	1
131	134	5
132	134	16
133	134	31
47	135	1
64	135	2
72	135	1
74	135	2
77	135	2
78	135	1
80	135	1
82	135	1
86	135	1
87	135	1
88	135	1
89	135	2
90	135	2
91	135	1
92	135	1
93	135	1
95	135	1
96	135	1
97	135	2
103	135	2
104	135	2
105	135	2
106	135	1
107	135	1
114	135	1
115	135	3
116	135	1
117	135	1
118	135	1
119	135	5
120	135	5
121	135	2
123	135	4
124	135	1
126	135	2
127	135	1
128	135	3
130	135	2
131	135	3
132	135	8
133	135	14
134	135	16
52	136	1
56	136	1
61	136	1
65	136	1
67	136	1
68	136	1
69	136	1
75	136	1
76	136	1
78	136	2
80	136	1
81	136	2
84	136	2
85	136	1
86	136	2
87	136	1
91	136	1
92	136	1
96	136	2
97	136	1
98	136	1
99	136	2
100	136	1
101	136	1
103	136	3
107	136	1
109	136	2
110	136	1
111	136	1
112	136	1
113	136	3
114	136	2
115	136	1
117	136	1
119	136	1
120	136	1
121	136	2
122	136	3
123	136	2
124	136	3
125	136	3
126	136	2
127	136	3
128	136	5
130	136	1
131	136	5
132	136	5
133	136	4
134	136	9
135	136	42
47	137	1
57	137	1
58	137	1
62	137	1
64	137	1
68	137	1
70	137	1
71	137	1
72	137	1
73	137	1
74	137	1
75	137	1
76	137	1
81	137	1
82	137	2
85	137	2
87	137	1
88	137	1
91	137	1
92	137	1
94	137	1
97	137	1
98	137	1
101	137	2
103	137	1
104	137	2
105	137	2
106	137	2
107	137	2
110	137	1
113	137	1
115	137	3
116	137	1
117	137	1
118	137	1
119	137	2
120	137	3
121	137	3
122	137	4
126	137	1
127	137	1
128	137	4
129	137	3
130	137	1
131	137	2
132	137	6
133	137	4
134	137	7
135	137	16
136	137	35
56	138	1
67	138	2
68	138	1
69	138	1
75	138	1
76	138	1
78	138	1
81	138	1
82	138	2
83	138	2
84	138	1
85	138	1
87	138	1
89	138	1
93	138	1
94	138	1
97	138	1
99	138	2
106	138	1
113	138	2
115	138	2
116	138	2
119	138	2
120	138	3
122	138	5
123	138	1
124	138	3
126	138	3
127	138	5
128	138	1
129	138	1
130	138	2
131	138	1
132	138	2
133	138	8
134	138	4
135	138	9
136	138	13
137	138	28
60	139	1
65	139	1
72	139	1
74	139	1
75	139	1
76	139	1
82	139	1
88	139	1
96	139	1
97	139	1
99	139	1
100	139	1
102	139	1
103	139	1
106	139	1
107	139	1
108	139	2
109	139	3
112	139	1
114	139	1
116	139	2
117	139	1
118	139	4
119	139	1
120	139	3
122	139	2
123	139	2
124	139	1
125	139	1
126	139	4
127	139	3
128	139	2
129	139	2
130	139	2
131	139	5
133	139	3
134	139	2
135	139	5
136	139	7
137	139	10
138	139	28
48	140	1
53	140	1
60	140	2
64	140	1
68	140	1
69	140	1
70	140	1
77	140	1
86	140	2
89	140	1
91	140	2
92	140	1
96	140	2
97	140	2
98	140	1
99	140	1
101	140	1
104	140	3
106	140	2
107	140	1
110	140	1
111	140	1
113	140	1
115	140	2
117	140	2
118	140	1
119	140	1
121	140	2
122	140	1
123	140	2
126	140	2
127	140	5
128	140	5
129	140	1
130	140	2
131	140	1
132	140	1
133	140	2
134	140	3
135	140	5
136	140	4
137	140	6
138	140	8
139	140	35
51	141	1
64	141	1
65	141	2
68	141	1
73	141	1
77	141	1
78	141	1
81	141	1
86	141	2
87	141	2
90	141	1
95	141	1
96	141	1
99	141	1
104	141	1
106	141	5
112	141	2
113	141	2
115	141	3
116	141	1
118	141	3
119	141	1
122	141	2
123	141	2
124	141	2
125	141	1
126	141	2
127	141	2
128	141	3
129	141	2
131	141	2
133	141	2
134	141	3
135	141	3
136	141	4
137	141	7
138	141	7
139	141	9
140	141	31
50	142	1
57	142	2
66	142	2
68	142	2
69	142	1
70	142	1
72	142	2
79	142	1
80	142	3
81	142	1
82	142	1
84	142	1
85	142	2
87	142	2
88	142	1
91	142	2
98	142	2
99	142	1
103	142	1
104	142	1
109	142	1
111	142	2
113	142	1
114	142	2
115	142	1
117	142	1
118	142	1
120	142	1
122	142	2
123	142	1
124	142	3
125	142	1
126	142	1
127	142	1
128	142	2
130	142	2
132	142	2
133	142	1
134	142	5
135	142	2
136	142	3
137	142	2
138	142	6
139	142	10
140	142	26
141	142	36
50	143	1
64	143	1
65	143	2
70	143	2
72	143	2
75	143	1
77	143	1
78	143	1
79	143	1
80	143	1
88	143	1
89	143	1
94	143	2
95	143	1
96	143	2
97	143	2
98	143	1
99	143	1
101	143	1
103	143	1
105	143	2
106	143	1
108	143	1
110	143	1
111	143	1
113	143	1
115	143	2
116	143	3
117	143	1
118	143	2
120	143	1
121	143	1
122	143	2
123	143	2
124	143	2
125	143	3
126	143	1
130	143	1
133	143	1
134	143	2
135	143	6
136	143	3
138	143	4
139	143	3
140	143	13
141	143	13
142	143	22
48	144	1
49	144	1
53	144	1
54	144	1
57	144	1
64	144	1
65	144	1
67	144	1
68	144	3
74	144	1
76	144	1
79	144	2
87	144	1
92	144	2
94	144	1
98	144	1
101	144	1
107	144	3
108	144	1
109	144	1
112	144	2
113	144	1
114	144	3
118	144	1
119	144	1
121	144	5
122	144	1
123	144	6
124	144	1
126	144	2
127	144	1
128	144	1
132	144	1
134	144	2
135	144	4
136	144	3
137	144	6
138	144	4
139	144	5
140	144	4
141	144	9
142	144	4
143	144	19
50	145	1
53	145	1
57	145	1
60	145	1
61	145	2
63	145	2
68	145	1
70	145	2
71	145	1
75	145	2
78	145	1
79	145	2
80	145	1
84	145	1
87	145	1
89	145	2
94	145	1
96	145	2
97	145	3
99	145	2
101	145	1
105	145	1
106	145	2
107	145	1
109	145	1
111	145	2
113	145	1
114	145	1
115	145	6
118	145	1
119	145	3
120	145	1
121	145	1
122	145	1
123	145	1
124	145	3
125	145	4
126	145	5
127	145	1
128	145	1
130	145	1
131	145	2
133	145	1
134	145	2
135	145	3
136	145	1
137	145	3
138	145	2
139	145	5
140	145	4
141	145	5
142	145	6
143	145	15
144	145	36
57	146	1
59	146	1
66	146	1
70	146	1
71	146	2
73	146	1
77	146	1
78	146	1
79	146	1
80	146	1
82	146	1
84	146	1
87	146	2
89	146	1
90	146	2
99	146	1
100	146	1
101	146	1
102	146	2
104	146	1
108	146	2
109	146	1
110	146	1
114	146	3
115	146	1
119	146	2
120	146	2
123	146	1
125	146	1
127	146	4
128	146	4
130	146	1
131	146	1
133	146	1
134	146	2
135	146	1
136	146	4
137	146	5
138	146	3
139	146	4
140	146	7
141	146	5
142	146	3
143	146	6
144	146	10
145	146	28
46	147	1
50	147	1
51	147	1
53	147	1
64	147	1
65	147	1
67	147	1
68	147	1
71	147	1
77	147	1
81	147	1
82	147	1
83	147	1
86	147	2
88	147	1
89	147	1
91	147	1
92	147	1
93	147	1
96	147	1
97	147	2
100	147	1
101	147	1
103	147	2
104	147	2
105	147	1
108	147	1
114	147	1
115	147	2
117	147	4
118	147	2
119	147	2
121	147	1
122	147	2
123	147	2
124	147	1
125	147	2
126	147	5
128	147	2
129	147	3
130	147	1
131	147	2
133	147	1
134	147	3
135	147	2
136	147	3
137	147	3
138	147	1
139	147	3
140	147	2
141	147	6
143	147	10
144	147	6
145	147	10
146	147	19
54	148	1
65	148	1
66	148	1
70	148	1
79	148	1
83	148	1
85	148	3
86	148	1
88	148	2
89	148	5
90	148	1
91	148	1
96	148	1
97	148	1
99	148	1
100	148	1
103	148	3
104	148	2
106	148	1
107	148	1
108	148	1
111	148	1
112	148	2
113	148	1
114	148	3
115	148	2
116	148	1
117	148	3
118	148	1
119	148	1
120	148	1
121	148	2
124	148	3
125	148	1
126	148	1
127	148	3
128	148	1
130	148	2
131	148	2
132	148	2
134	148	1
136	148	1
137	148	2
138	148	4
139	148	1
140	148	1
141	148	5
142	148	1
143	148	8
144	148	3
145	148	10
146	148	8
147	148	28
72	149	1
74	149	1
77	149	1
82	149	1
86	149	2
87	149	1
97	149	2
98	149	1
101	149	1
104	149	1
106	149	1
109	149	2
111	149	1
112	149	1
113	149	1
114	149	1
117	149	2
123	149	1
124	149	1
125	149	1
126	149	2
128	149	3
129	149	1
131	149	1
132	149	2
134	149	4
135	149	1
136	149	3
137	149	2
138	149	4
139	149	1
140	149	2
141	149	1
142	149	2
143	149	3
144	149	4
145	149	6
146	149	3
147	149	8
148	149	17
49	150	1
65	150	1
69	150	1
70	150	1
71	150	1
75	150	1
79	150	1
80	150	1
81	150	1
84	150	1
86	150	2
90	150	1
98	150	2
103	150	1
106	150	2
107	150	1
108	150	2
109	150	3
111	150	1
112	150	1
116	150	1
119	150	2
122	150	3
123	150	1
124	150	1
127	150	1
128	150	1
129	150	1
130	150	1
131	150	1
132	150	2
133	150	2
134	150	1
135	150	1
136	150	1
138	150	2
140	150	1
142	150	2
144	150	1
145	150	3
146	150	5
147	150	1
148	150	7
149	150	18
74	151	1
80	151	1
81	151	1
82	151	2
83	151	1
84	151	1
87	151	1
92	151	1
99	151	1
100	151	1
101	151	2
102	151	3
103	151	1
106	151	1
114	151	1
117	151	1
119	151	1
120	151	2
123	151	1
125	151	1
129	151	1
130	151	1
131	151	1
133	151	1
136	151	1
142	151	2
144	151	1
145	151	4
146	151	3
148	151	1
149	151	4
150	151	22
53	152	1
67	152	1
81	152	2
82	152	2
83	152	2
84	152	1
87	152	2
90	152	1
91	152	2
98	152	1
102	152	2
108	152	1
111	152	1
113	152	1
115	152	1
117	152	1
118	152	1
119	152	1
120	152	2
122	152	1
123	152	2
125	152	1
127	152	1
130	152	3
134	152	2
136	152	3
138	152	1
139	152	1
142	152	3
143	152	1
144	152	2
145	152	1
147	152	2
148	152	2
149	152	2
150	152	9
151	152	13
46	153	1
56	153	1
63	153	1
67	153	2
69	153	1
71	153	1
74	153	2
77	153	1
80	153	1
82	153	1
84	153	1
85	153	1
87	153	1
88	153	2
89	153	1
104	153	2
115	153	1
116	153	2
117	153	1
118	153	1
119	153	2
120	153	2
123	153	2
124	153	1
127	153	3
128	153	2
131	153	1
133	153	1
135	153	2
136	153	1
137	153	3
138	153	1
139	153	2
141	153	1
142	153	1
143	153	2
144	153	3
145	153	3
146	153	2
147	153	1
148	153	4
149	153	4
150	153	2
151	153	11
152	153	13
49	154	1
51	154	2
63	154	1
64	154	1
65	154	1
68	154	2
69	154	1
73	154	1
74	154	1
77	154	1
80	154	1
81	154	2
82	154	1
85	154	1
86	154	1
87	154	1
88	154	2
93	154	1
95	154	1
99	154	2
102	154	1
103	154	2
104	154	1
105	154	1
106	154	1
107	154	4
112	154	1
113	154	1
114	154	1
115	154	1
116	154	1
117	154	1
123	154	3
124	154	1
125	154	1
126	154	1
127	154	1
128	154	2
131	154	1
132	154	2
133	154	2
134	154	1
135	154	4
136	154	1
138	154	3
139	154	4
141	154	2
142	154	1
143	154	5
144	154	3
145	154	2
146	154	2
147	154	4
148	154	1
149	154	1
150	154	4
151	154	1
152	154	8
153	154	23
46	155	1
57	155	1
64	155	1
71	155	1
74	155	1
80	155	1
81	155	2
85	155	1
99	155	1
102	155	1
103	155	2
104	155	2
105	155	1
106	155	1
112	155	2
113	155	1
115	155	2
118	155	1
120	155	2
121	155	1
122	155	1
124	155	2
125	155	1
126	155	1
127	155	1
132	155	1
134	155	2
136	155	1
138	155	2
139	155	2
143	155	4
144	155	1
146	155	3
147	155	3
148	155	6
150	155	4
151	155	2
152	155	3
153	155	13
154	155	33
48	156	1
67	156	1
71	156	2
76	156	1
85	156	1
87	156	2
88	156	1
91	156	1
94	156	1
96	156	1
98	156	1
99	156	1
101	156	1
104	156	1
106	156	2
107	156	2
108	156	1
110	156	1
111	156	1
112	156	1
117	156	1
118	156	1
119	156	1
121	156	2
123	156	1
125	156	1
126	156	1
127	156	2
128	156	1
132	156	1
133	156	4
134	156	1
135	156	1
136	156	3
137	156	1
138	156	2
139	156	1
140	156	2
142	156	2
143	156	1
144	156	1
145	156	1
146	156	2
147	156	3
149	156	4
150	156	2
151	156	1
152	156	2
153	156	10
154	156	11
155	156	30
48	157	1
56	157	1
64	157	1
73	157	1
79	157	1
87	157	1
92	157	2
100	157	1
109	157	1
114	157	1
115	157	2
117	157	1
118	157	3
121	157	1
122	157	1
123	157	1
125	157	1
126	157	2
127	157	1
131	157	2
132	157	1
133	157	2
137	157	1
141	157	3
142	157	2
143	157	2
144	157	5
147	157	3
148	157	1
150	157	3
152	157	1
153	157	3
154	157	5
155	157	8
156	157	10
57	158	1
70	158	2
71	158	1
77	158	1
78	158	1
81	158	1
83	158	1
86	158	1
88	158	1
90	158	2
92	158	2
95	158	1
104	158	2
105	158	1
107	158	1
108	158	1
109	158	1
111	158	1
112	158	3
113	158	1
115	158	1
118	158	1
120	158	2
121	158	2
122	158	1
123	158	2
125	158	1
127	158	1
128	158	1
130	158	1
131	158	2
132	158	1
134	158	2
135	158	2
137	158	2
138	158	1
139	158	3
140	158	2
143	158	2
145	158	2
146	158	2
148	158	2
149	158	1
150	158	4
151	158	3
152	158	3
153	158	1
154	158	6
155	158	9
156	158	12
157	158	22
54	159	1
67	159	3
69	159	2
70	159	1
82	159	1
88	159	1
89	159	1
93	159	1
98	159	2
99	159	1
100	159	1
101	159	1
104	159	1
105	159	1
106	159	1
109	159	1
111	159	1
113	159	2
115	159	2
116	159	2
119	159	2
121	159	2
122	159	2
124	159	2
125	159	1
128	159	2
131	159	1
135	159	1
136	159	1
137	159	1
138	159	2
139	159	1
140	159	2
141	159	3
142	159	1
143	159	2
144	159	1
145	159	1
146	159	3
148	159	4
150	159	3
151	159	1
152	159	2
153	159	1
154	159	4
155	159	4
156	159	3
157	159	6
158	159	14
47	160	1
54	160	1
57	160	1
61	160	1
67	160	1
69	160	1
72	160	1
73	160	1
75	160	4
77	160	1
80	160	1
84	160	1
85	160	1
86	160	1
87	160	2
89	160	1
98	160	2
99	160	1
103	160	2
104	160	1
106	160	1
107	160	1
108	160	3
110	160	1
113	160	6
118	160	2
120	160	1
121	160	2
122	160	3
123	160	1
124	160	3
126	160	2
127	160	2
128	160	1
132	160	1
134	160	2
135	160	2
136	160	1
137	160	1
138	160	1
142	160	3
143	160	4
144	160	1
145	160	1
146	160	2
147	160	3
148	160	2
149	160	1
150	160	1
151	160	3
152	160	1
153	160	2
154	160	1
155	160	2
156	160	3
157	160	1
158	160	4
159	160	25
42	161	1
52	161	1
67	161	1
69	161	3
71	161	1
72	161	2
74	161	1
75	161	1
78	161	1
86	161	1
87	161	1
88	161	1
91	161	2
92	161	3
94	161	1
95	161	2
97	161	2
98	161	1
101	161	1
104	161	1
105	161	3
110	161	2
111	161	1
113	161	2
114	161	1
115	161	2
116	161	3
117	161	1
118	161	2
119	161	1
120	161	1
122	161	2
123	161	2
127	161	1
128	161	1
129	161	2
131	161	1
132	161	2
133	161	1
134	161	1
135	161	2
137	161	1
138	161	2
139	161	1
140	161	2
141	161	3
142	161	2
143	161	2
147	161	4
148	161	1
149	161	1
150	161	4
153	161	2
154	161	2
155	161	4
156	161	4
157	161	4
158	161	4
159	161	10
160	161	32
50	162	1
54	162	1
56	162	1
59	162	1
66	162	1
70	162	1
71	162	1
72	162	1
74	162	1
75	162	1
76	162	1
77	162	1
78	162	1
79	162	2
86	162	1
88	162	2
89	162	1
92	162	2
95	162	1
96	162	1
97	162	1
99	162	1
102	162	1
103	162	2
104	162	1
107	162	3
108	162	3
111	162	1
112	162	1
113	162	2
114	162	1
115	162	1
116	162	1
117	162	2
118	162	1
121	162	2
123	162	1
126	162	1
127	162	2
128	162	1
132	162	1
133	162	2
137	162	1
138	162	3
139	162	1
140	162	1
141	162	1
142	162	1
144	162	2
145	162	1
147	162	4
148	162	3
149	162	1
153	162	1
154	162	3
156	162	1
157	162	4
158	162	3
159	162	9
160	162	13
161	162	20
49	163	1
51	163	1
53	163	1
54	163	1
59	163	1
60	163	1
63	163	1
69	163	2
71	163	1
73	163	1
75	163	1
77	163	1
80	163	1
81	163	2
82	163	1
86	163	1
89	163	1
90	163	1
93	163	2
94	163	1
96	163	1
98	163	1
99	163	1
100	163	1
103	163	1
104	163	2
106	163	1
107	163	1
108	163	1
110	163	1
112	163	1
116	163	2
118	163	2
119	163	1
123	163	4
125	163	3
129	163	2
130	163	1
132	163	1
139	163	1
141	163	1
145	163	1
147	163	2
148	163	6
150	163	1
152	163	2
153	163	2
154	163	4
155	163	2
156	163	3
157	163	3
158	163	4
159	163	5
160	163	12
161	163	9
162	163	24
47	164	1
59	164	1
61	164	1
69	164	2
71	164	2
72	164	2
73	164	1
76	164	1
78	164	2
79	164	1
81	164	2
86	164	1
88	164	1
89	164	1
90	164	1
93	164	1
95	164	1
96	164	1
97	164	1
98	164	2
100	164	1
101	164	1
103	164	1
104	164	1
105	164	1
108	164	3
109	164	2
112	164	1
115	164	1
116	164	1
117	164	1
118	164	1
121	164	1
122	164	1
123	164	2
124	164	2
126	164	2
127	164	2
128	164	2
132	164	1
134	164	1
135	164	1
139	164	1
140	164	3
143	164	1
144	164	2
145	164	3
146	164	2
148	164	3
149	164	1
150	164	2
151	164	1
152	164	1
154	164	2
155	164	4
156	164	2
157	164	1
158	164	1
159	164	2
160	164	5
161	164	5
162	164	15
163	164	22
47	165	1
50	165	1
51	165	1
54	165	1
63	165	2
67	165	1
68	165	1
72	165	2
74	165	1
75	165	1
77	165	1
78	165	1
87	165	1
92	165	1
93	165	1
94	165	1
96	165	1
97	165	1
98	165	1
99	165	1
100	165	1
101	165	1
106	165	5
107	165	1
108	165	3
110	165	1
112	165	1
113	165	1
114	165	2
115	165	1
116	165	1
118	165	1
119	165	1
120	165	1
121	165	1
122	165	1
124	165	1
125	165	2
126	165	5
127	165	3
128	165	1
129	165	1
132	165	1
133	165	1
134	165	1
135	165	1
136	165	2
139	165	3
140	165	3
141	165	2
142	165	1
144	165	1
145	165	2
146	165	1
147	165	1
149	165	1
152	165	1
153	165	2
154	165	2
156	165	3
158	165	1
159	165	6
160	165	7
161	165	1
162	165	7
163	165	7
164	165	21
51	166	1
71	166	1
77	166	1
99	166	1
112	166	1
127	166	1
139	166	2
141	166	2
145	166	1
153	166	1
160	166	1
162	166	1
163	166	1
164	166	3
165	166	2
46	167	1
48	167	1
52	167	1
67	167	2
78	167	3
81	167	1
84	167	1
86	167	1
94	167	1
97	167	1
98	167	1
100	167	1
103	167	1
105	167	1
107	167	1
110	167	1
112	167	1
114	167	1
117	167	1
119	167	1
127	167	2
129	167	1
131	167	1
132	167	1
140	167	1
142	167	1
145	167	2
149	167	1
153	167	1
154	167	1
155	167	1
156	167	1
160	167	3
161	167	2
162	167	4
163	167	2
164	167	3
165	167	7
53	168	1
57	168	1
59	168	1
60	168	1
63	168	1
64	168	1
66	168	1
69	168	4
71	168	1
72	168	1
73	168	1
74	168	1
79	168	1
81	168	1
83	168	1
87	168	1
89	168	1
90	168	1
92	168	1
93	168	2
96	168	1
98	168	3
101	168	1
103	168	1
104	168	1
105	168	1
106	168	2
107	168	1
108	168	1
110	168	1
111	168	1
112	168	1
114	168	2
115	168	2
116	168	1
117	168	1
118	168	1
119	168	1
121	168	1
123	168	1
125	168	2
127	168	1
128	168	1
132	168	1
134	168	1
139	168	2
140	168	1
141	168	1
142	168	1
144	168	3
145	168	3
147	168	4
148	168	4
151	168	1
155	168	2
157	168	1
158	168	3
159	168	2
160	168	6
161	168	3
162	168	6
163	168	2
164	168	3
165	168	8
167	168	20
51	169	1
53	169	1
55	169	1
57	169	1
60	169	2
61	169	1
65	169	1
68	169	2
69	169	2
70	169	2
72	169	1
73	169	1
74	169	1
80	169	2
81	169	1
85	169	1
88	169	1
93	169	1
94	169	1
95	169	1
96	169	1
97	169	1
98	169	1
99	169	2
100	169	1
103	169	2
104	169	2
106	169	1
107	169	1
109	169	2
112	169	2
113	169	1
114	169	2
115	169	2
117	169	1
118	169	2
119	169	1
120	169	1
121	169	3
123	169	1
126	169	1
127	169	2
128	169	1
130	169	1
131	169	1
133	169	2
134	169	3
136	169	1
137	169	2
139	169	2
141	169	1
143	169	1
145	169	2
147	169	1
148	169	2
149	169	1
150	169	1
153	169	2
154	169	2
155	169	1
159	169	2
160	169	3
161	169	1
162	169	1
163	169	5
164	169	6
165	169	3
166	169	1
167	169	5
168	169	26
55	170	1
64	170	1
67	170	1
70	170	1
73	170	3
77	170	1
89	170	1
92	170	1
106	170	1
109	170	1
114	170	2
115	170	1
119	170	2
120	170	1
122	170	1
124	170	2
126	170	1
136	170	1
137	170	2
142	170	1
144	170	2
145	170	1
146	170	1
147	170	2
151	170	1
152	170	1
154	170	1
158	170	2
161	170	2
162	170	2
163	170	2
165	170	5
167	170	7
168	170	10
169	170	24
65	171	1
67	171	1
68	171	1
72	171	1
75	171	2
80	171	2
82	171	1
83	171	1
87	171	2
89	171	1
91	171	3
92	171	2
93	171	1
97	171	1
100	171	1
101	171	1
104	171	1
106	171	1
110	171	1
113	171	1
115	171	1
117	171	1
118	171	1
120	171	1
121	171	1
122	171	1
125	171	1
126	171	1
128	171	1
129	171	1
135	171	2
138	171	2
141	171	1
142	171	1
143	171	2
146	171	1
147	171	1
148	171	1
150	171	1
151	171	2
152	171	2
158	171	2
159	171	1
162	171	1
164	171	3
165	171	1
167	171	4
168	171	2
169	171	3
170	171	4
47	172	1
56	172	1
64	172	1
69	172	1
70	172	1
71	172	2
73	172	1
75	172	2
78	172	1
79	172	1
80	172	2
83	172	1
84	172	1
87	172	1
90	172	2
98	172	1
99	172	1
103	172	1
104	172	1
107	172	1
108	172	2
109	172	1
112	172	1
114	172	1
117	172	1
119	172	1
120	172	1
122	172	1
127	172	1
128	172	1
130	172	1
131	172	1
132	172	1
133	172	1
137	172	1
138	172	1
141	172	1
143	172	1
147	172	1
148	172	1
152	172	1
153	172	2
154	172	2
157	172	2
158	172	1
160	172	2
161	172	4
162	172	1
163	172	1
164	172	3
165	172	1
168	172	5
169	172	5
170	172	4
171	172	22
42	173	1
47	173	1
51	173	1
54	173	1
57	173	1
64	173	1
65	173	1
66	173	1
69	173	1
70	173	1
71	173	3
72	173	1
74	173	1
78	173	2
79	173	1
81	173	1
84	173	1
90	173	1
92	173	2
93	173	1
94	173	1
95	173	3
97	173	1
98	173	3
100	173	1
104	173	1
105	173	1
106	173	1
108	173	2
111	173	1
115	173	1
116	173	1
119	173	2
120	173	2
122	173	3
123	173	1
126	173	1
127	173	1
128	173	2
130	173	1
132	173	1
135	173	1
137	173	1
138	173	1
139	173	1
140	173	2
145	173	1
146	173	3
147	173	2
151	173	1
154	173	2
156	173	2
158	173	1
159	173	4
160	173	1
161	173	5
162	173	3
163	173	2
164	173	1
165	173	2
166	173	1
167	173	1
168	173	3
169	173	2
170	173	5
171	173	5
172	173	26
47	174	1
49	174	1
50	174	1
54	174	1
55	174	1
56	174	2
57	174	1
60	174	1
61	174	2
70	174	1
71	174	2
73	174	1
74	174	2
77	174	3
78	174	2
79	174	1
80	174	2
88	174	1
93	174	1
94	174	2
95	174	1
96	174	1
97	174	2
98	174	1
100	174	2
105	174	1
108	174	1
110	174	2
113	174	1
114	174	1
116	174	2
117	174	6
118	174	1
124	174	1
125	174	2
126	174	2
127	174	1
128	174	1
131	174	1
132	174	1
135	174	1
136	174	1
137	174	1
138	174	1
139	174	1
143	174	1
144	174	1
146	174	1
148	174	1
150	174	1
151	174	1
155	174	1
156	174	1
159	174	2
160	174	1
161	174	3
162	174	2
163	174	1
165	174	2
167	174	2
168	174	1
169	174	6
170	174	2
171	174	3
172	174	8
173	174	18
46	175	1
52	175	1
54	175	1
57	175	1
59	175	1
61	175	1
65	175	1
67	175	1
68	175	1
69	175	1
75	175	1
77	175	1
79	175	1
80	175	1
83	175	1
84	175	1
86	175	1
87	175	1
91	175	1
94	175	1
96	175	1
98	175	1
99	175	1
100	175	2
104	175	1
105	175	1
106	175	1
110	175	2
115	175	1
117	175	1
121	175	2
123	175	2
124	175	1
126	175	1
127	175	1
129	175	1
134	175	1
137	175	1
139	175	1
141	175	1
142	175	1
143	175	2
147	175	1
148	175	1
156	175	1
159	175	1
162	175	3
165	175	2
168	175	4
169	175	2
170	175	2
172	175	4
173	175	1
174	175	26
42	176	1
48	176	1
49	176	1
51	176	3
52	176	2
54	176	1
55	176	1
57	176	1
59	176	1
60	176	1
65	176	1
67	176	3
69	176	1
74	176	1
75	176	1
78	176	1
93	176	2
96	176	4
100	176	2
101	176	3
104	176	2
106	176	2
107	176	2
109	176	2
117	176	1
121	176	1
123	176	2
125	176	1
128	176	1
140	176	1
143	176	1
144	176	2
149	176	1
155	176	2
158	176	1
161	176	2
162	176	2
163	176	1
165	176	3
168	176	1
169	176	3
170	176	1
171	176	2
172	176	1
173	176	6
174	176	17
175	176	29
42	177	1
48	177	1
49	177	1
50	177	1
51	177	2
52	177	1
53	177	1
54	177	1
55	177	1
56	177	1
57	177	1
60	177	1
65	177	2
66	177	1
67	177	1
68	177	1
70	177	1
71	177	1
73	177	1
76	177	4
77	177	1
93	177	3
94	177	2
95	177	4
96	177	4
97	177	2
98	177	2
101	177	1
109	177	2
110	177	1
113	177	1
119	177	1
120	177	1
125	177	1
126	177	1
128	177	1
137	177	1
144	177	1
146	177	1
147	177	1
149	177	1
154	177	1
158	177	1
160	177	2
164	177	3
165	177	3
169	177	1
172	177	2
173	177	9
174	177	15
175	177	19
176	177	30
43	178	1
46	178	1
48	178	1
49	178	2
50	178	1
51	178	2
60	178	1
61	178	1
64	178	2
65	178	1
67	178	1
68	178	1
72	178	1
73	178	2
74	178	1
75	178	1
77	178	1
78	178	1
79	178	1
89	178	1
93	178	1
94	178	1
97	178	1
98	178	1
99	178	1
100	178	1
103	178	1
106	178	1
107	178	1
108	178	1
110	178	2
114	178	1
122	178	3
123	178	1
124	178	2
125	178	1
128	178	1
130	178	2
132	178	1
133	178	1
139	178	1
141	178	1
143	178	1
144	178	1
145	178	2
146	178	1
150	178	1
151	178	1
153	178	1
155	178	1
156	178	1
160	178	2
161	178	2
164	178	4
165	178	1
167	178	2
168	178	2
169	178	1
170	178	2
171	178	3
172	178	1
173	178	4
174	178	9
175	178	11
176	178	14
177	178	11
45	179	1
51	179	1
52	179	1
56	179	1
59	179	1
63	179	1
69	179	1
70	179	1
73	179	1
78	179	3
79	179	1
80	179	1
81	179	1
82	179	1
93	179	1
97	179	1
103	179	1
108	179	1
116	179	1
120	179	2
121	179	1
122	179	1
123	179	2
126	179	1
133	179	1
135	179	1
139	179	2
140	179	1
142	179	2
143	179	2
145	179	1
147	179	1
150	179	3
154	179	1
156	179	1
159	179	1
160	179	4
161	179	2
162	179	3
163	179	3
164	179	1
167	179	1
168	179	1
169	179	5
172	179	3
173	179	9
174	179	13
175	179	6
176	179	5
177	179	3
178	179	23
63	180	2
69	180	1
70	180	1
71	180	2
72	180	1
74	180	2
75	180	1
76	180	1
77	180	1
79	180	1
82	180	2
87	180	1
91	180	1
92	180	5
93	180	1
94	180	1
95	180	2
98	180	1
99	180	2
100	180	2
101	180	1
102	180	1
103	180	2
105	180	1
110	180	1
112	180	2
117	180	1
118	180	3
119	180	1
120	180	2
124	180	2
125	180	1
127	180	1
129	180	2
131	180	1
132	180	1
134	180	1
135	180	1
137	180	1
138	180	1
139	180	1
141	180	2
142	180	1
143	180	1
145	180	2
146	180	1
151	180	1
152	180	1
155	180	2
156	180	2
158	180	1
159	180	1
160	180	2
161	180	2
163	180	1
165	180	1
167	180	2
168	180	2
169	180	4
170	180	2
171	180	5
172	180	9
173	180	4
174	180	2
175	180	1
176	180	3
177	180	2
178	180	4
179	180	17
45	181	1
46	181	1
56	181	2
65	181	1
68	181	1
69	181	1
70	181	1
73	181	1
75	181	1
76	181	1
80	181	3
84	181	1
85	181	1
86	181	2
89	181	2
92	181	1
94	181	1
104	181	3
105	181	1
106	181	2
112	181	3
117	181	1
121	181	3
122	181	1
124	181	2
127	181	1
132	181	1
133	181	2
134	181	1
135	181	1
137	181	1
139	181	1
142	181	2
145	181	2
146	181	1
148	181	1
149	181	2
151	181	1
152	181	2
153	181	2
154	181	1
155	181	1
159	181	1
160	181	1
161	181	1
164	181	1
165	181	1
168	181	1
169	181	1
171	181	1
172	181	6
173	181	3
175	181	1
176	181	1
177	181	2
178	181	1
179	181	3
180	181	15
50	182	1
59	182	1
64	182	1
67	182	1
68	182	1
69	182	2
75	182	1
80	182	1
81	182	1
83	182	1
84	182	1
86	182	2
87	182	3
88	182	1
91	182	1
92	182	3
96	182	1
98	182	1
99	182	2
104	182	1
106	182	2
109	182	2
113	182	1
115	182	3
116	182	1
121	182	1
123	182	1
124	182	1
125	182	1
127	182	1
128	182	2
131	182	1
134	182	1
135	182	1
142	182	3
146	182	2
148	182	1
150	182	1
154	182	2
155	182	2
158	182	2
159	182	1
160	182	2
161	182	1
163	182	1
168	182	1
169	182	1
170	182	2
171	182	1
172	182	4
173	182	4
174	182	1
175	182	3
178	182	3
179	182	2
180	182	5
181	182	22
46	183	1
49	183	1
53	183	1
64	183	2
68	183	1
69	183	1
72	183	1
81	183	1
83	183	1
84	183	1
86	183	1
87	183	1
88	183	1
91	183	1
92	183	2
93	183	1
99	183	1
106	183	2
109	183	1
115	183	2
116	183	1
118	183	1
124	183	1
125	183	1
128	183	1
133	183	1
134	183	1
135	183	1
136	183	2
139	183	4
142	183	2
143	183	2
145	183	1
147	183	1
148	183	1
152	183	1
154	183	2
155	183	1
156	183	1
159	183	2
161	183	2
162	183	1
164	183	1
168	183	1
169	183	1
170	183	2
171	183	2
172	183	3
173	183	2
174	183	2
178	183	1
179	183	2
180	183	4
181	183	7
182	183	48
48	184	1
50	184	1
51	184	1
55	184	1
56	184	1
57	184	2
61	184	1
62	184	1
64	184	1
68	184	1
69	184	1
70	184	1
71	184	3
72	184	1
74	184	1
75	184	1
79	184	1
91	184	1
93	184	1
95	184	1
96	184	2
97	184	1
98	184	1
99	184	2
101	184	1
102	184	1
108	184	1
109	184	1
111	184	1
112	184	3
114	184	1
115	184	2
116	184	1
117	184	2
118	184	2
119	184	1
120	184	1
122	184	1
123	184	1
124	184	2
125	184	2
126	184	1
127	184	1
129	184	1
131	184	1
133	184	3
135	184	1
136	184	1
137	184	1
139	184	2
140	184	2
141	184	1
143	184	2
144	184	1
145	184	1
146	184	3
147	184	1
148	184	1
152	184	1
154	184	1
155	184	1
157	184	1
159	184	1
161	184	1
162	184	1
164	184	1
167	184	2
168	184	2
169	184	4
172	184	4
173	184	4
174	184	4
175	184	1
176	184	2
177	184	1
178	184	1
179	184	7
180	184	5
181	184	4
182	184	12
183	184	14
45	185	1
46	185	1
48	185	1
52	185	1
54	185	3
57	185	2
60	185	1
61	185	1
63	185	1
65	185	1
69	185	1
70	185	1
71	185	1
72	185	3
73	185	1
74	185	1
77	185	2
79	185	1
80	185	1
83	185	1
92	185	2
93	185	1
94	185	2
96	185	2
97	185	1
98	185	1
99	185	1
100	185	2
101	185	1
103	185	1
105	185	1
106	185	1
109	185	1
111	185	3
114	185	3
119	185	1
122	185	1
123	185	1
124	185	2
125	185	1
126	185	1
127	185	3
134	185	2
135	185	1
136	185	1
137	185	1
140	185	1
143	185	1
147	185	1
148	185	1
149	185	1
151	185	1
154	185	2
155	185	2
156	185	1
158	185	1
160	185	2
161	185	1
163	185	2
164	185	2
167	185	1
168	185	5
169	185	3
171	185	2
172	185	2
173	185	2
174	185	3
175	185	7
176	185	1
177	185	3
178	185	2
180	185	5
181	185	4
182	185	4
183	185	10
184	185	31
49	186	2
53	186	1
55	186	1
56	186	1
57	186	1
60	186	1
61	186	1
63	186	1
73	186	1
82	186	1
85	186	1
86	186	1
88	186	2
91	186	1
95	186	1
97	186	2
98	186	1
99	186	1
101	186	1
102	186	1
106	186	1
107	186	2
108	186	1
109	186	1
112	186	1
113	186	1
114	186	2
115	186	1
117	186	1
118	186	1
119	186	1
121	186	1
122	186	1
127	186	1
128	186	1
132	186	1
136	186	1
137	186	1
138	186	1
140	186	2
141	186	1
142	186	1
144	186	1
159	186	1
160	186	1
161	186	1
165	186	2
167	186	1
168	186	1
169	186	1
170	186	1
172	186	1
173	186	6
174	186	1
175	186	1
176	186	3
177	186	2
178	186	4
179	186	7
180	186	1
181	186	2
182	186	2
183	186	1
184	186	15
185	186	41
53	187	1
57	187	1
60	187	1
64	187	1
71	187	1
72	187	1
75	187	1
78	187	2
79	187	1
80	187	1
82	187	2
83	187	1
84	187	1
86	187	2
91	187	2
92	187	1
97	187	1
100	187	1
101	187	3
102	187	4
105	187	2
106	187	3
108	187	1
109	187	3
111	187	1
115	187	1
116	187	1
121	187	3
123	187	5
124	187	1
125	187	2
126	187	2
128	187	1
131	187	2
136	187	1
137	187	2
138	187	1
139	187	1
140	187	2
145	187	2
147	187	1
148	187	1
150	187	1
151	187	1
153	187	2
154	187	2
159	187	2
160	187	1
161	187	2
162	187	1
164	187	1
165	187	1
168	187	2
169	187	1
172	187	3
173	187	3
174	187	3
175	187	1
176	187	1
177	187	1
179	187	1
180	187	1
182	187	6
183	187	3
184	187	9
185	187	12
186	187	20
46	188	1
52	188	1
54	188	1
56	188	1
60	188	2
70	188	1
72	188	1
76	188	2
78	188	1
79	188	1
80	188	2
81	188	1
82	188	1
83	188	1
85	188	1
91	188	1
93	188	1
94	188	1
96	188	2
98	188	1
99	188	1
100	188	1
103	188	2
106	188	1
108	188	1
109	188	2
110	188	1
117	188	1
121	188	2
122	188	2
125	188	2
126	188	1
128	188	1
132	188	1
133	188	1
143	188	1
147	188	1
153	188	2
155	188	1
156	188	1
161	188	1
162	188	1
163	188	1
168	188	3
169	188	2
175	188	4
177	188	4
178	188	1
179	188	2
180	188	4
181	188	1
182	188	1
184	188	5
185	188	7
186	188	7
187	188	19
45	189	1
48	189	1
51	189	1
52	189	1
55	189	1
56	189	1
57	189	1
64	189	1
67	189	1
68	189	1
69	189	1
72	189	2
73	189	2
74	189	1
75	189	1
76	189	2
78	189	1
81	189	1
85	189	1
87	189	1
92	189	2
93	189	1
94	189	1
96	189	2
97	189	1
98	189	2
100	189	1
101	189	2
103	189	1
107	189	1
111	189	1
113	189	1
115	189	1
116	189	1
117	189	2
122	189	1
125	189	2
129	189	2
144	189	1
146	189	1
147	189	3
149	189	1
160	189	1
161	189	1
162	189	1
163	189	1
164	189	2
167	189	1
168	189	1
169	189	1
170	189	1
173	189	1
174	189	3
175	189	3
176	189	2
177	189	7
178	189	5
179	189	3
184	189	7
185	189	9
186	189	8
187	189	9
188	189	20
42	190	1
47	190	1
49	190	1
51	190	1
52	190	1
54	190	1
55	190	3
67	190	1
68	190	1
69	190	2
71	190	1
72	190	2
73	190	2
74	190	3
76	190	1
77	190	1
78	190	1
79	190	1
80	190	1
81	190	1
88	190	1
91	190	1
92	190	1
94	190	1
96	190	1
97	190	2
98	190	2
104	190	1
106	190	1
107	190	1
108	190	1
109	190	1
110	190	1
111	190	2
112	190	1
113	190	1
118	190	2
124	190	1
125	190	3
126	190	1
127	190	1
128	190	2
129	190	2
130	190	1
138	190	1
140	190	1
142	190	1
144	190	2
145	190	1
147	190	1
149	190	2
152	190	1
153	190	1
154	190	1
155	190	2
158	190	1
159	190	1
160	190	1
161	190	1
162	190	2
164	190	2
165	190	1
168	190	2
172	190	2
173	190	4
174	190	2
175	190	2
176	190	2
177	190	5
178	190	1
179	190	4
180	190	3
181	190	3
182	190	2
183	190	3
184	190	3
185	190	7
186	190	8
187	190	13
188	190	10
189	190	23
49	191	2
52	191	1
53	191	1
56	191	1
60	191	2
61	191	1
62	191	1
64	191	1
65	191	1
68	191	1
72	191	1
73	191	1
74	191	1
75	191	1
77	191	1
79	191	3
81	191	1
93	191	2
96	191	2
97	191	1
101	191	2
104	191	1
105	191	1
107	191	2
108	191	2
109	191	1
111	191	1
120	191	1
122	191	1
126	191	2
128	191	1
135	191	2
139	191	1
143	191	2
144	191	1
153	191	1
160	191	1
161	191	1
164	191	3
165	191	2
168	191	2
169	191	3
173	191	2
174	191	7
175	191	2
176	191	3
177	191	2
178	191	6
180	191	3
182	191	2
183	191	2
184	191	1
185	191	3
186	191	4
187	191	2
188	191	7
189	191	7
190	191	22
44	192	1
50	192	1
51	192	1
52	192	1
55	192	2
56	192	1
59	192	1
61	192	1
65	192	2
67	192	1
68	192	1
69	192	1
71	192	1
72	192	1
73	192	1
75	192	1
76	192	1
77	192	1
78	192	1
79	192	2
80	192	1
83	192	1
90	192	1
93	192	3
94	192	1
95	192	1
96	192	1
97	192	2
101	192	1
103	192	1
104	192	1
106	192	2
107	192	1
108	192	1
109	192	1
110	192	1
112	192	3
114	192	1
115	192	1
116	192	1
121	192	1
122	192	2
130	192	1
134	192	1
139	192	1
140	192	1
141	192	2
145	192	1
147	192	1
148	192	1
149	192	1
152	192	1
153	192	2
156	192	1
160	192	1
161	192	1
162	192	2
163	192	1
164	192	1
165	192	1
167	192	1
171	192	2
173	192	1
174	192	2
175	192	4
176	192	1
177	192	6
178	192	2
179	192	1
181	192	1
182	192	1
183	192	2
184	192	9
185	192	2
186	192	4
187	192	1
188	192	4
189	192	10
190	192	11
191	192	26
48	193	1
49	193	2
50	193	1
51	193	2
53	193	1
54	193	1
55	193	1
56	193	1
61	193	1
67	193	1
69	193	1
70	193	1
71	193	1
76	193	1
77	193	2
78	193	2
81	193	1
83	193	1
86	193	1
89	193	5
90	193	1
93	193	1
94	193	1
95	193	1
96	193	2
97	193	1
98	193	1
102	193	2
103	193	1
104	193	2
105	193	2
106	193	1
110	193	1
112	193	1
114	193	1
116	193	1
117	193	1
118	193	1
120	193	1
121	193	2
123	193	1
125	193	4
136	193	1
142	193	1
145	193	1
150	193	1
152	193	1
156	193	1
158	193	1
159	193	1
160	193	1
163	193	1
164	193	2
165	193	1
169	193	2
173	193	1
174	193	3
175	193	4
176	193	5
177	193	3
178	193	3
179	193	1
180	193	2
181	193	1
182	193	1
183	193	2
185	193	1
187	193	3
188	193	3
189	193	8
190	193	5
191	193	10
192	193	27
53	194	1
61	194	1
63	194	1
64	194	1
69	194	1
71	194	1
73	194	1
74	194	1
75	194	3
78	194	1
79	194	1
80	194	1
85	194	1
86	194	1
94	194	2
96	194	1
97	194	1
98	194	2
100	194	1
104	194	1
106	194	3
108	194	2
109	194	1
111	194	1
112	194	1
115	194	2
116	194	1
120	194	1
122	194	1
124	194	1
126	194	1
131	194	1
132	194	2
136	194	1
137	194	1
142	194	1
143	194	1
147	194	2
153	194	1
156	194	1
161	194	1
162	194	1
163	194	1
164	194	1
169	194	1
170	194	1
172	194	1
173	194	2
174	194	3
175	194	2
176	194	5
177	194	3
179	194	4
180	194	2
183	194	1
184	194	2
185	194	1
186	194	4
187	194	4
188	194	3
189	194	6
190	194	7
191	194	8
192	194	13
193	194	46
41	195	1
46	195	1
50	195	3
55	195	1
56	195	1
57	195	1
60	195	2
65	195	1
68	195	1
69	195	2
73	195	1
74	195	1
75	195	2
76	195	1
80	195	1
82	195	2
92	195	2
93	195	2
94	195	2
96	195	1
97	195	3
98	195	1
100	195	3
101	195	1
102	195	1
108	195	1
110	195	2
113	195	1
121	195	1
124	195	1
132	195	1
139	195	1
142	195	1
144	195	1
150	195	1
153	195	1
159	195	1
161	195	1
164	195	3
165	195	1
169	195	4
170	195	1
173	195	2
174	195	1
176	195	1
177	195	1
178	195	1
179	195	3
180	195	2
181	195	1
184	195	1
185	195	1
186	195	3
188	195	5
189	195	11
190	195	8
191	195	15
192	195	17
193	195	14
194	195	21
48	196	1
51	196	1
52	196	2
54	196	1
55	196	1
57	196	1
59	196	1
61	196	1
65	196	1
69	196	2
71	196	1
72	196	1
73	196	1
76	196	2
77	196	2
92	196	1
93	196	2
95	196	1
96	196	1
99	196	1
100	196	1
104	196	1
107	196	1
108	196	1
110	196	1
111	196	1
115	196	1
117	196	1
118	196	1
121	196	1
122	196	1
123	196	1
127	196	1
134	196	1
141	196	1
143	196	2
144	196	1
149	196	1
150	196	1
156	196	1
162	196	1
163	196	1
164	196	1
168	196	1
169	196	1
170	196	1
173	196	1
174	196	1
175	196	7
176	196	3
177	196	3
178	196	2
179	196	1
183	196	1
185	196	2
186	196	2
187	196	3
188	196	6
189	196	7
190	196	14
191	196	15
192	196	11
193	196	20
194	196	14
195	196	30
48	197	2
51	197	1
54	197	2
56	197	2
60	197	1
61	197	1
69	197	1
71	197	1
72	197	2
75	197	1
76	197	2
79	197	1
93	197	1
95	197	1
96	197	3
97	197	1
99	197	1
104	197	1
106	197	3
108	197	1
109	197	1
110	197	1
111	197	1
113	197	2
117	197	1
120	197	1
122	197	1
124	197	1
125	197	1
126	197	1
127	197	1
128	197	1
143	197	1
158	197	1
160	197	1
162	197	2
165	197	2
168	197	1
169	197	4
170	197	2
172	197	2
173	197	3
174	197	2
175	197	5
176	197	5
177	197	8
178	197	4
180	197	2
183	197	2
184	197	3
185	197	4
186	197	1
187	197	3
188	197	4
189	197	9
190	197	4
191	197	16
192	197	21
193	197	18
194	197	15
195	197	16
196	197	33
46	198	1
49	198	2
51	198	1
52	198	1
53	198	2
54	198	1
55	198	2
56	198	3
57	198	1
61	198	1
67	198	1
68	198	2
69	198	1
73	198	1
74	198	3
75	198	2
76	198	2
78	198	2
80	198	1
82	198	1
83	198	1
93	198	2
95	198	1
96	198	3
97	198	1
103	198	1
107	198	2
114	198	2
120	198	1
122	198	1
123	198	1
125	198	1
126	198	1
128	198	1
144	198	1
146	198	1
147	198	2
148	198	1
153	198	1
154	198	1
155	198	1
156	198	1
163	198	1
164	198	2
169	198	1
170	198	1
173	198	1
175	198	1
176	198	7
177	198	7
178	198	2
179	198	3
185	198	1
186	198	2
187	198	4
188	198	3
189	198	9
190	198	8
191	198	13
192	198	12
193	198	5
194	198	8
195	198	15
196	198	14
197	198	34
47	199	1
48	199	1
50	199	1
51	199	1
52	199	2
53	199	1
54	199	1
55	199	1
57	199	2
59	199	2
60	199	2
63	199	1
64	199	2
67	199	3
72	199	1
74	199	2
75	199	3
80	199	1
89	199	1
90	199	2
92	199	2
96	199	1
97	199	3
101	199	4
104	199	2
105	199	2
108	199	2
109	199	2
110	199	1
113	199	2
114	199	1
116	199	1
118	199	1
119	199	2
120	199	1
121	199	1
122	199	3
124	199	2
125	199	3
126	199	1
127	199	1
131	199	1
136	199	1
139	199	1
141	199	1
142	199	3
146	199	1
156	199	1
160	199	1
161	199	1
162	199	1
163	199	1
167	199	1
168	199	1
169	199	2
172	199	2
173	199	2
174	199	4
175	199	3
176	199	2
177	199	1
178	199	3
179	199	3
180	199	2
181	199	3
184	199	3
185	199	2
186	199	2
187	199	2
188	199	2
189	199	7
190	199	12
191	199	7
192	199	9
193	199	4
194	199	13
195	199	8
196	199	7
197	199	14
198	199	14
42	200	1
49	200	1
51	200	1
54	200	1
56	200	1
57	200	1
63	200	1
70	200	2
72	200	1
74	200	2
75	200	2
78	200	2
79	200	1
84	200	1
87	200	1
89	200	1
92	200	4
95	200	1
96	200	2
98	200	1
99	200	2
100	200	3
101	200	1
102	200	1
104	200	1
106	200	1
107	200	1
110	200	1
111	200	1
112	200	3
118	200	1
119	200	1
120	200	1
125	200	1
129	200	1
135	200	1
139	200	1
140	200	1
141	200	1
150	200	1
153	200	1
154	200	1
157	200	3
158	200	1
159	200	2
160	200	2
161	200	2
162	200	1
163	200	2
164	200	2
165	200	2
169	200	2
170	200	1
172	200	2
173	200	6
174	200	3
176	200	3
177	200	1
178	200	1
179	200	2
180	200	2
181	200	2
182	200	2
183	200	1
184	200	2
185	200	1
186	200	1
187	200	2
188	200	4
189	200	8
190	200	9
191	200	2
192	200	1
193	200	3
194	200	5
195	200	3
196	200	7
197	200	1
198	200	6
199	200	16
51	201	2
52	201	1
54	201	1
58	201	2
64	201	1
68	201	1
69	201	1
71	201	1
72	201	1
73	201	1
75	201	1
76	201	1
78	201	1
79	201	1
81	201	1
88	201	1
89	201	2
90	201	1
91	201	2
93	201	2
96	201	1
97	201	1
98	201	3
100	201	2
101	201	1
102	201	1
103	201	1
104	201	2
106	201	2
107	201	1
108	201	1
110	201	2
111	201	1
112	201	3
114	201	1
115	201	1
116	201	1
118	201	1
120	201	2
123	201	1
125	201	1
129	201	1
132	201	1
134	201	1
138	201	1
141	201	1
142	201	1
147	201	2
148	201	1
152	201	1
153	201	1
154	201	3
156	201	1
159	201	3
162	201	1
164	201	1
165	201	1
168	201	5
169	201	2
172	201	1
173	201	1
174	201	1
176	201	1
177	201	1
178	201	1
179	201	3
180	201	2
181	201	2
182	201	2
183	201	1
184	201	2
185	201	4
186	201	2
187	201	6
188	201	5
189	201	3
190	201	1
191	201	1
192	201	2
194	201	4
195	201	3
196	201	2
197	201	2
198	201	9
199	201	17
200	201	34
47	202	1
49	202	1
50	202	1
51	202	1
52	202	1
53	202	1
55	202	1
61	202	1
64	202	2
70	202	1
72	202	2
73	202	1
74	202	1
75	202	1
78	202	1
91	202	1
92	202	1
93	202	1
94	202	2
95	202	1
98	202	1
99	202	1
100	202	1
101	202	1
105	202	1
107	202	1
108	202	1
111	202	1
112	202	1
113	202	2
119	202	1
122	202	1
124	202	2
126	202	1
128	202	1
138	202	1
147	202	1
155	202	1
157	202	1
158	202	1
160	202	2
163	202	1
164	202	1
169	202	1
173	202	2
174	202	2
175	202	4
176	202	2
177	202	1
178	202	2
182	202	1
185	202	1
186	202	2
187	202	1
188	202	1
189	202	7
190	202	5
191	202	2
192	202	3
193	202	4
194	202	2
195	202	3
196	202	2
197	202	2
198	202	5
199	202	9
200	202	4
201	202	15
48	203	1
49	203	1
51	203	1
53	203	2
56	203	1
59	203	1
63	203	1
64	203	1
68	203	2
69	203	1
71	203	2
75	203	2
78	203	1
80	203	1
84	203	1
85	203	1
91	203	1
93	203	2
94	203	1
96	203	1
97	203	1
98	203	6
100	203	2
103	203	2
104	203	1
108	203	1
110	203	2
111	203	2
112	203	1
114	203	3
115	203	1
116	203	1
118	203	1
119	203	1
120	203	1
121	203	1
124	203	1
125	203	2
128	203	1
135	203	1
136	203	1
137	203	2
141	203	1
143	203	1
144	203	1
145	203	2
151	203	1
154	203	1
161	203	1
162	203	1
163	203	1
172	203	1
173	203	1
174	203	1
175	203	3
176	203	1
177	203	1
178	203	2
179	203	1
180	203	2
181	203	1
182	203	1
183	203	1
184	203	2
185	203	3
186	203	1
187	203	4
188	203	3
189	203	2
190	203	2
191	203	1
192	203	5
193	203	3
194	203	4
195	203	3
196	203	1
197	203	2
198	203	5
199	203	8
200	203	9
201	203	16
202	203	26
46	204	1
53	204	1
55	204	1
56	204	1
59	204	1
61	204	1
63	204	1
68	204	1
71	204	3
72	204	1
74	204	1
77	204	2
79	204	1
80	204	1
87	204	2
89	204	2
93	204	1
94	204	1
95	204	1
97	204	4
98	204	3
99	204	1
104	204	1
105	204	1
106	204	3
107	204	1
108	204	1
110	204	1
112	204	2
113	204	1
114	204	1
115	204	1
116	204	1
118	204	2
120	204	1
123	204	1
124	204	1
126	204	1
127	204	2
130	204	1
134	204	1
139	204	3
143	204	1
145	204	1
147	204	3
148	204	1
150	204	1
153	204	3
154	204	2
155	204	1
156	204	1
158	204	2
159	204	2
163	204	2
164	204	1
165	204	2
167	204	1
168	204	1
169	204	2
172	204	1
173	204	1
174	204	1
176	204	1
179	204	1
180	204	4
182	204	1
183	204	5
184	204	2
185	204	4
186	204	3
187	204	2
188	204	1
189	204	2
190	204	3
191	204	2
192	204	1
193	204	2
194	204	3
195	204	1
196	204	2
197	204	4
198	204	3
199	204	7
200	204	3
201	204	6
202	204	9
203	204	41
49	205	1
52	205	1
53	205	1
54	205	1
57	205	1
67	205	1
73	205	1
77	205	2
81	205	1
83	205	1
98	205	1
99	205	1
110	205	1
113	205	1
115	205	1
122	205	1
127	205	1
128	205	1
134	205	1
135	205	1
139	205	1
141	205	2
153	205	1
156	205	1
159	205	1
160	205	2
161	205	1
162	205	1
164	205	2
165	205	2
168	205	2
169	205	1
170	205	1
171	205	1
172	205	1
175	205	2
176	205	1
177	205	1
178	205	3
179	205	2
180	205	1
182	205	1
184	205	1
185	205	2
186	205	3
187	205	2
188	205	1
189	205	1
190	205	2
191	205	2
194	205	4
196	205	1
197	205	1
200	205	2
202	205	8
203	205	9
204	205	31
