2	4	1
3	4	3
3	5	1
4	5	3
4	6	5
5	6	3
2	7	1
4	7	1
5	7	7
6	7	7
3	8	1
4	8	2
5	8	1
6	8	4
7	8	6
2	9	1
6	9	2
7	9	1
8	9	8
2	10	1
5	10	1
6	10	1
8	10	3
9	10	5
1	11	1
6	11	2
8	11	2
9	11	2
10	11	10
4	12	3
6	12	1
9	12	1
10	12	3
11	12	7
8	13	1
10	13	1
11	13	3
12	13	9
2	14	2
3	14	1
4	14	1
6	14	2
7	14	4
8	14	3
10	14	2
11	14	1
12	14	3
13	14	15
1	15	1
3	15	1
4	15	1
10	15	2
11	15	3
12	15	2
13	15	7
14	15	12
5	16	1
7	16	1
12	16	3
13	16	3
14	16	3
15	16	11
1	17	1
10	17	3
11	17	1
12	17	2
13	17	4
15	17	2
16	17	8
4	18	1
9	18	1
10	18	2
12	18	2
13	18	3
15	18	1
16	18	6
17	18	2
9	19	2
12	19	1
13	19	1
14	19	1
15	19	3
16	19	1
17	19	2
18	19	12
6	20	1
8	20	1
12	20	1
13	20	1
15	20	1
17	20	1
18	20	12
19	20	26
3	21	1
6	21	1
10	21	1
12	21	2
14	21	2
15	21	2
17	21	1
18	21	2
19	21	2
20	21	11
1	22	1
2	22	1
4	22	1
9	22	2
13	22	1
14	22	2
15	22	3
16	22	1
21	22	11
6	23	1
7	23	1
16	23	2
18	23	1
20	23	1
22	23	8
14	24	2
15	24	2
17	24	1
18	24	1
19	24	3
21	24	1
22	24	2
23	24	8
6	25	4
12	25	1
14	25	5
17	25	1
19	25	1
20	25	1
21	25	1
23	25	4
24	25	30
11	26	1
13	26	2
15	26	1
16	26	1
18	26	1
19	26	1
20	26	2
22	26	5
23	26	1
24	26	9
25	26	17
3	27	1
9	27	1
10	27	1
11	27	1
19	27	1
22	27	1
23	27	1
25	27	2
26	27	7
8	28	1
10	28	2
17	28	1
20	28	2
21	28	1
24	28	1
26	28	4
27	28	12
4	29	1
12	29	1
14	29	1
19	29	1
22	29	1
24	29	1
26	29	3
27	29	3
28	29	8
11	30	1
12	30	1
13	30	1
18	30	1
19	30	1
20	30	2
23	30	1
25	30	1
27	30	2
28	30	2
29	30	2
5	31	1
8	31	1
12	31	1
20	31	1
21	31	3
22	31	1
25	31	1
27	31	4
28	31	3
29	31	6
30	31	24
4	32	1
7	32	1
11	32	1
12	32	1
15	32	1
17	32	1
21	32	1
24	32	1
25	32	1
26	32	1
28	32	3
29	32	1
30	32	10
31	32	24
2	33	1
3	33	1
4	33	1
6	33	2
7	33	2
9	33	1
10	33	1
11	33	1
13	33	1
14	33	1
18	33	1
20	33	2
21	33	1
22	33	2
23	33	1
25	33	1
26	33	1
27	33	1
28	33	3
29	33	1
30	33	5
31	33	13
32	33	15
2	34	1
4	34	1
5	34	1
15	34	1
23	34	1
25	34	2
26	34	2
28	34	4
29	34	2
30	34	1
31	34	3
32	34	9
33	34	20
3	35	1
6	35	1
22	35	1
23	35	2
26	35	1
30	35	4
31	35	3
32	35	4
33	35	3
34	35	16
13	36	2
14	36	1
15	36	1
17	36	1
22	36	1
26	36	1
29	36	1
30	36	1
31	36	4
32	36	1
33	36	3
34	36	3
35	36	7
4	37	1
6	37	1
8	37	1
26	37	1
28	37	1
31	37	3
34	37	1
35	37	3
36	37	8
12	38	1
13	38	1
16	38	1
23	38	1
24	38	1
25	38	1
26	38	1
27	38	1
29	38	2
32	38	1
33	38	2
36	38	1
37	38	3
12	39	1
14	39	1
17	39	1
25	39	1
30	39	1
31	39	1
33	39	1
34	39	1
35	39	1
36	39	1
37	39	1
38	39	7
13	40	1
14	40	1
17	40	1
19	40	1
21	40	2
23	40	1
24	40	1
26	40	1
27	40	1
30	40	1
32	40	1
33	40	1
34	40	3
39	40	4
14	41	1
20	41	3
22	41	1
32	41	2
36	41	2
40	41	10
7	42	1
11	42	1
17	42	1
20	42	2
25	42	1
31	42	1
38	42	1
39	42	1
40	42	5
41	42	14
9	43	1
18	43	1
19	43	1
20	43	2
25	43	1
26	43	2
27	43	1
32	43	1
35	43	1
38	43	1
40	43	4
41	43	9
42	43	12
19	44	1
20	44	3
25	44	1
26	44	1
34	44	1
36	44	1
39	44	1
40	44	2
41	44	12
42	44	10
43	44	16
18	45	1
25	45	1
28	45	1
31	45	2
32	45	1
35	45	1
36	45	2
40	45	3
41	45	5
42	45	1
43	45	8
44	45	12
18	46	1
19	46	2
20	46	2
21	46	1
25	46	2
33	46	1
41	46	2
42	46	4
43	46	2
44	46	8
45	46	7
12	47	1
13	47	1
16	47	1
19	47	1
20	47	1
25	47	3
33	47	1
36	47	1
37	47	1
39	47	1
40	47	1
41	47	1
42	47	3
44	47	3
45	47	5
46	47	8
11	48	1
16	48	1
20	48	1
21	48	1
24	48	1
31	48	1
32	48	1
40	48	3
41	48	4
42	48	2
43	48	4
44	48	4
45	48	2
46	48	3
47	48	11
1	49	1
4	49	1
18	49	1
20	49	1
21	49	1
24	49	1
28	49	1
31	49	1
33	49	1
40	49	3
41	49	3
43	49	5
44	49	3
45	49	3
46	49	6
47	49	6
48	49	6
28	50	1
41	50	3
42	50	1
45	50	2
48	50	3
49	50	4
17	56	1
40	56	1
42	56	1
44	56	1
46	56	1
47	56	2
48	56	2
49	56	2
1	57	2
12	57	1
17	57	1
20	57	1
21	57	1
26	57	1
32	57	1
33	57	1
40	57	1
41	57	1
42	57	1
44	57	1
46	57	3
47	57	2
48	57	2
49	57	2
50	57	1
56	57	6
5	58	1
17	58	1
19	58	1
31	58	1
36	58	1
41	58	2
42	58	2
43	58	2
44	58	1
45	58	1
46	58	3
47	58	3
48	58	1
49	58	1
56	58	4
57	58	19
18	59	1
27	59	1
40	59	3
43	59	3
45	59	1
46	59	1
47	59	2
48	59	1
49	59	3
56	59	3
57	59	16
58	59	24
18	60	1
19	60	1
20	60	1
24	60	1
28	60	1
33	60	1
34	60	1
39	60	1
41	60	3
42	60	1
43	60	1
45	60	1
46	60	1
48	60	3
49	60	1
56	60	3
57	60	9
58	60	16
59	60	11
11	61	1
17	61	1
18	61	1
19	61	1
20	61	2
22	61	1
25	61	1
28	61	1
30	61	1
35	61	2
40	61	1
41	61	3
42	61	2
43	61	2
44	61	2
46	61	4
47	61	1
49	61	2
57	61	4
58	61	5
59	61	5
60	61	5
2	62	1
11	62	2
18	62	1
19	62	2
20	62	1
24	62	1
27	62	1
40	62	1
41	62	1
43	62	2
44	62	1
45	62	2
47	62	3
48	62	1
50	62	2
57	62	2
58	62	10
59	62	12
60	62	6
61	62	17
8	63	1
9	63	1
27	63	1
30	63	1
43	63	1
44	63	1
47	63	3
48	63	2
56	63	1
57	63	4
58	63	8
59	63	6
60	63	9
61	63	6
62	63	13
19	64	5
24	64	1
25	64	2
40	64	1
43	64	2
44	64	1
45	64	1
46	64	2
47	64	1
48	64	3
49	64	3
57	64	2
58	64	5
59	64	10
60	64	7
61	64	3
62	64	4
63	64	28
11	65	1
18	65	1
19	65	1
20	65	1
31	65	1
32	65	1
41	65	1
42	65	3
43	65	1
44	65	2
46	65	2
47	65	2
48	65	1
49	65	3
57	65	4
58	65	8
59	65	10
60	65	4
61	65	3
62	65	12
63	65	17
64	65	19
20	66	1
24	66	1
31	66	1
43	66	2
44	66	4
45	66	1
46	66	1
48	66	2
49	66	1
50	66	1
56	66	3
57	66	2
58	66	5
59	66	10
60	66	7
61	66	5
62	66	10
63	66	14
64	66	15
65	66	13
34	67	1
36	67	1
38	67	1
39	67	1
41	67	2
47	67	2
49	67	1
56	67	1
58	67	2
59	67	1
61	67	4
62	67	7
63	67	4
64	67	3
65	67	9
66	67	19
6	68	1
19	68	2
20	68	1
28	68	1
41	68	1
42	68	1
46	68	1
58	68	1
60	68	2
61	68	1
62	68	1
63	68	1
64	68	1
65	68	4
66	68	7
67	68	9
8	69	1
14	69	1
17	69	1
18	69	1
20	69	1
25	69	1
27	69	1
28	69	1
33	69	1
36	69	1
43	69	2
44	69	2
48	69	1
50	69	1
57	69	1
58	69	1
59	69	1
60	69	7
62	69	4
63	69	4
64	69	2
65	69	5
66	69	1
67	69	2
68	69	14
2	70	2
8	70	1
9	70	1
17	70	1
18	70	1
20	70	1
32	70	1
33	70	2
35	70	1
38	70	1
40	70	1
41	70	1
43	70	1
47	70	1
48	70	2
56	70	1
57	70	1
58	70	3
59	70	2
61	70	7
62	70	4
63	70	4
64	70	1
65	70	4
66	70	6
67	70	8
68	70	18
69	70	11
1	71	1
4	71	1
18	71	1
20	71	1
24	71	1
25	71	1
31	71	1
36	71	1
41	71	1
42	71	1
43	71	1
44	71	1
47	71	1
57	71	4
58	71	2
59	71	3
60	71	3
61	71	1
62	71	2
63	71	2
64	71	2
65	71	3
66	71	3
67	71	3
68	71	3
69	71	7
70	71	19
11	72	1
14	72	1
18	72	1
19	72	1
21	72	1
30	72	3
31	72	1
32	72	1
33	72	1
34	72	1
41	72	1
43	72	1
44	72	1
47	72	1
48	72	1
50	72	1
57	72	2
60	72	1
61	72	1
65	72	2
66	72	1
67	72	1
68	72	4
69	72	1
70	72	2
71	72	6
8	73	1
13	73	1
22	73	2
23	73	1
28	73	1
32	73	1
34	73	2
42	73	1
49	73	1
50	73	1
58	73	1
61	73	2
62	73	1
63	73	1
66	73	2
68	73	2
69	73	2
70	73	1
71	73	3
72	73	12
7	74	1
14	74	1
15	74	1
19	74	1
20	74	2
21	74	1
23	74	1
24	74	1
42	74	3
43	74	1
44	74	1
47	74	1
49	74	2
57	74	1
58	74	1
59	74	1
60	74	1
62	74	2
64	74	2
65	74	1
69	74	2
70	74	1
71	74	7
72	74	5
73	74	4
6	75	1
7	75	1
17	75	1
21	75	2
22	75	1
25	75	1
26	75	1
27	75	1
37	75	2
39	75	1
40	75	3
42	75	2
43	75	1
44	75	5
45	75	1
46	75	1
47	75	1
48	75	1
57	75	5
58	75	3
60	75	2
62	75	1
63	75	4
64	75	1
65	75	1
66	75	2
67	75	2
70	75	1
71	75	4
72	75	2
73	75	5
74	75	25
5	76	1
7	76	1
12	76	2
13	76	1
19	76	3
20	76	3
24	76	1
42	76	2
43	76	1
45	76	2
46	76	1
47	76	3
48	76	2
57	76	3
58	76	2
59	76	2
60	76	4
62	76	1
63	76	3
64	76	2
65	76	4
66	76	6
67	76	2
68	76	2
70	76	1
71	76	9
72	76	3
73	76	5
74	76	19
75	76	39
4	77	1
9	77	1
24	77	1
25	77	2
26	77	2
27	77	1
28	77	1
33	77	1
38	77	1
40	77	2
41	77	2
56	77	2
57	77	1
58	77	1
59	77	1
60	77	1
62	77	2
63	77	2
64	77	2
65	77	2
66	77	3
67	77	1
68	77	1
69	77	2
70	77	1
71	77	4
72	77	1
73	77	1
74	77	8
75	77	31
76	77	17
7	78	1
18	78	1
20	78	1
22	78	1
24	78	1
34	78	1
43	78	2
49	78	1
57	78	1
58	78	1
62	78	1
63	78	1
64	78	1
68	78	1
69	78	1
70	78	2
71	78	2
72	78	1
73	78	3
74	78	5
75	78	10
76	78	4
77	78	17
13	79	1
22	79	1
25	79	2
29	79	1
71	79	1
74	79	2
75	79	3
77	79	1
78	79	8
4	80	1
6	80	1
15	80	1
22	80	2
24	80	1
28	80	2
30	80	1
60	80	1
72	80	1
73	80	1
74	80	1
76	80	4
77	80	2
78	80	2
79	80	15
9	81	1
10	81	1
16	81	2
18	81	1
20	81	1
21	81	2
27	81	1
28	81	1
29	81	2
31	81	1
34	81	1
36	81	1
41	81	1
61	81	1
62	81	1
67	81	2
68	81	1
70	81	1
71	81	2
72	81	1
73	81	1
75	81	3
76	81	1
77	81	4
78	81	3
79	81	5
80	81	14
1	82	1
10	82	1
12	82	1
17	82	1
21	82	2
23	82	1
24	82	1
25	82	2
32	82	3
33	82	2
34	82	2
48	82	1
63	82	1
67	82	1
70	82	1
71	82	1
73	82	1
75	82	1
76	82	1
77	82	4
78	82	4
80	82	8
81	82	9
28	83	1
29	83	1
35	83	1
70	83	1
72	83	1
77	83	1
78	83	1
80	83	1
81	83	6
82	83	3
12	84	2
13	84	1
22	84	1
28	84	2
32	84	1
35	84	1
38	84	1
59	84	1
61	84	1
62	84	2
63	84	1
65	84	1
68	84	1
69	84	1
70	84	1
71	84	1
72	84	2
77	84	3
78	84	2
79	84	2
80	84	2
81	84	4
82	84	5
83	84	2
3	85	1
4	85	2
8	85	1
11	85	1
13	85	1
16	85	1
17	85	1
21	85	1
23	85	1
24	85	1
26	85	1
28	85	1
33	85	1
35	85	1
38	85	1
40	85	2
42	85	1
62	85	1
63	85	1
67	85	1
68	85	1
70	85	2
71	85	2
73	85	1
74	85	1
75	85	1
76	85	2
77	85	1
78	85	4
80	85	1
81	85	3
82	85	3
83	85	7
84	85	15
6	86	1
7	86	1
10	86	1
18	86	2
24	86	1
25	86	1
27	86	1
30	86	1
31	86	2
32	86	1
38	86	1
43	86	1
48	86	2
56	86	1
62	86	1
67	86	1
68	86	2
69	86	1
70	86	2
75	86	1
76	86	2
78	86	2
80	86	1
81	86	2
82	86	2
83	86	2
84	86	5
85	86	12
6	87	2
18	87	1
19	87	1
20	87	1
35	87	1
37	87	1
41	87	1
44	87	1
50	87	1
56	87	1
60	87	1
61	87	1
65	87	3
71	87	1
73	87	1
75	87	1
77	87	1
78	87	1
79	87	1
80	87	1
84	87	1
85	87	6
86	87	5
19	88	1
22	88	1
33	88	2
34	88	1
43	88	1
58	88	2
62	88	1
66	88	2
69	88	1
73	88	1
74	88	1
77	88	3
78	88	1
83	88	1
85	88	2
87	88	1
14	89	1
17	89	1
18	89	2
21	89	2
24	89	1
28	89	1
32	89	1
33	89	1
41	89	1
47	89	2
58	89	1
60	89	2
64	89	1
68	89	2
69	89	1
71	89	1
74	89	2
75	89	3
76	89	5
77	89	4
78	89	2
79	89	1
82	89	1
83	89	3
84	89	2
85	89	2
86	89	4
87	89	5
88	89	3
2	90	1
10	90	1
16	90	1
17	90	1
18	90	1
19	90	1
20	90	1
23	90	1
24	90	1
25	90	1
27	90	1
28	90	1
29	90	1
31	90	1
41	90	1
43	90	1
44	90	1
56	90	1
57	90	1
58	90	4
59	90	2
60	90	1
62	90	1
64	90	1
66	90	1
67	90	2
68	90	1
69	90	2
71	90	5
72	90	1
73	90	1
74	90	3
75	90	5
76	90	6
77	90	9
78	90	2
79	90	1
80	90	1
82	90	1
83	90	3
84	90	1
85	90	3
86	90	2
88	90	2
89	90	35
1	91	1
14	91	1
32	91	1
34	91	1
40	91	1
42	91	1
47	91	1
49	91	1
63	91	2
67	91	1
70	91	1
71	91	2
73	91	1
74	91	1
75	91	4
77	91	1
78	91	1
80	91	1
81	91	1
82	91	1
84	91	1
85	91	2
86	91	2
87	91	3
88	91	2
89	91	6
90	91	10
6	92	1
14	92	1
17	92	1
19	92	1
22	92	1
24	92	1
25	92	1
37	92	1
39	92	1
45	92	1
67	92	1
73	92	1
75	92	1
78	92	2
81	92	2
83	92	1
84	92	3
85	92	1
86	92	1
88	92	1
89	92	3
90	92	2
91	92	8
3	93	1
7	93	1
11	93	1
15	93	1
19	93	1
22	93	1
23	93	1
24	93	2
25	93	1
27	93	1
33	93	1
36	93	1
40	93	1
66	93	1
70	93	1
72	93	2
73	93	2
81	93	2
82	93	1
85	93	3
86	93	1
87	93	1
89	93	1
90	93	1
91	93	1
92	93	6
7	94	1
14	94	1
22	94	1
28	94	1
30	94	1
31	94	1
58	94	1
60	94	1
62	94	2
65	94	1
70	94	1
72	94	1
78	94	1
79	94	1
81	94	2
84	94	1
85	94	4
86	94	1
87	94	1
89	94	2
90	94	3
91	94	2
92	94	4
93	94	7
6	95	1
7	95	1
10	95	1
14	95	1
27	95	1
28	95	1
30	95	1
31	95	1
33	95	1
36	95	1
38	95	2
41	95	1
43	95	1
67	95	1
70	95	1
71	95	3
72	95	1
73	95	1
74	95	1
77	95	1
79	95	2
80	95	1
84	95	3
85	95	1
86	95	1
87	95	1
88	95	2
90	95	3
92	95	1
93	95	9
94	95	19
3	96	2
9	96	1
16	96	2
18	96	1
21	96	1
22	96	1
30	96	1
42	96	1
46	96	1
70	96	1
72	96	1
83	96	1
84	96	2
89	96	1
90	96	1
92	96	2
93	96	2
94	96	2
95	96	13
10	97	1
17	97	2
18	97	1
20	97	1
24	97	1
36	97	1
61	97	2
67	97	1
68	97	1
70	97	1
71	97	1
72	97	1
73	97	1
82	97	1
84	97	1
86	97	2
89	97	1
92	97	1
93	97	1
94	97	2
95	97	4
96	97	10
10	98	1
19	98	1
20	98	1
24	98	1
25	98	1
26	98	1
27	98	1
30	98	1
43	98	1
50	98	1
60	98	1
64	98	1
70	98	1
71	98	2
72	98	1
73	98	1
74	98	1
80	98	2
81	98	1
82	98	1
84	98	1
85	98	1
88	98	1
90	98	2
92	98	3
93	98	2
94	98	3
95	98	4
96	98	2
97	98	7
8	99	1
59	99	1
75	99	1
80	99	1
82	99	1
85	99	2
86	99	1
90	99	1
94	99	2
95	99	2
96	99	2
97	99	2
98	99	10
2	100	1
12	100	1
13	100	2
17	100	1
24	100	1
25	100	1
30	100	1
33	100	1
38	100	1
39	100	2
43	100	1
61	100	1
63	100	1
70	100	1
72	100	1
85	100	1
86	100	1
89	100	1
90	100	1
91	100	1
93	100	1
94	100	1
96	100	3
97	100	1
98	100	5
99	100	10
7	101	1
10	101	1
12	101	1
17	101	1
24	101	1
33	101	1
47	101	1
72	101	1
73	101	2
75	101	1
77	101	1
85	101	1
89	101	2
93	101	3
94	101	1
95	101	1
97	101	1
98	101	4
99	101	2
100	101	9
13	102	1
17	102	2
21	102	1
22	102	1
24	102	1
25	102	1
26	102	1
27	102	1
28	102	1
36	102	1
38	102	1
40	102	1
41	102	1
43	102	1
60	102	1
65	102	1
66	102	1
69	102	2
74	102	1
76	102	1
77	102	1
81	102	1
84	102	1
86	102	2
89	102	1
90	102	1
91	102	1
94	102	1
95	102	2
96	102	1
97	102	1
99	102	2
100	102	3
101	102	6
11	103	1
12	103	1
18	103	1
28	103	1
30	103	2
32	103	2
37	103	1
44	103	1
47	103	2
56	103	1
62	103	1
66	103	1
68	103	1
69	103	1
73	103	1
74	103	1
75	103	2
77	103	1
78	103	1
83	103	1
85	103	2
87	103	1
89	103	2
90	103	1
94	103	1
95	103	1
97	103	1
98	103	3
99	103	4
100	103	2
101	103	4
102	103	6
1	104	1
2	104	1
15	104	2
19	104	2
21	104	1
25	104	1
32	104	2
44	104	1
61	104	1
62	104	2
64	104	2
65	104	1
66	104	2
67	104	2
70	104	1
71	104	2
73	104	1
77	104	1
78	104	2
84	104	3
85	104	5
86	104	1
87	104	2
88	104	3
89	104	2
90	104	2
91	104	2
95	104	2
98	104	1
99	104	1
100	104	5
101	104	1
103	104	10
2	105	2
17	105	1
18	105	2
19	105	1
20	105	2
21	105	1
24	105	2
25	105	1
40	105	1
42	105	5
43	105	1
56	105	1
57	105	2
58	105	1
60	105	1
61	105	3
62	105	2
64	105	1
67	105	2
68	105	1
71	105	5
72	105	3
74	105	2
75	105	8
76	105	1
77	105	1
78	105	3
80	105	1
85	105	1
86	105	1
87	105	1
89	105	3
90	105	4
91	105	1
93	105	1
95	105	1
96	105	2
98	105	2
100	105	4
101	105	1
102	105	1
103	105	6
104	105	13
3	106	1
6	106	1
12	106	1
15	106	1
17	106	1
18	106	3
19	106	1
21	106	1
22	106	2
24	106	1
25	106	1
39	106	3
41	106	2
42	106	2
44	106	1
45	106	1
46	106	1
50	106	1
57	106	4
58	106	1
59	106	2
61	106	1
63	106	1
64	106	1
65	106	4
67	106	1
68	106	1
70	106	1
71	106	1
72	106	1
75	106	4
76	106	2
77	106	2
78	106	1
83	106	2
85	106	1
87	106	1
89	106	2
90	106	2
91	106	1
92	106	1
93	106	1
94	106	1
99	106	2
100	106	3
101	106	1
104	106	3
105	106	27
13	107	2
18	107	1
20	107	1
21	107	1
27	107	1
36	107	1
41	107	1
42	107	2
43	107	1
48	107	2
59	107	1
60	107	1
64	107	1
65	107	1
66	107	1
68	107	1
71	107	1
74	107	1
75	107	3
76	107	3
77	107	4
78	107	1
86	107	1
89	107	2
90	107	1
91	107	1
101	107	1
102	107	1
103	107	3
104	107	1
105	107	10
106	107	17
1	108	1
20	108	1
22	108	1
28	108	2
30	108	1
32	108	1
33	108	1
40	108	1
43	108	1
44	108	1
45	108	1
46	108	1
48	108	1
49	108	1
56	108	1
57	108	2
58	108	3
59	108	3
60	108	3
62	108	1
63	108	2
64	108	1
65	108	4
66	108	1
68	108	1
69	108	1
70	108	1
71	108	1
75	108	1
76	108	3
77	108	1
78	108	1
84	108	1
87	108	1
88	108	1
90	108	5
93	108	1
94	108	1
96	108	1
103	108	1
104	108	1
105	108	10
106	108	12
107	108	15
1	109	1
20	109	1
34	109	3
41	109	1
57	109	1
58	109	3
59	109	1
65	109	1
68	109	1
69	109	1
71	109	2
74	109	3
75	109	3
76	109	1
77	109	7
80	109	1
82	109	1
87	109	1
88	109	1
89	109	1
90	109	1
101	109	1
102	109	2
104	109	1
105	109	4
106	109	9
107	109	5
108	109	19
19	110	1
20	110	2
34	110	1
37	110	1
41	110	2
45	110	1
56	110	1
57	110	1
59	110	1
61	110	1
64	110	1
66	110	1
69	110	1
70	110	1
73	110	1
76	110	1
77	110	1
82	110	1
85	110	2
86	110	3
90	110	2
93	110	1
96	110	2
98	110	1
103	110	1
104	110	3
105	110	1
106	110	4
108	110	3
109	110	4
7	111	1
11	111	1
13	111	1
17	111	1
19	111	1
20	111	1
26	111	1
27	111	1
30	111	1
32	111	1
37	111	1
41	111	1
46	111	1
47	111	1
48	111	1
49	111	3
58	111	1
59	111	1
61	111	3
62	111	1
64	111	1
65	111	1
70	111	2
71	111	2
72	111	2
75	111	2
76	111	1
77	111	1
79	111	2
80	111	1
83	111	1
85	111	1
88	111	1
90	111	3
100	111	1
101	111	2
105	111	2
106	111	3
107	111	2
108	111	4
109	111	6
110	111	10
10	112	1
11	112	1
14	112	1
17	112	1
19	112	1
21	112	1
31	112	1
34	112	1
35	112	2
43	112	1
44	112	1
48	112	1
56	112	1
60	112	2
61	112	1
64	112	2
65	112	1
71	112	3
72	112	1
73	112	3
74	112	1
75	112	1
77	112	2
78	112	1
79	112	1
80	112	1
86	112	1
89	112	1
90	112	2
95	112	1
99	112	1
100	112	1
101	112	1
103	112	1
104	112	2
105	112	4
106	112	1
110	112	3
111	112	8
4	113	1
8	113	1
11	113	1
18	113	2
19	113	2
21	113	1
27	113	1
36	113	1
41	113	1
42	113	1
44	113	1
45	113	2
46	113	4
47	113	2
48	113	1
49	113	2
56	113	2
58	113	2
59	113	2
60	113	3
62	113	1
63	113	3
64	113	1
65	113	5
66	113	1
67	113	1
69	113	1
71	113	3
72	113	1
74	113	3
76	113	1
77	113	1
79	113	1
81	113	2
86	113	2
88	113	1
89	113	1
90	113	1
91	113	2
92	113	1
94	113	1
95	113	1
98	113	1
102	113	2
103	113	2
105	113	1
106	113	2
107	113	1
108	113	8
109	113	2
110	113	2
111	113	6
112	113	5
1	114	2
2	114	1
11	114	1
15	114	1
19	114	2
20	114	1
21	114	1
25	114	1
27	114	1
34	114	1
41	114	2
43	114	1
44	114	2
45	114	2
46	114	2
47	114	1
49	114	3
59	114	2
60	114	2
61	114	1
63	114	3
64	114	3
66	114	1
67	114	1
69	114	1
71	114	2
73	114	1
74	114	1
75	114	1
76	114	2
77	114	1
78	114	1
80	114	2
81	114	1
83	114	1
85	114	3
87	114	2
90	114	5
94	114	1
100	114	1
103	114	1
104	114	1
105	114	1
106	114	1
107	114	4
108	114	5
109	114	1
110	114	3
111	114	1
112	114	5
113	114	18
9	115	1
19	115	2
20	115	1
24	115	1
33	115	1
39	115	1
41	115	1
42	115	1
43	115	2
44	115	1
45	115	1
47	115	2
48	115	1
49	115	4
50	115	1
56	115	3
57	115	2
58	115	3
59	115	2
60	115	1
62	115	1
63	115	6
64	115	2
65	115	3
66	115	2
67	115	2
68	115	1
69	115	1
71	115	3
72	115	1
74	115	1
75	115	1
76	115	6
77	115	1
81	115	1
85	115	1
89	115	1
90	115	3
91	115	1
94	115	2
95	115	1
96	115	1
101	115	1
102	115	1
103	115	1
104	115	1
105	115	6
106	115	8
107	115	5
108	115	2
109	115	7
110	115	1
111	115	6
112	115	3
113	115	11
114	115	16
4	116	2
6	116	1
9	116	1
13	116	1
14	116	1
16	116	1
18	116	2
20	116	2
26	116	1
27	116	1
32	116	1
34	116	1
36	116	1
38	116	1
40	116	1
41	116	1
42	116	1
44	116	5
46	116	2
47	116	1
48	116	2
57	116	2
58	116	1
59	116	1
60	116	1
61	116	1
62	116	1
63	116	2
64	116	2
65	116	1
67	116	1
68	116	2
69	116	1
71	116	3
74	116	1
75	116	1
76	116	2
77	116	1
80	116	1
86	116	1
89	116	1
90	116	1
91	116	1
92	116	1
95	116	1
97	116	1
101	116	1
102	116	2
105	116	2
107	116	2
108	116	3
109	116	1
110	116	3
111	116	4
113	116	3
114	116	11
115	116	15
15	117	1
18	117	1
22	117	1
26	117	1
28	117	1
33	117	1
39	117	1
41	117	1
43	117	2
50	117	1
58	117	3
59	117	3
60	117	1
65	117	1
66	117	2
67	117	1
71	117	1
72	117	1
75	117	4
76	117	2
77	117	3
78	117	1
87	117	1
89	117	1
90	117	2
91	117	1
100	117	1
101	117	1
104	117	1
106	117	2
107	117	3
108	117	1
109	117	1
111	117	1
112	117	3
113	117	1
114	117	10
115	117	9
116	117	25
15	118	1
21	118	2
24	118	1
30	118	1
39	118	1
42	118	1
43	118	2
44	118	2
46	118	1
48	118	2
57	118	1
59	118	1
61	118	1
62	118	2
63	118	1
66	118	1
68	118	2
70	118	2
74	118	4
75	118	3
76	118	1
77	118	2
78	118	1
81	118	1
86	118	1
89	118	1
90	118	1
91	118	1
94	118	1
95	118	1
99	118	1
101	118	1
102	118	1
103	118	1
104	118	1
105	118	3
106	118	3
108	118	4
111	118	4
113	118	4
114	118	5
115	118	10
116	118	18
117	118	21
19	119	1
22	119	1
25	119	1
67	119	1
70	119	1
95	119	1
106	119	1
107	119	1
111	119	1
114	119	1
115	119	1
117	119	3
118	119	8
