1	2	15
1	3	1
2	3	14
1	4	2
2	4	6
3	4	22
1	5	1
2	5	4
3	5	7
4	5	30
1	6	3
2	6	1
3	6	3
4	6	7
5	6	23
1	7	1
2	7	1
3	7	2
4	7	1
5	7	7
6	7	14
1	8	1
3	8	2
4	8	2
5	8	2
6	8	6
7	8	17
1	9	1
2	9	2
3	9	2
5	9	8
6	9	3
7	9	3
8	9	26
4	10	1
5	10	6
6	10	2
7	10	2
8	10	4
9	10	16
1	11	2
2	11	1
3	11	3
4	11	4
5	11	3
6	11	4
7	11	3
8	11	2
9	11	12
10	11	19
2	12	2
4	12	1
5	12	1
6	12	1
7	12	3
9	12	4
11	12	6
2	13	1
6	13	1
8	13	1
9	13	2
10	13	1
11	13	11
12	13	23
2	14	2
4	14	2
5	14	5
6	14	2
7	14	3
8	14	1
9	14	4
10	14	3
11	14	11
12	14	12
13	14	20
1	15	1
2	15	1
5	15	5
6	15	1
7	15	1
8	15	1
10	15	3
11	15	1
12	15	1
13	15	2
14	15	14
3	16	1
4	16	3
5	16	1
6	16	1
7	16	2
8	16	3
9	16	1
11	16	4
12	16	1
14	16	6
15	16	15
3	17	1
5	17	5
6	17	3
8	17	2
10	17	3
11	17	4
13	17	3
14	17	4
15	17	4
16	17	14
2	18	2
3	18	2
4	18	1
5	18	2
6	18	2
10	18	1
11	18	2
12	18	1
13	18	2
14	18	2
15	18	3
16	18	10
17	18	39
1	19	1
7	19	1
8	19	1
9	19	2
12	19	1
13	19	2
14	19	1
15	19	1
16	19	1
17	19	3
18	19	23
1	20	1
7	20	1
9	20	2
10	20	1
12	20	4
14	20	1
15	20	1
17	20	5
18	20	8
19	20	13
6	21	3
10	21	1
11	21	1
12	21	2
13	21	1
14	21	1
18	21	1
19	21	11
20	21	33
4	22	1
9	22	1
12	22	2
13	22	2
14	22	2
18	22	3
19	22	5
20	22	4
21	22	12
2	23	1
6	23	1
7	23	2
11	23	1
12	23	1
19	23	3
20	23	4
21	23	9
22	23	17
2	24	2
7	24	1
9	24	1
13	24	2
14	24	1
15	24	2
16	24	1
17	24	1
18	24	5
19	24	2
20	24	8
21	24	8
22	24	15
23	24	18
1	25	1
6	25	2
10	25	1
13	25	1
14	25	2
15	25	1
17	25	1
19	25	1
20	25	2
21	25	5
22	25	10
23	25	4
24	25	17
7	26	1
12	26	1
13	26	1
15	26	1
16	26	1
18	26	1
19	26	1
20	26	1
21	26	6
22	26	3
23	26	6
24	26	14
25	26	29
1	27	1
2	27	1
3	27	1
5	27	1
11	27	1
17	27	1
18	27	1
19	27	3
20	27	3
21	27	3
22	27	4
23	27	5
24	27	8
25	27	8
26	27	19
1	28	1
2	28	1
5	28	1
6	28	1
7	28	1
8	28	2
11	28	1
14	28	4
17	28	1
18	28	1
19	28	2
20	28	3
21	28	3
22	28	2
23	28	6
24	28	4
25	28	6
26	28	12
27	28	20
13	29	1
14	29	1
19	29	1
20	29	4
21	29	8
22	29	2
23	29	5
24	29	4
25	29	9
26	29	5
27	29	32
28	29	31
1	30	1
3	30	1
14	30	1
16	30	1
17	30	1
18	30	2
20	30	2
21	30	1
22	30	8
23	30	6
24	30	9
25	30	11
26	30	2
27	30	18
28	30	27
29	30	23
2	31	1
5	31	1
11	31	2
12	31	1
13	31	1
15	31	1
19	31	2
20	31	1
21	31	1
22	31	3
23	31	1
24	31	6
25	31	6
26	31	9
27	31	9
28	31	11
29	31	10
30	31	11
1	32	1
5	32	1
7	32	1
8	32	1
12	32	1
14	32	1
15	32	1
16	32	1
17	32	1
18	32	3
20	32	2
21	32	2
22	32	3
24	32	1
26	32	1
27	32	3
28	32	3
30	32	6
31	32	2
5	33	1
6	33	1
12	33	1
17	33	2
19	33	3
20	33	3
21	33	5
22	33	1
23	33	1
24	33	1
25	33	1
26	33	1
27	33	1
28	33	2
29	33	1
30	33	4
31	33	1
32	33	16
11	34	1
12	34	1
13	34	1
15	34	1
25	34	2
27	34	1
28	34	1
32	34	2
33	34	5
6	35	1
10	35	1
11	35	1
13	35	1
15	35	1
17	35	1
19	35	1
22	35	2
25	35	1
26	35	3
27	35	3
28	35	1
29	35	1
32	35	1
33	35	6
34	35	13
1	36	1
3	36	1
4	36	1
5	36	1
7	36	1
10	36	2
11	36	1
12	36	1
17	36	2
19	36	1
21	36	2
26	36	2
28	36	1
29	36	1
30	36	1
33	36	4
34	36	9
35	36	27
3	37	1
5	37	1
6	37	2
13	37	2
19	37	1
22	37	1
28	37	2
33	37	1
34	37	1
35	37	5
36	37	10
2	38	1
11	38	1
18	38	1
19	38	2
20	38	1
33	38	2
34	38	1
35	38	3
37	38	3
4	39	1
6	39	1
8	39	1
15	39	1
16	39	1
18	39	1
21	39	1
23	39	1
24	39	1
28	39	1
32	39	3
33	39	1
34	39	2
35	39	3
36	39	3
37	39	2
38	39	5
5	40	1
11	40	2
14	40	1
19	40	1
23	40	1
24	40	2
26	40	2
27	40	3
28	40	2
29	40	2
31	40	3
32	40	1
33	40	6
34	40	7
35	40	2
36	40	2
37	40	4
38	40	3
39	40	15
2	41	1
11	41	2
14	41	1
18	41	1
19	41	1
21	41	1
22	41	2
28	41	1
30	41	3
31	41	2
32	41	1
33	41	1
35	41	2
36	41	2
37	41	2
39	41	2
40	41	8
1	42	1
6	42	1
7	42	1
16	42	1
19	42	1
20	42	1
21	42	1
22	42	1
25	42	1
26	42	1
28	42	2
29	42	3
30	42	1
32	42	2
33	42	2
34	42	1
36	42	2
37	42	1
38	42	1
39	42	2
40	42	2
41	42	3
6	43	2
8	43	1
11	43	1
13	43	1
14	43	2
16	43	1
18	43	1
20	43	4
21	43	3
22	43	2
24	43	1
25	43	4
26	43	6
27	43	1
28	43	3
29	43	3
30	43	3
32	43	3
33	43	1
35	43	1
38	43	1
39	43	1
40	43	3
41	43	3
42	43	15
13	44	1
16	44	1
19	44	1
23	44	1
25	44	1
27	44	1
28	44	4
30	44	1
31	44	3
41	44	1
42	44	2
43	44	1
2	45	1
7	45	1
12	45	1
13	45	1
18	45	1
21	45	1
23	45	2
24	45	1
26	45	1
27	45	1
30	45	1
41	45	1
43	45	1
44	45	3
6	51	1
20	51	2
24	51	1
25	51	1
27	51	1
28	51	1
29	51	1
4	52	1
11	52	1
13	52	1
17	52	1
18	52	2
19	52	1
20	52	5
21	52	1
22	52	3
25	52	7
26	52	4
28	52	1
29	52	2
31	52	2
32	52	1
33	52	3
34	52	2
35	52	1
36	52	1
40	52	2
41	52	2
42	52	2
43	52	2
44	52	1
51	52	6
4	53	1
8	53	2
12	53	1
14	53	1
18	53	1
19	53	2
20	53	1
21	53	3
22	53	1
23	53	1
24	53	1
25	53	1
26	53	3
27	53	3
28	53	3
31	53	1
32	53	2
33	53	1
35	53	2
37	53	1
38	53	2
39	53	1
40	53	4
41	53	2
43	53	3
52	53	18
3	54	1
11	54	1
15	54	1
16	54	1
17	54	1
18	54	1
19	54	1
21	54	1
23	54	1
24	54	1
25	54	1
26	54	1
27	54	1
33	54	1
35	54	1
36	54	1
38	54	3
40	54	1
42	54	1
51	54	1
52	54	8
53	54	30
1	55	1
8	55	1
9	55	1
14	55	1
15	55	2
18	55	1
20	55	1
22	55	1
24	55	2
25	55	1
26	55	1
27	55	1
32	55	1
33	55	1
35	55	1
36	55	3
37	55	1
38	55	1
39	55	2
42	55	2
43	55	1
51	55	2
52	55	1
53	55	7
54	55	17
3	56	1
6	56	2
12	56	1
13	56	1
14	56	1
20	56	1
21	56	1
24	56	3
27	56	1
34	56	1
39	56	1
40	56	1
43	56	1
52	56	1
53	56	2
54	56	4
55	56	11
4	57	1
5	57	1
7	57	1
9	57	1
10	57	1
12	57	1
13	57	3
18	57	2
19	57	1
20	57	2
21	57	1
26	57	1
28	57	1
32	57	2
33	57	2
34	57	1
40	57	3
43	57	1
52	57	2
53	57	2
54	57	4
55	57	14
56	57	28
6	58	1
9	58	1
10	58	1
11	58	1
20	58	2
23	58	1
26	58	2
37	58	1
40	58	1
53	58	1
54	58	2
55	58	3
56	58	12
57	58	39
2	59	1
3	59	2
4	59	1
5	59	1
11	59	1
13	59	1
15	59	1
32	59	1
33	59	2
35	59	1
40	59	1
53	59	1
54	59	2
55	59	4
56	59	3
57	59	9
58	59	14
5	60	1
6	60	1
8	60	1
12	60	2
19	60	1
23	60	1
37	60	1
53	60	2
55	60	6
56	60	2
57	60	7
58	60	8
59	60	24
6	61	2
10	61	2
19	61	1
21	61	1
23	61	1
24	61	1
33	61	1
36	61	1
42	61	1
44	61	1
52	61	1
53	61	1
55	61	3
56	61	1
57	61	2
58	61	4
59	61	9
60	61	30
5	62	2
9	62	1
10	62	2
12	62	2
14	62	1
15	62	1
16	62	1
20	62	1
26	62	1
29	62	1
30	62	1
33	62	1
34	62	1
35	62	1
36	62	1
38	62	1
39	62	1
40	62	1
42	62	1
43	62	1
53	62	4
54	62	1
55	62	2
56	62	1
57	62	1
58	62	3
59	62	5
60	62	11
61	62	8
9	63	1
12	63	1
13	63	1
19	63	1
21	63	1
22	63	1
23	63	1
24	63	2
26	63	2
29	63	1
33	63	1
40	63	2
41	63	1
43	63	2
44	63	1
52	63	3
53	63	3
54	63	1
55	63	2
57	63	4
58	63	1
59	63	3
60	63	4
61	63	6
62	63	19
3	64	2
10	64	1
11	64	1
12	64	1
14	64	1
17	64	1
18	64	1
19	64	2
20	64	1
24	64	1
26	64	3
27	64	3
31	64	1
35	64	1
36	64	1
40	64	1
42	64	1
43	64	2
44	64	1
45	64	2
51	64	1
52	64	2
53	64	2
56	64	2
57	64	2
58	64	2
59	64	1
60	64	2
61	64	2
62	64	8
63	64	25
12	65	1
13	65	2
17	65	1
20	65	1
21	65	2
22	65	1
26	65	1
28	65	1
30	65	1
32	65	1
36	65	1
39	65	1
42	65	3
43	65	2
51	65	1
54	65	1
56	65	1
57	65	1
59	65	2
60	65	2
61	65	5
62	65	9
63	65	12
64	65	21
3	66	1
6	66	2
11	66	2
12	66	1
13	66	1
15	66	3
20	66	1
21	66	1
24	66	2
27	66	1
28	66	2
29	66	1
30	66	1
35	66	1
40	66	1
42	66	1
44	66	1
45	66	2
52	66	1
53	66	2
56	66	3
57	66	1
59	66	1
60	66	2
61	66	1
62	66	8
63	66	7
64	66	16
65	66	24
5	67	1
7	67	1
9	67	1
11	67	1
12	67	3
14	67	3
15	67	1
18	67	2
19	67	1
20	67	2
21	67	1
22	67	1
24	67	1
26	67	1
28	67	1
29	67	1
30	67	1
33	67	1
37	67	1
40	67	1
41	67	1
42	67	1
44	67	1
52	67	2
54	67	2
55	67	1
56	67	1
57	67	2
58	67	1
59	67	1
60	67	3
61	67	2
62	67	4
63	67	5
64	67	7
65	67	13
66	67	27
11	68	1
13	68	1
16	68	2
17	68	1
18	68	1
22	68	2
26	68	2
28	68	1
32	68	1
38	68	1
42	68	1
44	68	1
52	68	1
53	68	3
55	68	1
56	68	1
57	68	2
59	68	3
60	68	2
61	68	3
62	68	1
63	68	6
64	68	4
65	68	6
66	68	16
67	68	25
3	69	2
4	69	1
10	69	1
17	69	1
21	69	1
27	69	1
29	69	2
35	69	1
36	69	1
39	69	2
41	69	1
42	69	2
52	69	2
53	69	3
54	69	1
56	69	1
57	69	1
58	69	3
59	69	1
60	69	1
61	69	2
62	69	6
63	69	3
64	69	4
65	69	2
66	69	6
67	69	12
68	69	32
3	70	1
18	70	1
25	70	1
33	70	1
38	70	2
39	70	1
51	70	1
60	70	2
66	70	2
67	70	1
68	70	1
69	70	8
2	71	1
5	71	2
6	71	1
7	71	1
12	71	1
13	71	1
17	71	3
25	71	1
26	71	1
27	71	1
31	71	1
33	71	1
36	71	1
40	71	1
42	71	1
52	71	2
53	71	1
55	71	3
58	71	1
59	71	2
60	71	1
62	71	2
63	71	1
64	71	6
65	71	3
66	71	3
67	71	3
68	71	8
69	71	13
70	71	8
3	72	1
6	72	2
7	72	3
9	72	1
11	72	3
12	72	1
13	72	1
14	72	2
16	72	1
22	72	1
26	72	1
35	72	1
38	72	2
40	72	1
42	72	1
43	72	1
51	72	1
53	72	1
56	72	2
57	72	3
58	72	2
59	72	2
60	72	6
61	72	1
62	72	3
63	72	2
64	72	3
65	72	1
66	72	2
67	72	4
68	72	7
69	72	11
70	72	3
71	72	36
2	73	1
8	73	1
12	73	1
13	73	1
14	73	1
29	73	1
30	73	1
35	73	1
40	73	1
51	73	1
57	73	1
60	73	1
61	73	1
62	73	1
64	73	1
65	73	1
66	73	2
67	73	2
68	73	4
69	73	6
70	73	2
71	73	5
72	73	31
13	74	2
14	74	1
35	74	1
53	74	1
55	74	2
56	74	1
57	74	2
59	74	1
62	74	2
65	74	2
66	74	2
69	74	1
71	74	4
72	74	7
73	74	5
3	75	1
8	75	2
14	75	1
16	75	1
19	75	1
33	75	1
36	75	1
37	75	1
53	75	1
54	75	1
58	75	2
59	75	1
60	75	1
62	75	2
63	75	2
65	75	1
66	75	2
67	75	1
68	75	1
69	75	2
71	75	2
72	75	4
73	75	3
74	75	10
11	76	1
13	76	1
15	76	1
17	76	1
18	76	1
51	76	1
55	76	1
56	76	2
57	76	2
58	76	3
60	76	2
61	76	1
62	76	1
63	76	1
64	76	2
69	76	4
70	76	1
71	76	2
72	76	4
73	76	3
74	76	4
75	76	24
3	77	1
7	77	1
9	77	3
14	77	1
16	77	1
27	77	1
35	77	1
37	77	1
52	77	1
57	77	1
61	77	1
62	77	3
63	77	1
64	77	1
65	77	4
67	77	2
68	77	1
71	77	2
72	77	4
73	77	2
74	77	4
75	77	4
76	77	27
1	78	1
3	78	1
4	78	1
5	78	2
6	78	2
7	78	1
9	78	1
11	78	1
14	78	1
15	78	1
16	78	1
26	78	1
27	78	2
30	78	1
32	78	1
33	78	2
36	78	1
37	78	1
40	78	1
56	78	1
57	78	1
58	78	2
59	78	2
60	78	1
62	78	2
64	78	1
65	78	1
66	78	2
68	78	2
69	78	4
71	78	1
72	78	4
74	78	1
75	78	4
76	78	12
77	78	24
2	79	1
12	79	2
18	79	1
26	79	1
29	79	2
36	79	2
51	79	1
52	79	1
53	79	2
56	79	1
57	79	1
58	79	2
62	79	3
64	79	2
66	79	3
68	79	3
69	79	1
70	79	2
71	79	6
72	79	3
73	79	5
75	79	1
77	79	6
78	79	41
3	80	2
6	80	1
8	80	1
12	80	1
13	80	1
22	80	1
23	80	1
28	80	1
32	80	1
34	80	1
36	80	1
51	80	1
53	80	1
58	80	2
60	80	1
62	80	1
63	80	2
64	80	2
65	80	2
66	80	2
67	80	2
68	80	1
70	80	1
72	80	1
73	80	2
75	80	1
76	80	2
77	80	3
78	80	17
79	80	20
2	81	2
4	81	1
5	81	1
9	81	1
12	81	1
13	81	1
20	81	1
21	81	1
29	81	1
33	81	1
36	81	2
39	81	1
40	81	1
52	81	1
54	81	1
56	81	2
57	81	1
60	81	1
62	81	1
64	81	2
66	81	1
67	81	1
69	81	3
70	81	1
71	81	2
72	81	10
74	81	1
75	81	2
76	81	6
77	81	2
78	81	5
79	81	4
80	81	8
2	82	1
3	82	1
5	82	1
7	82	1
9	82	1
17	82	1
18	82	1
27	82	1
35	82	1
40	82	1
42	82	1
54	82	1
55	82	1
56	82	1
58	82	1
59	82	1
60	82	1
62	82	1
64	82	1
65	82	1
66	82	1
67	82	1
68	82	1
69	82	1
70	82	1
71	82	1
73	82	2
74	82	5
76	82	3
77	82	2
78	82	4
79	82	4
80	82	4
81	82	20
2	83	1
7	83	1
8	83	1
10	83	1
12	83	1
13	83	1
16	83	1
17	83	1
33	83	1
55	83	1
56	83	2
57	83	1
58	83	1
61	83	1
66	83	1
68	83	1
71	83	1
74	83	3
75	83	3
76	83	1
77	83	1
78	83	4
79	83	2
80	83	2
81	83	4
82	83	19
3	84	1
6	84	1
10	84	1
11	84	1
12	84	1
13	84	1
18	84	2
23	84	1
28	84	1
37	84	1
55	84	1
57	84	1
58	84	1
59	84	1
63	84	2
64	84	1
67	84	3
69	84	1
71	84	1
72	84	3
73	84	1
76	84	1
77	84	1
79	84	2
80	84	1
81	84	1
82	84	7
83	84	7
2	85	1
5	85	1
14	85	1
16	85	1
18	85	1
40	85	1
52	85	1
53	85	2
57	85	4
60	85	1
68	85	1
76	85	2
78	85	2
80	85	1
81	85	2
83	85	3
84	85	9
4	86	1
15	86	1
16	86	1
18	86	1
36	86	1
38	86	1
39	86	1
53	86	1
55	86	1
59	86	1
60	86	1
61	86	1
62	86	1
66	86	3
68	86	2
70	86	2
71	86	3
72	86	2
75	86	3
76	86	1
77	86	2
79	86	1
81	86	2
82	86	4
83	86	5
84	86	7
85	86	13
7	87	1
14	87	1
40	87	1
43	87	1
55	87	1
56	87	1
63	87	1
67	87	1
69	87	1
74	87	1
77	87	1
79	87	1
81	87	1
82	87	1
84	87	2
85	87	5
86	87	11
4	88	1
19	88	1
20	88	1
40	88	2
61	88	1
64	88	1
66	88	1
67	88	2
69	88	1
71	88	3
73	88	1
77	88	2
78	88	1
79	88	1
80	88	1
82	88	1
83	88	1
84	88	2
86	88	2
87	88	8
5	89	1
8	89	1
10	89	1
11	89	1
17	89	1
18	89	1
27	89	1
35	89	1
42	89	1
45	89	1
54	89	2
55	89	2
58	89	1
62	89	1
68	89	2
69	89	2
71	89	1
72	89	1
73	89	1
76	89	1
79	89	1
80	89	1
83	89	1
84	89	4
86	89	5
87	89	5
88	89	8
3	90	1
4	90	1
7	90	1
10	90	1
18	90	1
23	90	1
56	90	1
63	90	1
72	90	1
73	90	1
75	90	2
76	90	1
77	90	1
84	90	1
85	90	1
86	90	1
87	90	1
89	90	7
2	91	1
7	91	1
11	91	1
33	91	2
40	91	1
53	91	1
56	91	1
57	91	1
59	91	1
60	91	1
61	91	1
64	91	1
65	91	1
69	91	1
71	91	1
72	91	2
73	91	1
76	91	2
78	91	3
82	91	4
84	91	1
85	91	3
86	91	1
87	91	2
88	91	1
89	91	6
90	91	8
5	92	1
6	92	1
15	92	1
21	92	1
33	92	1
37	92	1
41	92	1
53	92	1
55	92	1
57	92	1
58	92	2
60	92	1
71	92	1
72	92	1
74	92	1
75	92	1
76	92	1
79	92	2
81	92	2
83	92	1
86	92	3
87	92	3
88	92	1
89	92	6
90	92	3
91	92	19
1	93	1
5	93	1
6	93	1
14	93	1
17	93	1
29	93	1
35	93	1
36	93	3
40	93	2
52	93	1
54	93	1
55	93	1
57	93	3
60	93	1
62	93	1
63	93	1
64	93	1
67	93	3
68	93	2
69	93	2
71	93	3
72	93	2
73	93	1
75	93	1
77	93	1
78	93	1
79	93	1
81	93	1
82	93	1
83	93	1
85	93	1
86	93	1
88	93	2
89	93	6
90	93	3
91	93	7
92	93	28
9	94	1
16	94	1
18	94	1
24	94	1
34	94	1
43	94	1
57	94	3
61	94	1
63	94	1
64	94	1
73	94	1
76	94	2
77	94	2
78	94	2
79	94	1
82	94	1
83	94	1
84	94	2
85	94	4
86	94	1
87	94	2
88	94	1
89	94	4
90	94	1
91	94	5
92	94	7
93	94	63
1	95	1
2	95	1
6	95	1
13	95	1
14	95	1
16	95	1
32	95	1
33	95	2
38	95	1
57	95	2
61	95	1
63	95	1
66	95	2
68	95	1
75	95	2
78	95	1
80	95	1
83	95	1
84	95	1
86	95	1
87	95	1
88	95	2
89	95	2
90	95	1
91	95	1
92	95	1
93	95	13
94	95	25
12	96	1
17	96	1
25	96	1
26	96	1
34	96	3
35	96	1
36	96	1
53	96	1
55	96	2
56	96	1
58	96	2
60	96	1
62	96	2
65	96	2
66	96	2
71	96	1
75	96	2
76	96	1
77	96	2
78	96	1
82	96	1
83	96	2
84	96	2
86	96	1
87	96	2
88	96	1
89	96	5
91	96	3
92	96	4
93	96	7
94	96	7
95	96	28
2	97	1
17	97	1
29	97	2
35	97	1
53	97	1
55	97	1
57	97	2
58	97	1
63	97	2
64	97	1
68	97	2
71	97	1
72	97	1
73	97	1
74	97	1
76	97	1
77	97	1
80	97	1
83	97	1
84	97	1
86	97	2
88	97	1
89	97	3
91	97	4
92	97	4
93	97	4
94	97	1
95	97	15
96	97	17
2	98	1
7	98	1
9	98	1
16	98	1
17	98	1
21	98	1
28	98	1
33	98	1
35	98	2
37	98	1
38	98	1
40	98	1
41	98	1
51	98	1
52	98	3
53	98	1
54	98	3
55	98	2
58	98	1
59	98	1
61	98	2
69	98	1
72	98	1
73	98	2
75	98	1
76	98	3
80	98	1
85	98	1
87	98	2
89	98	1
90	98	1
91	98	3
92	98	1
93	98	4
94	98	5
95	98	3
96	98	7
97	98	12
7	99	1
13	99	1
17	99	3
19	99	1
24	99	1
25	99	2
27	99	1
28	99	1
31	99	1
33	99	1
34	99	1
37	99	1
39	99	2
43	99	1
44	99	1
45	99	1
51	99	1
52	99	1
53	99	3
54	99	1
55	99	1
57	99	1
60	99	2
63	99	1
64	99	1
66	99	1
68	99	1
69	99	2
70	99	1
71	99	2
72	99	1
73	99	1
76	99	1
78	99	1
80	99	1
81	99	1
82	99	3
84	99	1
91	99	2
92	99	2
93	99	2
94	99	3
95	99	3
96	99	4
97	99	7
98	99	21
18	100	1
20	100	1
22	100	1
24	100	2
25	100	1
27	100	1
30	100	1
32	100	1
33	100	1
35	100	1
37	100	2
40	100	1
42	100	1
43	100	1
53	100	1
56	100	1
58	100	1
61	100	2
62	100	1
64	100	3
65	100	2
66	100	1
67	100	1
68	100	1
72	100	1
73	100	1
78	100	1
79	100	4
83	100	1
86	100	1
87	100	1
91	100	1
93	100	1
94	100	2
97	100	3
98	100	7
99	100	13
2	101	1
5	101	1
10	101	1
13	101	1
14	101	1
15	101	1
19	101	1
20	101	1
21	101	4
22	101	1
23	101	2
24	101	2
25	101	2
26	101	2
27	101	1
28	101	1
29	101	2
30	101	1
32	101	2
40	101	1
42	101	1
43	101	3
52	101	1
53	101	1
63	101	1
64	101	1
65	101	1
66	101	3
83	101	1
84	101	1
87	101	1
97	101	1
99	101	9
100	101	35
6	102	1
12	102	1
13	102	1
20	102	1
21	102	2
22	102	2
23	102	2
24	102	3
26	102	2
27	102	2
28	102	2
29	102	2
30	102	3
39	102	1
41	102	1
51	102	2
52	102	1
55	102	1
66	102	1
71	102	3
72	102	1
90	102	2
91	102	1
96	102	1
99	102	4
100	102	16
101	102	21
1	103	1
22	103	1
23	103	3
24	103	1
27	103	2
29	103	3
30	103	2
31	103	2
32	103	1
33	103	1
43	103	2
51	103	1
52	103	2
53	103	2
56	103	1
57	103	1
64	103	1
65	103	1
69	103	1
71	103	1
77	103	1
82	103	1
83	103	1
88	103	1
99	103	2
100	103	8
101	103	19
102	103	24
19	104	1
21	104	1
22	104	1
23	104	1
24	104	2
25	104	1
27	104	4
29	104	3
30	104	1
32	104	1
40	104	1
51	104	1
52	104	1
53	104	1
56	104	1
61	104	1
65	104	1
68	104	1
72	104	1
77	104	1
88	104	1
92	104	1
95	104	1
96	104	2
97	104	1
99	104	4
100	104	7
101	104	16
102	104	20
103	104	19
7	105	1
9	105	1
12	105	2
22	105	2
23	105	1
24	105	2
25	105	1
27	105	3
28	105	3
29	105	1
32	105	1
35	105	1
36	105	1
38	105	1
41	105	1
43	105	1
44	105	2
51	105	1
52	105	1
63	105	1
64	105	2
69	105	1
71	105	1
72	105	1
78	105	1
83	105	1
84	105	1
86	105	1
88	105	1
91	105	1
93	105	1
96	105	1
97	105	1
98	105	1
99	105	4
100	105	16
101	105	13
102	105	27
103	105	18
104	105	22
13	106	2
21	106	2
22	106	1
23	106	5
27	106	1
28	106	1
29	106	1
30	106	3
31	106	1
32	106	1
33	106	1
41	106	1
42	106	1
43	106	1
57	106	1
60	106	1
62	106	1
64	106	1
65	106	2
66	106	1
77	106	1
79	106	2
81	106	1
93	106	1
94	106	1
99	106	1
100	106	8
101	106	15
102	106	11
103	106	11
104	106	26
105	106	30
11	107	1
13	107	1
14	107	1
18	107	3
19	107	1
21	107	1
22	107	2
23	107	1
24	107	1
26	107	1
27	107	1
30	107	1
34	107	2
36	107	1
38	107	1
40	107	1
41	107	1
42	107	1
53	107	1
56	107	2
60	107	1
61	107	2
64	107	1
66	107	3
67	107	1
68	107	2
69	107	1
75	107	1
76	107	1
77	107	1
78	107	1
79	107	2
80	107	1
81	107	1
88	107	1
89	107	1
91	107	1
94	107	1
95	107	2
96	107	1
97	107	3
98	107	4
99	107	13
100	107	15
101	107	17
102	107	10
103	107	6
104	107	9
105	107	7
106	107	11
2	108	1
7	108	1
12	108	1
13	108	1
14	108	1
18	108	2
19	108	1
20	108	3
21	108	1
22	108	2
23	108	2
24	108	1
26	108	2
29	108	2
31	108	2
36	108	1
40	108	1
42	108	2
44	108	1
52	108	1
54	108	2
56	108	1
57	108	1
59	108	1
62	108	1
64	108	1
65	108	2
66	108	1
68	108	2
71	108	1
85	108	1
88	108	1
93	108	1
96	108	1
97	108	3
99	108	1
100	108	8
101	108	9
102	108	3
103	108	6
104	108	7
105	108	9
106	108	13
107	108	37
2	109	1
6	109	1
7	109	1
13	109	1
14	109	3
19	109	1
20	109	1
22	109	1
23	109	3
25	109	1
28	109	1
29	109	2
31	109	1
33	109	1
35	109	1
36	109	2
37	109	1
40	109	1
51	109	1
53	109	2
54	109	1
56	109	1
64	109	1
66	109	2
68	109	1
69	109	1
75	109	1
76	109	1
82	109	1
93	109	2
95	109	3
96	109	1
98	109	1
99	109	2
100	109	10
101	109	2
102	109	4
103	109	7
104	109	3
105	109	6
106	109	2
107	109	9
108	109	17
12	110	1
13	110	1
15	110	1
18	110	1
19	110	1
21	110	2
23	110	1
25	110	3
26	110	1
27	110	1
28	110	1
29	110	1
34	110	1
35	110	1
38	110	1
39	110	1
40	110	1
41	110	2
42	110	1
52	110	2
54	110	1
56	110	1
60	110	1
61	110	1
63	110	1
66	110	2
68	110	1
79	110	1
80	110	2
89	110	1
93	110	1
96	110	2
99	110	2
100	110	9
101	110	4
102	110	4
103	110	3
104	110	1
105	110	6
106	110	4
107	110	12
108	110	14
109	110	12
1	111	1
9	111	1
13	111	1
17	111	1
18	111	1
21	111	1
23	111	1
24	111	1
25	111	1
33	111	3
35	111	2
40	111	1
42	111	1
43	111	1
52	111	1
53	111	1
55	111	1
56	111	1
58	111	2
62	111	2
63	111	1
65	111	2
66	111	1
69	111	1
72	111	1
73	111	1
76	111	1
79	111	1
80	111	1
83	111	1
84	111	1
85	111	1
86	111	1
91	111	1
92	111	2
94	111	1
95	111	1
96	111	1
97	111	2
98	111	3
99	111	4
100	111	1
101	111	1
102	111	2
104	111	1
105	111	3
107	111	4
108	111	4
109	111	3
110	111	20
12	112	1
13	112	1
17	112	1
20	112	1
26	112	1
30	112	1
33	112	1
34	112	1
35	112	3
40	112	1
42	112	1
52	112	2
53	112	1
54	112	2
60	112	1
61	112	1
67	112	1
69	112	1
81	112	2
82	112	1
84	112	1
89	112	1
91	112	1
98	112	1
99	112	5
100	112	4
102	112	3
103	112	1
104	112	1
105	112	1
106	112	1
107	112	3
108	112	4
109	112	4
110	112	7
111	112	37
1	113	1
5	113	1
11	113	1
13	113	1
17	113	1
18	113	2
20	113	2
24	113	1
35	113	1
38	113	1
53	113	2
56	113	3
57	113	1
58	113	2
59	113	1
62	113	1
63	113	1
64	113	1
68	113	1
73	113	1
74	113	1
75	113	4
76	113	1
78	113	1
79	113	2
89	113	1
90	113	1
92	113	1
93	113	2
94	113	1
95	113	1
96	113	2
97	113	1
98	113	2
99	113	4
100	113	3
102	113	1
103	113	2
104	113	2
105	113	2
107	113	3
108	113	2
109	113	1
110	113	3
111	113	11
112	113	15
3	114	1
5	114	1
14	114	3
20	114	1
21	114	1
22	114	2
34	114	1
55	114	3
56	114	1
57	114	1
58	114	1
63	114	3
65	114	1
72	114	1
84	114	3
85	114	1
86	114	1
88	114	1
91	114	1
92	114	1
93	114	1
95	114	1
97	114	2
99	114	1
104	114	2
105	114	1
106	114	1
107	114	3
108	114	5
109	114	2
110	114	1
111	114	3
112	114	12
113	114	29
6	115	2
9	115	2
13	115	1
17	115	1
18	115	2
19	115	1
20	115	1
23	115	1
26	115	1
34	115	1
35	115	1
52	115	1
56	115	2
57	115	1
58	115	1
59	115	1
60	115	4
63	115	1
67	115	1
76	115	1
77	115	2
78	115	1
80	115	1
81	115	1
88	115	1
89	115	2
93	115	2
94	115	3
95	115	4
96	115	1
99	115	3
100	115	1
101	115	1
102	115	3
104	115	1
107	115	3
108	115	1
110	115	4
111	115	4
112	115	5
113	115	11
114	115	37
3	116	1
4	116	1
7	116	1
8	116	1
13	116	1
17	116	3
18	116	1
27	116	1
34	116	1
35	116	1
42	116	1
52	116	2
55	116	1
57	116	3
58	116	2
60	116	2
66	116	1
67	116	1
69	116	4
77	116	1
78	116	1
79	116	1
81	116	2
82	116	3
88	116	1
89	116	3
90	116	1
94	116	1
96	116	3
97	116	2
101	116	1
108	116	2
109	116	1
110	116	4
111	116	3
112	116	3
113	116	9
114	116	4
115	116	27
5	117	1
8	117	2
12	117	1
19	117	1
24	117	2
26	117	1
34	117	1
40	117	1
59	117	1
61	117	2
62	117	2
64	117	1
76	117	1
92	117	1
93	117	2
96	117	1
98	117	2
100	117	1
101	117	1
103	117	1
105	117	1
109	117	2
110	117	1
111	117	1
112	117	1
113	117	3
114	117	6
115	117	8
116	117	25
7	118	2
12	118	1
17	118	1
21	118	1
24	118	1
27	118	1
42	118	1
56	118	1
62	118	1
63	118	1
64	118	1
66	118	1
67	118	1
69	118	1
72	118	1
84	118	3
91	118	2
92	118	1
95	118	1
96	118	1
98	118	1
99	118	2
103	118	1
105	118	1
106	118	1
107	118	1
108	118	3
110	118	6
111	118	3
112	118	1
113	118	1
114	118	2
115	118	2
116	118	14
117	118	20
1	119	1
2	119	1
11	119	1
12	119	1
13	119	1
14	119	2
20	119	1
27	119	3
28	119	1
30	119	1
32	119	1
33	119	1
36	119	1
54	119	1
56	119	1
61	119	1
62	119	2
66	119	1
68	119	1
69	119	2
71	119	1
75	119	1
76	119	1
77	119	1
78	119	1
79	119	1
89	119	1
91	119	1
93	119	2
94	119	1
98	119	1
100	119	2
101	119	2
102	119	1
103	119	1
104	119	3
106	119	2
107	119	3
108	119	3
109	119	2
110	119	4
111	119	1
112	119	2
113	119	5
114	119	2
115	119	4
116	119	3
117	119	9
118	119	16
4	120	1
14	120	2
18	120	2
19	120	1
29	120	1
40	120	1
51	120	1
53	120	3
58	120	2
63	120	1
65	120	1
66	120	2
68	120	1
69	120	1
71	120	1
73	120	2
77	120	1
79	120	1
83	120	1
86	120	2
89	120	1
92	120	1
96	120	1
102	120	1
107	120	2
109	120	2
110	120	2
111	120	3
112	120	1
113	120	3
114	120	1
115	120	5
116	120	2
117	120	5
118	120	9
119	120	37
4	121	1
5	121	2
13	121	1
29	121	1
32	121	1
44	121	1
54	121	1
55	121	2
59	121	1
61	121	1
63	121	1
64	121	1
72	121	1
75	121	1
83	121	1
86	121	1
88	121	2
91	121	1
92	121	2
93	121	1
94	121	1
96	121	1
97	121	1
98	121	1
99	121	1
104	121	1
106	121	1
108	121	2
109	121	2
110	121	1
111	121	1
112	121	3
113	121	2
115	121	5
116	121	5
117	121	5
118	121	7
119	121	14
120	121	17
14	122	1
23	122	1
24	122	1
25	122	1
26	122	1
30	122	2
37	122	1
45	122	1
53	122	1
55	122	1
63	122	1
66	122	2
67	122	1
68	122	2
69	122	1
76	122	1
77	122	1
79	122	1
80	122	1
82	122	1
87	122	1
88	122	1
93	122	3
98	122	2
99	122	2
100	122	1
102	122	2
104	122	1
105	122	1
107	122	3
110	122	2
111	122	4
112	122	1
113	122	1
114	122	2
115	122	2
117	122	4
118	122	3
119	122	4
120	122	5
121	122	8
5	123	1
9	123	1
10	123	2
11	123	1
20	123	1
28	123	1
29	123	1
31	123	1
37	123	1
40	123	1
43	123	1
53	123	4
55	123	1
58	123	1
60	123	1
63	123	1
66	123	1
67	123	2
68	123	1
71	123	2
73	123	1
78	123	3
79	123	2
80	123	1
82	123	1
84	123	2
94	123	1
96	123	1
97	123	1
98	123	3
99	123	4
100	123	2
101	123	1
103	123	4
104	123	3
106	123	2
107	123	5
108	123	2
109	123	3
111	123	2
112	123	2
113	123	4
114	123	1
116	123	2
117	123	1
118	123	5
119	123	10
120	123	7
121	123	6
122	123	32
6	124	1
7	124	1
8	124	1
16	124	1
17	124	1
18	124	1
20	124	1
21	124	1
29	124	1
35	124	1
37	124	1
43	124	1
56	124	1
59	124	1
64	124	2
68	124	2
71	124	1
73	124	1
74	124	1
76	124	2
81	124	1
82	124	2
83	124	1
84	124	2
86	124	1
88	124	1
91	124	1
92	124	1
96	124	1
98	124	1
106	124	1
108	124	2
109	124	1
110	124	2
111	124	1
113	124	1
114	124	1
115	124	2
116	124	3
117	124	3
118	124	1
119	124	1
120	124	2
121	124	9
122	124	9
123	124	25
2	125	1
4	125	1
9	125	2
11	125	1
16	125	1
21	125	3
23	125	1
25	125	1
27	125	1
29	125	1
32	125	1
33	125	1
35	125	1
41	125	2
42	125	1
43	125	1
56	125	1
57	125	2
61	125	1
64	125	2
68	125	1
72	125	1
73	125	1
74	125	2
75	125	1
82	125	1
85	125	1
87	125	1
90	125	1
91	125	2
95	125	1
96	125	2
98	125	1
99	125	1
103	125	1
105	125	1
106	125	1
107	125	2
112	125	1
113	125	2
114	125	4
115	125	3
117	125	1
118	125	1
119	125	1
120	125	2
121	125	4
122	125	2
123	125	4
124	125	20
2	126	1
3	126	1
4	126	1
5	126	1
6	126	1
9	126	1
10	126	1
19	126	1
26	126	1
31	126	1
33	126	1
54	126	1
61	126	1
64	126	1
67	126	2
71	126	1
77	126	1
84	126	1
89	126	1
90	126	1
94	126	2
96	126	1
98	126	1
99	126	1
100	126	2
104	126	1
110	126	2
111	126	2
112	126	2
113	126	1
114	126	1
115	126	1
116	126	4
117	126	1
118	126	1
119	126	1
120	126	2
121	126	1
123	126	2
124	126	7
125	126	13
3	127	1
7	127	1
12	127	1
14	127	2
19	127	1
20	127	1
24	127	1
25	127	1
28	127	1
31	127	1
35	127	1
51	127	1
52	127	1
56	127	1
57	127	1
60	127	1
64	127	2
65	127	3
70	127	1
72	127	1
77	127	1
78	127	1
81	127	1
83	127	2
86	127	1
88	127	1
91	127	1
93	127	2
94	127	1
96	127	1
98	127	2
100	127	1
101	127	1
102	127	1
103	127	2
104	127	2
106	127	1
108	127	2
109	127	2
110	127	1
111	127	3
112	127	3
113	127	1
115	127	3
116	127	1
117	127	2
118	127	1
119	127	2
120	127	1
121	127	1
123	127	4
124	127	2
125	127	4
126	127	14
7	128	1
14	128	1
19	128	1
22	128	1
26	128	3
27	128	1
52	128	1
57	128	1
60	128	1
62	128	1
64	128	1
66	128	1
67	128	1
69	128	1
77	128	1
78	128	1
79	128	2
99	128	1
100	128	1
102	128	1
103	128	3
105	128	4
106	128	1
107	128	2
108	128	5
111	128	1
112	128	1
114	128	1
115	128	3
116	128	1
119	128	2
121	128	1
122	128	3
123	128	7
124	128	2
125	128	1
126	128	3
127	128	28
1	129	1
6	129	1
7	129	1
14	129	1
20	129	1
22	129	1
26	129	1
30	129	1
32	129	1
33	129	1
39	129	2
43	129	1
52	129	2
53	129	2
54	129	1
56	129	1
60	129	1
61	129	1
64	129	1
69	129	1
79	129	2
81	129	1
88	129	1
89	129	2
96	129	2
98	129	2
99	129	1
100	129	3
101	129	2
102	129	3
103	129	1
104	129	1
108	129	2
109	129	4
110	129	2
111	129	3
112	129	2
113	129	1
114	129	2
115	129	1
117	129	1
118	129	4
119	129	5
120	129	3
121	129	2
122	129	2
123	129	6
124	129	1
125	129	5
126	129	4
127	129	22
128	129	34
12	130	1
17	130	1
20	130	1
22	130	1
23	130	1
24	130	2
38	130	1
40	130	1
45	130	1
51	130	1
52	130	1
54	130	1
56	130	1
57	130	1
59	130	1
61	130	1
64	130	1
67	130	1
69	130	2
75	130	1
78	130	2
86	130	1
87	130	1
89	130	1
94	130	1
97	130	1
99	130	1
100	130	4
101	130	1
102	130	2
104	130	1
105	130	1
107	130	2
108	130	3
110	130	3
113	130	3
116	130	2
117	130	1
118	130	2
119	130	3
122	130	1
123	130	2
124	130	1
125	130	2
126	130	5
127	130	6
128	130	11
129	130	34
11	131	1
12	131	2
17	131	1
19	131	1
22	131	1
26	131	1
28	131	1
32	131	1
33	131	1
37	131	1
40	131	1
42	131	1
53	131	1
57	131	1
60	131	1
63	131	1
65	131	1
66	131	2
72	131	1
77	131	2
78	131	1
81	131	1
83	131	1
89	131	1
93	131	3
97	131	2
98	131	1
100	131	1
101	131	1
104	131	1
105	131	1
106	131	3
107	131	1
108	131	2
109	131	1
110	131	1
111	131	1
112	131	1
113	131	2
115	131	1
116	131	1
117	131	2
119	131	1
120	131	2
121	131	2
122	131	1
123	131	1
124	131	2
125	131	3
126	131	4
127	131	5
128	131	4
129	131	16
130	131	27
5	132	1
6	132	1
10	132	1
12	132	1
13	132	1
15	132	1
25	132	1
28	132	1
32	132	1
42	132	1
43	132	1
53	132	2
54	132	1
56	132	2
62	132	1
70	132	1
79	132	1
80	132	1
83	132	1
84	132	1
88	132	1
91	132	1
92	132	1
93	132	1
94	132	1
96	132	2
98	132	2
99	132	1
100	132	1
101	132	1
103	132	1
104	132	3
105	132	1
106	132	1
107	132	1
108	132	2
109	132	1
110	132	2
111	132	3
112	132	3
113	132	1
114	132	3
116	132	1
117	132	3
118	132	2
119	132	1
120	132	2
121	132	2
122	132	2
123	132	2
124	132	1
125	132	2
126	132	2
127	132	4
128	132	2
129	132	5
130	132	5
131	132	22
3	133	1
22	133	1
25	133	1
26	133	1
32	133	1
34	133	1
43	133	3
52	133	2
54	133	1
57	133	1
63	133	1
67	133	2
69	133	2
72	133	1
73	133	1
74	133	1
77	133	1
86	133	1
87	133	1
93	133	1
94	133	1
97	133	1
100	133	1
101	133	2
106	133	1
108	133	1
109	133	1
110	133	6
111	133	1
113	133	2
114	133	2
115	133	1
116	133	2
118	133	1
119	133	1
120	133	1
122	133	1
123	133	2
125	133	3
126	133	7
127	133	2
128	133	1
129	133	2
130	133	4
131	133	13
132	133	20
18	134	1
20	134	2
21	134	1
23	134	1
24	134	1
27	134	1
28	134	1
29	134	1
33	134	1
35	134	1
38	134	1
41	134	1
43	134	2
45	134	1
52	134	1
53	134	1
57	134	1
62	134	1
77	134	1
78	134	2
79	134	1
80	134	1
82	134	1
94	134	1
96	134	1
98	134	1
99	134	1
101	134	1
103	134	1
107	134	3
109	134	4
110	134	1
111	134	1
112	134	2
113	134	1
115	134	1
117	134	1
118	134	1
119	134	2
121	134	2
122	134	2
123	134	2
125	134	1
126	134	3
127	134	3
128	134	1
129	134	4
130	134	7
131	134	6
132	134	6
133	134	16
5	135	1
16	135	1
17	135	1
18	135	1
20	135	1
21	135	2
22	135	1
24	135	2
25	135	1
26	135	2
28	135	1
30	135	2
34	135	2
36	135	1
40	135	1
43	135	1
53	135	1
54	135	1
55	135	1
57	135	2
61	135	1
64	135	1
67	135	1
70	135	2
71	135	1
74	135	1
78	135	1
79	135	1
81	135	2
83	135	1
84	135	1
89	135	2
95	135	2
96	135	1
100	135	1
101	135	2
102	135	3
103	135	1
104	135	3
106	135	3
107	135	2
108	135	3
109	135	4
110	135	3
111	135	2
112	135	3
117	135	1
118	135	3
120	135	3
122	135	2
123	135	2
124	135	1
125	135	1
127	135	3
128	135	3
129	135	3
130	135	3
131	135	4
132	135	12
133	135	17
134	135	46
2	136	1
15	136	1
20	136	1
21	136	3
22	136	2
30	136	2
31	136	1
32	136	1
34	136	1
41	136	1
42	136	1
53	136	3
55	136	1
58	136	1
62	136	2
65	136	1
67	136	1
68	136	1
69	136	1
77	136	2
79	136	2
84	136	1
94	136	1
95	136	1
99	136	1
100	136	1
101	136	1
102	136	1
103	136	3
105	136	4
106	136	2
107	136	3
108	136	1
109	136	1
111	136	1
112	136	2
113	136	1
114	136	1
117	136	1
118	136	1
119	136	4
120	136	2
122	136	2
123	136	2
125	136	2
126	136	2
127	136	2
128	136	3
129	136	3
130	136	3
131	136	1
132	136	3
133	136	8
134	136	8
135	136	24
5	137	1
12	137	1
26	137	1
29	137	1
31	137	1
53	137	3
63	137	1
64	137	1
65	137	1
68	137	1
69	137	1
72	137	1
76	137	1
80	137	1
86	137	2
89	137	1
95	137	1
96	137	1
99	137	2
100	137	3
101	137	2
102	137	2
103	137	1
104	137	1
105	137	1
106	137	3
107	137	1
108	137	4
109	137	3
110	137	2
111	137	2
114	137	1
117	137	1
118	137	2
121	137	1
122	137	1
123	137	2
124	137	2
125	137	2
126	137	1
127	137	2
128	137	3
129	137	4
130	137	5
131	137	3
132	137	2
133	137	6
134	137	12
135	137	15
136	137	31
7	138	1
8	138	2
9	138	1
21	138	1
24	138	1
25	138	1
29	138	1
30	138	1
32	138	1
38	138	1
43	138	1
44	138	1
52	138	1
57	138	1
71	138	1
94	138	1
98	138	1
99	138	2
100	138	5
101	138	2
102	138	1
103	138	3
105	138	3
106	138	2
108	138	2
109	138	5
110	138	1
111	138	2
112	138	1
113	138	1
118	138	1
120	138	1
121	138	2
122	138	1
123	138	2
127	138	1
128	138	2
129	138	1
130	138	2
132	138	1
134	138	8
135	138	5
136	138	21
137	138	29
12	139	1
20	139	1
25	139	2
26	139	1
27	139	3
28	139	1
29	139	1
30	139	2
31	139	1
35	139	1
38	139	1
45	139	1
51	139	2
52	139	1
54	139	1
58	139	1
67	139	1
75	139	1
79	139	1
86	139	1
94	139	1
95	139	1
100	139	1
101	139	4
102	139	1
103	139	2
105	139	3
106	139	2
107	139	2
108	139	4
109	139	1
110	139	3
111	139	3
115	139	1
119	139	1
122	139	1
123	139	1
124	139	1
125	139	1
127	139	2
128	139	1
129	139	1
130	139	3
131	139	1
132	139	1
133	139	2
134	139	7
135	139	3
136	139	14
137	139	17
138	139	37
2	140	1
6	140	1
9	140	1
14	140	1
16	140	1
20	140	1
21	140	1
24	140	4
26	140	1
27	140	1
28	140	1
30	140	1
31	140	1
33	140	1
36	140	1
41	140	1
45	140	2
53	140	1
64	140	1
65	140	1
69	140	1
76	140	1
79	140	1
82	140	1
84	140	1
92	140	1
93	140	1
99	140	1
101	140	2
102	140	2
104	140	1
105	140	6
106	140	3
108	140	3
111	140	1
114	140	1
115	140	2
118	140	1
119	140	1
120	140	1
123	140	1
125	140	2
126	140	1
127	140	2
129	140	3
130	140	3
131	140	2
132	140	3
133	140	2
134	140	7
135	140	2
136	140	7
137	140	4
138	140	30
139	140	40
12	141	1
18	141	1
19	141	1
23	141	1
24	141	1
34	141	1
35	141	2
39	141	1
40	141	1
52	141	1
54	141	2
57	141	1
64	141	1
66	141	1
67	141	1
71	141	1
72	141	2
77	141	1
83	141	1
89	141	1
95	141	1
98	141	1
99	141	1
100	141	3
104	141	1
106	141	1
107	141	2
108	141	3
110	141	1
111	141	3
113	141	3
115	141	1
119	141	2
120	141	3
121	141	1
122	141	3
123	141	1
124	141	1
125	141	2
127	141	1
128	141	2
129	141	1
130	141	4
131	141	5
132	141	1
133	141	4
134	141	8
135	141	7
136	141	10
137	141	11
138	141	19
139	141	16
140	141	46
1	142	1
6	142	1
10	142	1
17	142	1
23	142	1
25	142	2
38	142	1
40	142	1
52	142	1
53	142	1
58	142	1
60	142	1
62	142	1
64	142	1
65	142	2
66	142	3
89	142	1
92	142	1
94	142	1
97	142	1
101	142	1
102	142	2
104	142	2
105	142	1
107	142	5
108	142	1
109	142	2
110	142	2
111	142	1
114	142	1
115	142	1
116	142	1
119	142	1
122	142	1
123	142	2
124	142	2
125	142	1
126	142	1
129	142	2
130	142	1
131	142	3
132	142	3
134	142	2
135	142	6
136	142	5
137	142	7
138	142	14
139	142	10
140	142	8
141	142	23
6	143	2
13	143	1
18	143	1
24	143	2
25	143	1
27	143	1
32	143	1
35	143	2
51	143	1
53	143	1
54	143	1
55	143	1
59	143	1
63	143	1
73	143	1
76	143	1
81	143	1
89	143	1
94	143	2
96	143	1
97	143	1
99	143	3
100	143	1
101	143	1
104	143	1
105	143	1
106	143	1
107	143	1
109	143	1
110	143	2
111	143	1
112	143	1
113	143	1
114	143	1
115	143	1
117	143	1
118	143	2
121	143	2
124	143	1
125	143	1
128	143	1
129	143	1
130	143	1
132	143	1
134	143	2
135	143	5
136	143	5
137	143	2
138	143	3
139	143	5
140	143	5
141	143	9
142	143	23
2	144	2
4	144	1
8	144	1
17	144	1
20	144	2
21	144	1
22	144	1
24	144	1
27	144	2
29	144	1
30	144	1
33	144	1
39	144	1
41	144	1
43	144	2
53	144	3
57	144	1
58	144	1
63	144	1
64	144	1
65	144	4
71	144	1
81	144	1
83	144	1
87	144	2
96	144	1
98	144	2
101	144	1
102	144	1
104	144	2
107	144	1
108	144	1
110	144	2
111	144	2
116	144	1
117	144	1
119	144	4
126	144	1
128	144	1
129	144	4
130	144	1
131	144	1
132	144	2
133	144	3
134	144	4
135	144	2
136	144	1
137	144	1
138	144	6
139	144	3
140	144	2
141	144	4
142	144	6
143	144	7
2	145	1
4	145	1
5	145	1
15	145	1
20	145	1
22	145	1
26	145	1
31	145	1
33	145	1
34	145	1
40	145	1
51	145	1
53	145	1
56	145	1
63	145	2
66	145	1
72	145	1
75	145	1
76	145	1
78	145	1
81	145	1
89	145	1
99	145	1
100	145	3
101	145	1
108	145	2
109	145	3
110	145	1
112	145	1
114	145	1
116	145	2
117	145	2
118	145	1
119	145	1
121	145	1
123	145	1
124	145	3
125	145	2
127	145	3
129	145	1
130	145	2
131	145	2
132	145	2
133	145	2
135	145	3
136	145	4
137	145	2
138	145	2
139	145	2
140	145	2
141	145	1
142	145	4
143	145	6
144	145	8
15	146	1
18	146	1
19	146	1
21	146	1
24	146	1
32	146	1
33	146	1
34	146	1
36	146	1
37	146	1
40	146	1
51	146	1
52	146	1
55	146	1
59	146	1
61	146	1
69	146	1
78	146	1
83	146	1
84	146	1
86	146	1
88	146	1
93	146	1
94	146	1
95	146	1
96	146	1
104	146	1
106	146	1
108	146	2
110	146	1
111	146	1
112	146	1
116	146	2
118	146	2
119	146	1
120	146	1
122	146	1
125	146	1
128	146	1
131	146	2
132	146	1
133	146	2
134	146	3
136	146	2
138	146	1
141	146	6
142	146	2
143	146	3
144	146	5
145	146	11
5	147	1
9	147	1
12	147	1
14	147	1
16	147	1
18	147	1
23	147	1
24	147	1
32	147	1
36	147	2
54	147	2
55	147	1
56	147	2
57	147	1
58	147	1
59	147	1
61	147	1
65	147	1
66	147	1
67	147	1
69	147	1
71	147	1
72	147	1
73	147	2
74	147	1
76	147	2
77	147	1
81	147	1
82	147	1
83	147	2
86	147	3
95	147	1
98	147	2
99	147	1
100	147	1
105	147	1
110	147	1
111	147	1
113	147	3
117	147	1
118	147	1
119	147	1
120	147	1
123	147	1
126	147	1
127	147	1
130	147	1
131	147	2
133	147	1
139	147	1
141	147	3
145	147	4
146	147	11
3	148	1
9	148	1
16	148	1
32	148	1
41	148	1
52	148	1
53	148	1
54	148	1
55	148	1
61	148	1
69	148	1
76	148	1
81	148	1
84	148	1
94	148	1
95	148	1
96	148	1
108	148	1
111	148	1
113	148	1
114	148	1
116	148	2
130	148	1
139	148	1
144	148	1
146	148	4
147	148	17
6	149	1
10	149	1
11	149	1
14	149	1
22	149	1
24	149	1
26	149	1
32	149	1
45	149	1
55	149	2
56	149	1
58	149	1
59	149	1
60	149	1
66	149	1
74	149	1
76	149	1
85	149	2
86	149	1
87	149	1
91	149	1
92	149	1
94	149	2
95	149	1
98	149	1
99	149	1
100	149	1
106	149	1
109	149	1
110	149	1
111	149	1
112	149	1
117	149	1
118	149	1
121	149	1
125	149	1
126	149	2
132	149	1
138	149	2
141	149	1
146	149	2
147	149	5
148	149	15
9	150	1
10	150	2
11	150	2
15	150	1
16	150	1
18	150	1
19	150	1
29	150	1
35	150	1
37	150	1
54	150	1
56	150	1
57	150	1
62	150	1
65	150	1
71	150	1
73	150	1
77	150	1
79	150	1
82	150	1
83	150	2
84	150	1
87	150	1
89	150	1
93	150	1
94	150	1
96	150	1
109	150	1
110	150	1
113	150	2
114	150	1
115	150	1
118	150	1
121	150	1
125	150	1
133	150	2
134	150	1
135	150	1
136	150	1
137	150	1
139	150	3
140	150	2
141	150	2
142	150	2
143	150	1
144	150	1
145	150	2
146	150	1
147	150	3
148	150	3
149	150	15
3	151	1
12	151	1
13	151	1
15	151	1
17	151	1
36	151	1
55	151	1
58	151	1
63	151	1
68	151	1
76	151	1
80	151	1
85	151	1
86	151	1
89	151	1
92	151	2
97	151	1
104	151	1
105	151	1
108	151	1
110	151	1
111	151	1
114	151	1
115	151	1
119	151	1
121	151	2
125	151	1
126	151	1
127	151	1
135	151	1
137	151	1
140	151	1
143	151	1
144	151	3
145	151	1
147	151	4
148	151	3
149	151	6
150	151	10
5	152	1
8	152	1
14	152	1
16	152	1
23	152	1
36	152	2
53	152	1
55	152	1
60	152	2
67	152	1
68	152	1
69	152	1
71	152	1
77	152	1
79	152	1
83	152	1
84	152	1
86	152	1
87	152	1
88	152	1
93	152	1
96	152	1
101	152	1
102	152	1
107	152	1
110	152	1
116	152	1
127	152	1
128	152	1
131	152	4
135	152	2
136	152	1
137	152	1
139	152	2
144	152	2
145	152	1
146	152	3
148	152	2
149	152	3
150	152	8
151	152	23
2	153	1
10	153	1
18	153	1
22	153	1
23	153	1
27	153	1
45	153	1
65	153	1
66	153	1
69	153	1
75	153	1
78	153	1
85	153	1
87	153	2
88	153	1
91	153	1
92	153	1
96	153	2
103	153	1
113	153	1
116	153	1
117	153	1
121	153	1
123	153	1
126	153	1
128	153	3
136	153	1
138	153	1
139	153	1
140	153	1
141	153	1
143	153	3
144	153	2
146	153	2
147	153	5
148	153	3
149	153	5
150	153	5
151	153	10
152	153	18
5	154	1
8	154	2
12	154	1
13	154	2
14	154	2
15	154	1
21	154	1
38	154	1
54	154	2
55	154	1
56	154	1
59	154	1
62	154	1
69	154	2
78	154	1
83	154	1
85	154	1
89	154	1
94	154	1
101	154	1
112	154	1
115	154	1
125	154	1
126	154	1
128	154	1
130	154	1
132	154	1
134	154	1
138	154	1
141	154	1
143	154	2
147	154	2
148	154	1
149	154	2
150	154	7
151	154	8
152	154	11
153	154	21
12	155	2
13	155	1
19	155	1
22	155	1
38	155	1
53	155	1
59	155	1
65	155	1
66	155	2
74	155	1
75	155	1
78	155	1
81	155	1
93	155	1
98	155	1
99	155	1
100	155	1
103	155	1
104	155	1
105	155	1
110	155	1
112	155	1
116	155	1
117	155	1
121	155	1
122	155	2
127	155	1
131	155	1
133	155	1
142	155	1
143	155	1
144	155	1
145	155	1
148	155	1
149	155	1
150	155	1
151	155	4
152	155	5
153	155	7
154	155	19
1	156	1
2	156	1
10	156	1
14	156	1
54	156	1
57	156	1
63	156	1
73	156	1
84	156	1
91	156	1
93	156	1
94	156	2
101	156	1
113	156	1
123	156	1
124	156	1
125	156	1
128	156	1
133	156	3
138	156	1
143	156	1
144	156	1
146	156	1
147	156	1
149	156	2
150	156	3
151	156	3
152	156	1
153	156	1
154	156	5
155	156	6
14	157	1
18	157	1
24	157	1
27	157	2
33	157	1
36	157	1
53	157	1
59	157	1
60	157	1
62	157	1
63	157	1
66	157	1
69	157	1
72	157	1
75	157	1
77	157	1
89	157	1
93	157	1
98	157	1
106	157	1
110	157	1
113	157	1
114	157	1
116	157	1
118	157	1
121	157	1
124	157	1
126	157	1
127	157	1
134	157	1
137	157	1
139	157	1
142	157	1
148	157	1
149	157	2
150	157	4
151	157	4
152	157	3
153	157	3
154	157	3
155	157	4
156	157	7
6	158	1
7	158	1
11	158	1
18	158	1
22	158	1
29	158	1
38	158	1
40	158	1
55	158	1
58	158	1
60	158	1
62	158	1
64	158	1
66	158	1
75	158	2
77	158	1
79	158	1
83	158	2
84	158	1
85	158	1
86	158	1
94	158	1
95	158	2
107	158	1
111	158	1
112	158	1
114	158	1
116	158	1
119	158	2
124	158	1
129	158	1
132	158	1
142	158	1
145	158	1
146	158	2
148	158	1
149	158	4
150	158	1
151	158	2
152	158	4
153	158	7
154	158	2
156	158	8
157	158	18
5	159	1
6	159	1
12	159	1
13	159	1
17	159	1
33	159	1
34	159	1
35	159	1
42	159	1
55	159	1
58	159	1
69	159	1
76	159	1
82	159	1
94	159	1
101	159	1
114	159	1
131	159	1
133	159	1
134	159	1
146	159	1
149	159	1
152	159	2
154	159	1
156	159	1
157	159	4
158	159	13
3	160	1
4	160	1
7	160	2
17	160	1
67	160	1
95	160	1
97	160	1
100	160	2
106	160	1
116	160	1
118	160	1
129	160	1
132	160	1
142	160	1
146	160	1
148	160	1
151	160	3
152	160	1
153	160	3
154	160	1
156	160	2
157	160	3
158	160	2
159	160	2
9	161	1
19	161	1
33	161	1
69	161	2
74	161	2
82	161	1
83	161	1
91	161	1
95	161	1
103	161	1
111	161	1
113	161	1
120	161	1
121	161	1
123	161	1
125	161	1
126	161	1
140	161	1
147	161	1
148	161	1
150	161	1
151	161	1
152	161	1
153	161	2
154	161	2
157	161	1
159	161	4
160	161	7
3	162	2
5	162	1
12	162	2
13	162	1
14	162	1
31	162	1
55	162	1
56	162	1
62	162	1
63	162	1
66	162	1
76	162	1
80	162	1
82	162	1
85	162	1
86	162	1
94	162	1
95	162	1
97	162	1
98	162	1
108	162	1
121	162	1
128	162	1
129	162	1
137	162	1
140	162	1
142	162	1
148	162	1
149	162	1
150	162	1
152	162	1
154	162	1
155	162	1
160	162	4
161	162	18
23	163	1
25	163	1
34	163	1
53	163	1
84	163	1
85	163	1
117	163	1
123	163	1
134	163	2
148	163	1
152	163	1
154	163	1
158	163	2
161	163	3
162	163	9
