1	2	11
1	3	2
2	3	4
1	4	3
2	4	3
3	4	9
2	5	2
4	5	4
2	6	1
3	6	1
4	6	3
5	6	6
1	7	3
3	7	1
4	7	4
5	7	2
6	7	11
1	8	4
2	8	1
3	8	1
6	8	3
7	8	15
3	9	1
4	9	2
6	9	1
7	9	7
8	9	25
1	10	1
3	10	1
8	10	5
9	10	4
1	11	1
7	11	3
8	11	2
9	11	2
10	11	6
5	12	1
7	12	2
9	12	1
10	12	1
11	12	15
9	13	1
10	13	1
11	13	10
12	13	24
3	14	1
8	14	1
9	14	1
10	14	2
11	14	5
12	14	14
13	14	24
3	15	1
4	15	1
8	15	1
9	15	1
11	15	2
12	15	8
13	15	19
14	15	20
9	16	1
11	16	7
12	16	12
13	16	19
14	16	19
15	16	35
8	17	2
11	17	7
12	17	8
13	17	13
14	17	5
15	17	14
16	17	22
1	18	1
3	18	1
9	18	1
10	18	5
11	18	6
12	18	3
13	18	9
14	18	5
15	18	6
16	18	5
17	18	7
7	19	1
10	19	1
11	19	2
12	19	2
13	19	4
14	19	4
15	19	3
16	19	4
17	19	3
18	19	17
1	20	1
7	20	1
9	20	2
11	20	1
12	20	3
13	20	7
14	20	3
15	20	2
16	20	5
17	20	4
18	20	6
19	20	17
3	21	1
4	21	2
7	21	1
10	21	4
11	21	2
12	21	1
13	21	3
14	21	2
15	21	2
16	21	3
18	21	8
19	21	8
20	21	39
1	22	1
5	22	1
7	22	3
8	22	1
10	22	1
11	22	1
13	22	1
17	22	3
18	22	5
19	22	12
20	22	11
21	22	27
4	23	1
5	23	1
8	23	1
10	23	1
15	23	1
16	23	2
17	23	2
18	23	1
19	23	3
20	23	4
21	23	6
22	23	19
3	24	1
5	24	1
7	24	2
8	24	2
10	24	2
19	24	1
20	24	3
21	24	6
22	24	11
23	24	21
8	25	1
9	25	1
12	25	1
13	25	1
14	25	3
19	25	2
20	25	2
21	25	1
22	25	5
23	25	13
24	25	18
2	26	1
4	26	1
12	26	1
13	26	3
14	26	2
15	26	2
16	26	2
18	26	4
19	26	2
20	26	1
21	26	2
22	26	4
23	26	3
24	26	1
25	26	18
2	27	1
5	27	1
6	27	1
7	27	1
11	27	2
12	27	4
13	27	3
14	27	1
15	27	3
16	27	3
17	27	3
18	27	2
19	27	3
20	27	5
21	27	7
22	27	1
24	27	4
25	27	12
26	27	17
5	28	1
6	28	2
9	28	2
10	28	1
11	28	3
12	28	1
13	28	3
14	28	1
15	28	2
16	28	4
17	28	3
18	28	2
19	28	1
20	28	5
21	28	4
22	28	8
23	28	1
24	28	3
25	28	10
26	28	12
27	28	38
4	29	1
7	29	1
8	29	1
9	29	1
11	29	2
12	29	1
15	29	1
18	29	1
19	29	3
20	29	2
21	29	4
22	29	2
23	29	1
24	29	7
25	29	10
26	29	16
27	29	14
28	29	14
6	30	1
7	30	2
18	30	1
20	30	3
21	30	2
22	30	2
23	30	1
24	30	1
25	30	4
26	30	6
27	30	8
28	30	2
29	30	42
5	31	1
18	31	1
20	31	1
23	31	1
25	31	1
27	31	3
28	31	1
29	31	3
30	31	4
2	32	1
9	32	1
13	32	1
15	32	1
16	32	1
18	32	2
19	32	3
21	32	1
22	32	4
23	32	2
24	32	3
25	32	1
26	32	3
28	32	1
29	32	8
30	32	2
31	32	2
11	33	1
20	33	1
21	33	1
23	33	1
25	33	1
27	33	3
28	33	1
29	33	1
30	33	1
31	33	2
32	33	11
1	34	1
12	34	1
15	34	1
16	34	1
17	34	2
19	34	1
21	34	1
23	34	1
27	34	1
28	34	2
30	34	2
3	35	1
6	35	1
7	35	1
8	35	1
10	35	1
11	35	3
13	35	2
14	35	2
15	35	1
18	35	3
19	35	1
20	35	2
21	35	1
22	35	2
25	35	2
26	35	5
27	35	1
28	35	1
29	35	6
30	35	2
31	35	1
32	35	7
33	35	4
34	35	12
9	36	1
10	36	3
11	36	1
12	36	2
13	36	2
14	36	2
15	36	1
16	36	3
17	36	2
18	36	2
19	36	1
20	36	3
21	36	4
22	36	2
25	36	2
26	36	2
27	36	3
28	36	3
29	36	2
30	36	1
31	36	1
32	36	1
33	36	2
34	36	3
35	36	22
3	37	1
13	37	1
15	37	1
16	37	1
17	37	1
20	37	2
25	37	1
28	37	1
29	37	1
30	37	2
32	37	2
33	37	1
34	37	3
35	37	8
36	37	7
4	38	1
5	38	1
9	38	1
11	38	1
14	38	1
24	38	2
26	38	1
27	38	3
29	38	2
30	38	2
31	38	2
32	38	1
34	38	1
35	38	4
36	38	7
10	39	1
12	39	1
13	39	2
15	39	2
16	39	3
18	39	2
19	39	1
21	39	1
22	39	2
24	39	1
25	39	4
26	39	2
27	39	5
28	39	4
29	39	4
31	39	1
32	39	1
33	39	2
34	39	1
35	39	3
36	39	8
37	39	1
38	39	5
4	40	1
11	40	2
12	40	1
13	40	1
15	40	1
16	40	2
19	40	2
20	40	3
21	40	1
22	40	1
24	40	1
25	40	2
26	40	4
27	40	1
28	40	2
29	40	2
31	40	1
32	40	3
33	40	1
34	40	2
35	40	1
36	40	2
38	40	1
39	40	20
1	41	1
8	41	1
10	41	2
15	41	1
18	41	1
20	41	1
21	41	1
22	41	1
23	41	1
25	41	1
27	41	1
28	41	1
29	41	3
30	41	1
33	41	1
35	41	5
36	41	5
37	41	2
38	41	1
39	41	9
40	41	14
1	42	1
4	42	1
5	42	1
9	42	3
10	42	3
11	42	1
12	42	1
14	42	1
15	42	1
16	42	1
17	42	1
18	42	1
20	42	2
21	42	3
23	42	1
24	42	2
26	42	2
27	42	2
28	42	1
29	42	3
34	42	1
35	42	2
36	42	1
38	42	1
39	42	4
40	42	9
41	42	8
4	43	1
8	43	1
9	43	2
11	43	2
14	43	1
15	43	1
21	43	2
23	43	1
26	43	1
27	43	1
29	43	1
32	43	1
36	43	3
39	43	4
40	43	2
41	43	7
42	43	27
1	44	1
8	44	2
17	44	1
21	44	1
22	44	1
25	44	1
32	44	1
35	44	1
36	44	1
39	44	1
40	44	1
42	44	2
43	44	1
3	45	1
14	45	1
19	45	1
20	45	1
24	45	1
29	45	1
35	45	1
36	45	1
37	45	1
39	45	2
40	45	4
41	45	4
42	45	11
43	45	11
44	45	21
6	46	1
8	46	1
9	46	1
13	46	2
15	46	1
20	46	1
21	46	2
24	46	2
25	46	1
26	46	2
28	46	2
29	46	1
31	46	1
32	46	1
35	46	1
38	46	1
39	46	2
40	46	1
41	46	5
42	46	9
43	46	9
44	46	6
45	46	10
7	47	1
12	47	2
19	47	1
20	47	4
22	47	1
24	47	2
27	47	1
28	47	3
29	47	2
32	47	3
38	47	1
39	47	1
40	47	6
41	47	3
42	47	7
43	47	4
44	47	6
45	47	8
46	47	27
6	48	1
8	48	1
9	48	1
10	48	3
15	48	1
17	48	1
20	48	1
22	48	1
23	48	2
25	48	1
26	48	1
29	48	2
30	48	2
32	48	1
33	48	2
34	48	1
36	48	2
38	48	1
39	48	2
40	48	2
41	48	5
42	48	2
43	48	2
44	48	4
45	48	5
46	48	4
47	48	18
9	49	1
11	49	3
13	49	2
14	49	1
19	49	3
20	49	1
21	49	1
22	49	2
25	49	1
26	49	1
28	49	1
29	49	2
32	49	1
35	49	1
39	49	2
40	49	3
41	49	3
42	49	5
43	49	4
44	49	1
45	49	4
46	49	9
47	49	9
48	49	32
2	50	2
5	50	1
8	50	1
15	50	1
17	50	1
18	50	1
19	50	1
20	50	1
21	50	2
22	50	1
26	50	2
27	50	2
28	50	1
29	50	2
30	50	1
31	50	1
34	50	1
35	50	1
37	50	1
39	50	1
40	50	1
41	50	5
42	50	1
43	50	1
44	50	2
45	50	1
46	50	3
47	50	10
48	50	9
49	50	25
3	51	1
7	51	1
9	51	1
10	51	1
11	51	1
15	51	1
17	51	1
20	51	1
21	51	3
22	51	2
24	51	1
25	51	1
26	51	1
27	51	1
28	51	4
29	51	1
32	51	1
34	51	1
35	51	3
36	51	2
37	51	2
39	51	1
40	51	2
41	51	4
42	51	1
44	51	3
45	51	4
46	51	4
47	51	6
48	51	3
49	51	5
50	51	24
12	52	1
13	52	2
15	52	2
16	52	2
17	52	2
18	52	2
21	52	2
25	52	1
27	52	3
28	52	2
30	52	1
33	52	1
35	52	2
36	52	3
37	52	2
39	52	2
40	52	4
41	52	3
42	52	2
43	52	1
45	52	1
46	52	2
47	52	2
48	52	1
49	52	5
50	52	5
51	52	30
6	53	1
10	53	3
11	53	2
12	53	4
13	53	1
14	53	1
15	53	2
16	53	5
17	53	3
18	53	3
19	53	1
20	53	1
21	53	1
26	53	2
27	53	2
28	53	1
29	53	1
30	53	1
33	53	2
34	53	3
35	53	1
36	53	2
39	53	1
40	53	2
41	53	1
42	53	3
46	53	4
47	53	1
48	53	2
49	53	3
50	53	5
51	53	11
52	53	19
11	54	1
12	54	1
13	54	2
14	54	1
15	54	2
16	54	1
19	54	3
20	54	1
21	54	1
22	54	1
23	54	1
26	54	1
27	54	1
28	54	1
29	54	1
30	54	1
32	54	2
34	54	1
39	54	2
40	54	1
41	54	1
42	54	1
46	54	1
47	54	3
49	54	4
50	54	5
51	54	8
52	54	13
53	54	22
11	55	2
13	55	2
17	55	2
18	55	1
20	55	2
21	55	2
22	55	1
26	55	2
27	55	1
28	55	1
29	55	1
30	55	2
33	55	1
35	55	1
36	55	1
39	55	3
40	55	5
41	55	2
42	55	2
43	55	1
44	55	1
45	55	1
46	55	1
47	55	2
48	55	3
49	55	4
50	55	2
51	55	9
52	55	9
53	55	13
54	55	8
5	56	1
9	56	2
10	56	3
13	56	1
14	56	1
16	56	1
18	56	1
20	56	1
21	56	1
23	56	1
24	56	1
25	56	1
26	56	1
29	56	1
35	56	2
36	56	1
39	56	1
40	56	5
41	56	5
46	56	2
47	56	4
48	56	1
49	56	2
50	56	3
51	56	4
52	56	1
53	56	7
54	56	6
55	56	9
9	57	1
13	57	2
14	57	1
22	57	1
28	57	1
31	57	1
33	57	1
34	57	2
41	57	1
42	57	2
43	57	1
44	57	1
45	57	2
46	57	1
47	57	1
48	57	4
49	57	2
50	57	6
51	57	2
52	57	1
53	57	4
54	57	1
55	57	4
56	57	12
3	58	1
4	58	1
6	58	1
8	58	2
22	58	1
24	58	1
25	58	3
26	58	1
29	58	1
32	58	1
35	58	1
36	58	1
38	58	1
39	58	1
40	58	1
41	58	1
44	58	1
46	58	1
47	58	2
48	58	1
49	58	3
53	58	1
54	58	2
55	58	1
56	58	1
57	58	1
22	59	1
32	59	1
47	59	1
50	59	1
58	59	3
8	60	1
23	60	1
28	60	1
29	60	1
30	60	1
33	60	1
45	60	1
48	60	1
50	60	2
55	60	1
58	60	2
59	60	1
10	61	2
18	61	1
23	61	2
25	61	1
38	61	1
40	61	1
58	61	3
60	61	6
2	62	1
4	62	1
5	62	1
8	62	2
19	62	1
20	62	1
22	62	1
23	62	1
25	62	1
29	62	2
31	62	1
32	62	1
33	62	1
36	62	1
40	62	1
43	62	1
47	62	2
50	62	1
54	62	1
55	62	1
58	62	1
60	62	3
61	62	17
2	63	1
4	63	3
8	63	4
9	63	2
11	63	2
12	63	1
13	63	1
15	63	3
16	63	1
17	63	1
18	63	2
19	63	1
23	63	1
25	63	1
28	63	1
35	63	1
39	63	1
41	63	2
45	63	1
51	63	1
55	63	1
56	63	3
57	63	1
58	63	3
61	63	1
62	63	6
4	64	1
10	64	1
13	64	4
14	64	1
15	64	1
16	64	2
19	64	1
21	64	1
22	64	1
23	64	1
29	64	1
31	64	2
35	64	3
36	64	1
39	64	2
40	64	2
41	64	1
42	64	1
48	64	2
49	64	1
50	64	1
52	64	2
53	64	1
54	64	2
55	64	1
56	64	2
57	64	1
60	64	2
61	64	1
62	64	1
63	64	14
17	65	1
2	66	1
13	66	1
17	66	1
34	66	1
41	66	1
48	66	3
49	66	1
52	66	1
56	66	1
61	66	1
65	66	1
13	67	1
14	67	1
28	67	3
39	67	1
52	67	1
53	67	1
64	67	1
12	68	2
14	68	1
16	68	4
17	68	3
20	68	1
23	68	1
29	68	1
34	68	1
35	68	1
42	68	1
53	68	1
54	68	2
64	68	1
66	68	1
12	69	4
13	69	2
14	69	1
15	69	1
16	69	3
17	69	1
20	69	1
25	69	1
28	69	1
34	69	1
35	69	1
36	69	2
46	69	1
55	69	1
60	69	1
67	69	1
68	69	1
11	70	1
12	70	2
15	70	3
16	70	2
17	70	2
28	70	1
33	70	1
34	70	1
35	70	2
41	70	1
42	70	1
45	70	1
48	70	1
53	70	1
54	70	1
63	70	1
64	70	1
66	70	1
68	70	1
69	70	8
13	71	1
17	71	2
19	71	2
21	71	1
27	71	3
32	71	1
46	71	1
51	71	1
65	71	1
66	71	1
69	71	2
70	71	4
16	93	1
5	94	2
7	94	1
8	94	1
9	94	1
10	94	1
11	94	2
15	94	1
16	94	2
18	94	1
20	94	1
21	94	2
22	94	1
24	94	2
27	94	1
28	94	1
29	94	4
32	94	2
35	94	4
36	94	1
38	94	2
39	94	3
40	94	2
41	94	1
47	94	1
51	94	1
53	94	3
54	94	1
56	94	1
57	94	1
63	94	1
64	94	2
66	94	2
69	94	3
71	94	1
7	95	1
10	95	1
11	95	1
16	95	1
17	95	2
18	95	2
23	95	1
24	95	1
27	95	2
28	95	3
29	95	1
32	95	1
34	95	1
35	95	1
37	95	1
48	95	1
49	95	1
50	95	1
51	95	2
56	95	2
61	95	1
63	95	1
64	95	2
69	95	1
70	95	1
94	95	27
10	96	1
11	96	1
12	96	1
13	96	1
14	96	1
16	96	1
17	96	2
19	96	1
20	96	1
21	96	1
22	96	2
25	96	2
26	96	1
27	96	3
32	96	1
33	96	1
35	96	2
36	96	1
38	96	1
44	96	1
45	96	2
48	96	1
49	96	1
52	96	1
53	96	1
54	96	1
55	96	1
56	96	1
60	96	1
94	96	21
95	96	42
3	97	1
7	97	1
8	97	2
9	97	1
11	97	2
12	97	2
15	97	1
17	97	1
21	97	2
26	97	2
27	97	1
32	97	1
35	97	4
38	97	1
45	97	1
46	97	1
47	97	1
50	97	1
52	97	1
53	97	1
54	97	1
55	97	2
57	97	1
69	97	1
71	97	1
93	97	1
94	97	11
95	97	25
96	97	19
10	98	1
12	98	2
13	98	2
14	98	1
15	98	1
16	98	1
18	98	1
20	98	3
21	98	1
27	98	1
28	98	1
29	98	1
30	98	1
35	98	1
40	98	3
41	98	1
49	98	1
50	98	1
51	98	2
52	98	1
54	98	2
55	98	1
63	98	2
94	98	10
95	98	14
96	98	13
97	98	26
7	99	1
9	99	1
10	99	1
11	99	1
13	99	3
14	99	2
15	99	1
16	99	1
17	99	1
21	99	2
22	99	1
25	99	1
26	99	2
28	99	1
29	99	1
36	99	1
37	99	1
38	99	1
39	99	2
40	99	2
41	99	1
48	99	1
51	99	1
52	99	1
55	99	1
56	99	2
60	99	1
63	99	1
66	99	1
69	99	1
70	99	2
94	99	3
95	99	3
96	99	7
97	99	13
98	99	25
9	100	1
13	100	1
14	100	1
16	100	3
18	100	1
19	100	1
20	100	1
25	100	2
26	100	1
28	100	1
32	100	1
36	100	1
39	100	1
41	100	1
46	100	1
48	100	1
52	100	1
53	100	2
54	100	1
62	100	1
63	100	2
64	100	1
94	100	3
95	100	5
96	100	5
97	100	5
98	100	8
99	100	8
1	101	1
4	101	1
9	101	2
10	101	2
12	101	2
14	101	1
16	101	1
19	101	1
20	101	2
21	101	1
23	101	1
27	101	1
28	101	1
30	101	1
32	101	1
36	101	1
37	101	1
38	101	1
42	101	2
44	101	1
46	101	1
48	101	2
49	101	2
55	101	2
57	101	2
58	101	1
64	101	1
94	101	8
95	101	3
96	101	2
97	101	2
98	101	6
99	101	9
100	101	13
10	102	1
11	102	1
13	102	1
14	102	1
15	102	3
16	102	1
18	102	2
19	102	2
20	102	1
21	102	1
23	102	1
25	102	1
27	102	2
36	102	1
37	102	1
40	102	1
46	102	1
48	102	1
51	102	3
56	102	1
57	102	1
63	102	3
94	102	5
95	102	2
96	102	1
97	102	5
98	102	5
99	102	11
100	102	5
101	102	33
8	103	1
13	103	1
14	103	1
15	103	2
16	103	4
17	103	1
18	103	1
19	103	1
27	103	1
28	103	1
35	103	2
36	103	1
41	103	1
47	103	2
51	103	3
55	103	1
63	103	1
64	103	1
69	103	1
70	103	2
71	103	1
93	103	1
94	103	2
96	103	1
97	103	4
98	103	4
99	103	7
100	103	7
101	103	1
102	103	18
13	104	4
15	104	1
17	104	1
20	104	1
26	104	1
27	104	4
29	104	1
32	104	1
36	104	1
37	104	1
39	104	1
51	104	1
52	104	1
64	104	3
66	104	1
68	104	1
69	104	1
70	104	1
71	104	1
94	104	3
95	104	1
96	104	2
97	104	4
98	104	7
99	104	3
100	104	4
101	104	6
102	104	4
103	104	36
8	105	1
13	105	1
15	105	1
16	105	2
17	105	3
18	105	2
20	105	1
27	105	2
28	105	3
30	105	1
32	105	1
35	105	1
36	105	1
39	105	1
40	105	1
43	105	1
49	105	1
51	105	2
52	105	1
53	105	5
62	105	1
64	105	3
70	105	1
94	105	1
95	105	1
96	105	4
97	105	2
98	105	4
99	105	4
101	105	4
102	105	7
103	105	9
104	105	22
12	106	1
13	106	1
14	106	2
15	106	2
16	106	2
17	106	1
19	106	1
20	106	1
21	106	1
28	106	1
36	106	2
43	106	1
46	106	1
48	106	2
50	106	1
52	106	1
53	106	2
54	106	2
64	106	2
69	106	2
70	106	2
94	106	1
95	106	3
96	106	3
97	106	5
99	106	6
100	106	1
101	106	2
102	106	5
103	106	17
104	106	15
105	106	31
2	107	1
4	107	1
5	107	1
6	107	2
11	107	1
12	107	1
13	107	2
14	107	1
16	107	1
18	107	1
20	107	2
23	107	1
26	107	1
29	107	2
32	107	1
34	107	1
35	107	1
36	107	2
37	107	2
39	107	1
41	107	1
45	107	1
47	107	1
48	107	2
49	107	3
52	107	1
56	107	2
57	107	1
62	107	1
63	107	1
64	107	1
94	107	5
95	107	2
96	107	4
97	107	6
99	107	2
100	107	2
101	107	3
102	107	5
103	107	3
104	107	3
105	107	9
106	107	14
9	108	1
11	108	1
12	108	1
14	108	1
15	108	1
17	108	1
20	108	1
23	108	1
24	108	1
26	108	2
29	108	1
35	108	2
38	108	1
41	108	2
42	108	1
46	108	1
50	108	1
51	108	2
52	108	1
53	108	2
55	108	1
56	108	1
58	108	1
59	108	1
61	108	1
63	108	1
70	108	2
94	108	8
95	108	2
96	108	1
97	108	1
98	108	2
99	108	1
100	108	3
101	108	6
102	108	5
103	108	3
104	108	3
105	108	5
106	108	6
107	108	23
10	109	2
12	109	2
14	109	1
17	109	2
19	109	2
26	109	1
27	109	1
34	109	1
39	109	1
41	109	1
51	109	1
52	109	1
53	109	3
54	109	1
55	109	1
68	109	1
69	109	1
94	109	3
95	109	3
96	109	1
97	109	1
98	109	3
102	109	3
103	109	8
104	109	6
105	109	8
106	109	4
107	109	8
108	109	23
11	110	1
12	110	1
13	110	2
14	110	1
15	110	3
16	110	1
18	110	2
26	110	1
28	110	1
30	110	1
35	110	1
36	110	2
39	110	1
40	110	1
41	110	1
42	110	1
46	110	1
51	110	3
53	110	1
54	110	1
55	110	1
60	110	1
64	110	1
69	110	2
70	110	1
71	110	2
94	110	1
95	110	2
98	110	2
99	110	1
100	110	3
101	110	1
102	110	2
103	110	9
104	110	8
105	110	5
106	110	14
107	110	8
108	110	17
109	110	18
11	111	1
12	111	2
13	111	1
14	111	1
15	111	1
16	111	2
17	111	1
18	111	1
19	111	1
26	111	3
35	111	1
39	111	1
40	111	2
43	111	3
47	111	1
48	111	1
50	111	1
55	111	1
56	111	1
57	111	1
61	111	1
62	111	1
65	111	1
69	111	1
70	111	1
93	111	1
94	111	1
95	111	2
96	111	2
97	111	2
98	111	1
99	111	1
100	111	2
101	111	1
102	111	2
103	111	6
104	111	4
105	111	5
106	111	3
107	111	9
108	111	19
109	111	23
110	111	17
1	112	2
4	112	1
5	112	1
15	112	3
17	112	1
19	112	2
21	112	1
23	112	1
27	112	2
29	112	1
32	112	1
50	112	1
52	112	1
53	112	1
66	112	1
94	112	1
95	112	2
96	112	2
98	112	4
99	112	4
100	112	1
101	112	4
102	112	3
103	112	5
104	112	3
105	112	4
106	112	5
107	112	6
108	112	9
109	112	8
110	112	8
111	112	13
1	113	1
9	113	1
11	113	1
13	113	1
14	113	1
16	113	1
18	113	1
20	113	1
21	113	2
23	113	1
26	113	1
35	113	1
40	113	2
41	113	1
43	113	1
44	113	1
45	113	1
49	113	1
50	113	1
52	113	1
53	113	1
54	113	1
55	113	1
56	113	2
57	113	1
66	113	1
68	113	1
94	113	2
95	113	1
96	113	1
98	113	2
99	113	4
100	113	2
101	113	2
102	113	3
103	113	2
104	113	2
106	113	6
107	113	3
108	113	10
109	113	5
110	113	11
111	113	12
112	113	24
1	114	1
7	114	1
12	114	2
14	114	1
17	114	1
20	114	2
22	114	2
23	114	1
24	114	3
35	114	1
37	114	1
45	114	1
48	114	3
49	114	1
52	114	1
57	114	1
61	114	1
63	114	2
64	114	1
94	114	2
95	114	2
96	114	3
97	114	1
99	114	1
100	114	1
101	114	6
102	114	2
103	114	2
106	114	2
107	114	6
108	114	9
110	114	4
111	114	5
112	114	5
113	114	31
3	115	1
9	115	1
11	115	1
12	115	1
19	115	1
20	115	1
22	115	1
25	115	1
28	115	1
29	115	1
36	115	1
39	115	1
46	115	1
47	115	1
48	115	1
54	115	1
57	115	1
58	115	2
61	115	1
62	115	1
63	115	2
64	115	2
94	115	2
95	115	2
96	115	2
98	115	1
100	115	3
102	115	1
103	115	1
105	115	1
106	115	1
107	115	2
108	115	3
112	115	1
113	115	9
114	115	32
7	116	1
8	116	1
10	116	1
16	116	1
27	116	1
42	116	1
48	116	2
49	116	2
50	116	2
51	116	1
56	116	1
61	116	1
63	116	1
70	116	1
96	116	2
97	116	1
98	116	2
101	116	1
102	116	1
103	116	2
104	116	1
105	116	1
106	116	1
107	116	2
109	116	4
110	116	1
111	116	1
112	116	3
113	116	5
114	116	4
115	116	7
9	117	1
11	117	1
12	117	2
14	117	1
23	117	2
25	117	3
27	117	1
29	117	3
31	117	1
35	117	1
36	117	2
45	117	2
46	117	1
47	117	1
48	117	1
49	117	1
53	117	2
54	117	1
60	117	1
62	117	2
71	117	1
94	117	3
95	117	1
96	117	4
97	117	1
100	117	1
101	117	3
102	117	5
103	117	3
104	117	2
106	117	2
107	117	2
108	117	9
109	117	2
110	117	3
111	117	4
112	117	1
113	117	7
114	117	8
115	117	10
116	117	14
1	118	1
2	118	1
4	118	1
7	118	1
8	118	1
11	118	1
12	118	1
13	118	4
19	118	1
21	118	1
27	118	3
28	118	2
29	118	1
40	118	1
41	118	1
42	118	1
43	118	1
52	118	1
53	118	1
57	118	1
63	118	2
64	118	2
69	118	2
94	118	4
95	118	1
96	118	2
97	118	3
98	118	5
99	118	1
103	118	2
104	118	3
105	118	1
106	118	1
107	118	3
108	118	5
109	118	3
110	118	4
111	118	4
112	118	1
113	118	2
114	118	2
115	118	4
116	118	5
117	118	15
7	119	1
11	119	1
12	119	3
15	119	2
16	119	3
21	119	1
27	119	1
28	119	2
29	119	1
32	119	1
35	119	1
41	119	1
45	119	1
46	119	2
52	119	1
61	119	1
64	119	1
69	119	1
70	119	3
71	119	1
95	119	1
96	119	1
98	119	1
99	119	2
100	119	2
102	119	6
103	119	5
104	119	3
105	119	2
106	119	6
107	119	2
109	119	1
110	119	6
111	119	3
112	119	3
113	119	2
114	119	3
115	119	1
117	119	4
118	119	14
12	120	1
13	120	3
14	120	1
17	120	1
18	120	1
19	120	1
20	120	1
23	120	1
29	120	1
32	120	1
34	120	1
37	120	1
50	120	2
52	120	4
56	120	1
68	120	2
69	120	1
70	120	1
95	120	2
98	120	2
100	120	2
101	120	2
103	120	1
104	120	2
105	120	7
106	120	2
108	120	1
109	120	1
110	120	1
111	120	3
112	120	2
113	120	1
116	120	1
117	120	1
118	120	4
119	120	21
12	121	1
13	121	2
14	121	1
15	121	1
16	121	2
17	121	4
18	121	1
20	121	1
26	121	2
32	121	1
36	121	1
39	121	1
49	121	3
51	121	2
52	121	1
54	121	1
55	121	1
56	121	1
68	121	1
70	121	3
71	121	1
96	121	3
98	121	4
99	121	1
100	121	3
101	121	2
102	121	3
103	121	4
104	121	1
105	121	5
106	121	5
107	121	1
108	121	2
109	121	1
110	121	4
111	121	2
113	121	2
114	121	1
116	121	1
117	121	4
118	121	11
119	121	12
120	121	29
11	122	1
12	122	2
13	122	3
14	122	1
16	122	3
17	122	1
22	122	2
26	122	1
35	122	3
39	122	1
40	122	1
47	122	1
48	122	1
49	122	1
52	122	1
56	122	1
59	122	1
63	122	1
64	122	1
66	122	1
69	122	2
94	122	1
95	122	1
99	122	2
100	122	2
101	122	4
102	122	1
103	122	3
104	122	6
105	122	4
106	122	7
107	122	1
108	122	2
109	122	3
110	122	1
111	122	3
113	122	5
114	122	1
115	122	1
116	122	1
117	122	2
118	122	7
119	122	10
120	122	19
121	122	28
12	123	3
13	123	1
14	123	2
16	123	1
17	123	3
19	123	1
20	123	1
24	123	1
27	123	1
28	123	1
32	123	1
35	123	1
36	123	1
49	123	2
52	123	2
53	123	1
54	123	1
64	123	1
68	123	1
69	123	2
70	123	2
71	123	1
94	123	1
95	123	1
96	123	4
97	123	2
99	123	2
100	123	1
101	123	1
103	123	1
104	123	6
105	123	2
106	123	4
107	123	1
108	123	1
109	123	1
110	123	1
111	123	1
113	123	3
114	123	1
117	123	3
118	123	10
119	123	16
120	123	13
121	123	24
122	123	22
12	124	2
13	124	3
14	124	2
15	124	1
16	124	3
17	124	3
18	124	1
19	124	1
23	124	1
28	124	1
33	124	1
34	124	1
36	124	4
40	124	1
50	124	1
51	124	1
52	124	2
53	124	1
63	124	1
64	124	1
68	124	2
69	124	1
70	124	2
96	124	2
97	124	1
99	124	1
100	124	1
102	124	2
103	124	2
104	124	5
105	124	2
106	124	5
107	124	3
108	124	3
109	124	1
110	124	1
111	124	2
112	124	2
113	124	2
116	124	3
117	124	1
118	124	3
119	124	8
120	124	15
121	124	10
122	124	22
123	124	31
12	125	2
15	125	1
16	125	2
18	125	1
19	125	1
21	125	1
22	125	1
25	125	1
26	125	1
28	125	1
29	125	1
35	125	1
39	125	1
40	125	1
41	125	1
44	125	1
46	125	1
48	125	1
49	125	1
52	125	1
64	125	1
65	125	1
69	125	1
70	125	4
95	125	1
96	125	1
97	125	2
98	125	1
99	125	2
100	125	1
101	125	1
102	125	2
104	125	3
105	125	4
106	125	2
107	125	2
109	125	2
110	125	4
111	125	1
112	125	2
113	125	3
114	125	1
117	125	2
118	125	3
119	125	3
120	125	6
121	125	12
122	125	11
123	125	8
124	125	17
10	126	1
12	126	1
13	126	1
15	126	3
17	126	1
21	126	1
28	126	1
32	126	1
41	126	1
44	126	1
45	126	1
52	126	1
53	126	1
68	126	2
70	126	2
94	126	2
95	126	2
96	126	4
98	126	2
99	126	2
102	126	1
103	126	5
104	126	5
105	126	4
106	126	2
108	126	4
109	126	2
110	126	4
111	126	1
112	126	2
113	126	2
114	126	1
116	126	2
117	126	3
118	126	1
119	126	5
120	126	6
121	126	12
122	126	8
123	126	10
124	126	9
125	126	22
4	127	1
7	127	1
12	127	1
13	127	2
14	127	2
15	127	1
18	127	1
20	127	1
22	127	1
27	127	2
30	127	1
35	127	1
41	127	1
43	127	1
44	127	1
49	127	1
52	127	1
56	127	1
66	127	1
68	127	2
69	127	1
70	127	1
95	127	4
96	127	1
97	127	3
98	127	1
99	127	1
100	127	2
102	127	2
103	127	3
104	127	2
105	127	3
106	127	4
108	127	1
109	127	1
111	127	3
118	127	1
119	127	6
120	127	9
121	127	1
122	127	4
123	127	8
124	127	8
125	127	15
126	127	19
5	128	1
11	128	2
12	128	1
13	128	1
14	128	1
15	128	1
16	128	1
17	128	3
18	128	1
19	128	1
23	128	1
27	128	2
28	128	3
33	128	1
34	128	1
35	128	1
36	128	1
39	128	1
41	128	2
43	128	1
46	128	1
49	128	2
52	128	2
57	128	1
69	128	2
70	128	1
95	128	1
96	128	2
98	128	3
99	128	3
100	128	2
101	128	2
102	128	1
103	128	2
104	128	3
105	128	4
106	128	3
108	128	1
109	128	2
110	128	3
111	128	1
113	128	3
116	128	1
118	128	2
119	128	6
120	128	3
121	128	7
122	128	7
123	128	8
124	128	4
125	128	9
126	128	9
127	128	10
12	129	1
14	129	2
15	129	2
17	129	1
28	129	1
29	129	1
35	129	1
48	129	1
51	129	2
68	129	1
69	129	4
70	129	6
94	129	2
97	129	2
98	129	1
100	129	1
102	129	1
103	129	2
104	129	1
105	129	3
106	129	2
107	129	4
108	129	1
109	129	4
110	129	5
112	129	1
113	129	1
114	129	2
117	129	1
118	129	2
119	129	5
120	129	4
121	129	5
122	129	5
123	129	7
124	129	3
125	129	9
126	129	13
127	129	11
128	129	23
12	130	2
13	130	2
15	130	1
16	130	1
17	130	3
18	130	1
20	130	1
21	130	1
26	130	1
27	130	1
52	130	1
67	130	1
69	130	7
70	130	1
94	130	1
95	130	2
96	130	5
99	130	2
100	130	2
101	130	2
102	130	1
103	130	2
104	130	6
105	130	3
106	130	2
107	130	1
109	130	1
110	130	4
111	130	2
112	130	1
113	130	2
116	130	2
119	130	5
120	130	2
121	130	5
122	130	4
123	130	6
124	130	8
125	130	8
126	130	11
127	130	10
128	130	24
129	130	24
9	131	1
10	131	1
11	131	1
12	131	3
13	131	2
14	131	1
15	131	3
16	131	3
19	131	1
20	131	2
21	131	2
26	131	2
28	131	3
29	131	2
41	131	2
50	131	1
66	131	1
68	131	1
70	131	5
71	131	1
94	131	3
96	131	1
97	131	3
98	131	1
99	131	3
102	131	1
103	131	3
104	131	4
105	131	5
106	131	3
107	131	1
109	131	8
110	131	2
111	131	2
112	131	1
113	131	3
117	131	1
118	131	1
119	131	8
120	131	7
121	131	7
122	131	6
123	131	3
124	131	4
125	131	8
126	131	16
127	131	15
128	131	13
129	131	22
130	131	23
6	132	1
12	132	1
13	132	2
14	132	1
15	132	4
16	132	3
17	132	2
19	132	1
20	132	1
27	132	1
36	132	1
41	132	4
42	132	1
46	132	1
51	132	1
53	132	1
54	132	1
63	132	1
64	132	1
66	132	1
67	132	1
69	132	1
70	132	3
71	132	1
94	132	3
96	132	1
97	132	2
98	132	3
99	132	2
100	132	3
101	132	1
102	132	2
103	132	2
104	132	3
105	132	5
106	132	3
107	132	1
108	132	2
109	132	1
110	132	6
111	132	1
113	132	2
114	132	1
115	132	1
118	132	3
119	132	5
120	132	6
121	132	7
122	132	3
123	132	6
124	132	4
125	132	4
126	132	2
127	132	12
128	132	12
129	132	14
130	132	12
131	132	23
12	133	1
13	133	2
14	133	2
15	133	1
16	133	1
17	133	1
18	133	1
26	133	1
27	133	2
28	133	1
29	133	2
31	133	1
34	133	1
36	133	1
40	133	2
41	133	1
42	133	1
43	133	1
48	133	1
49	133	2
53	133	1
54	133	1
55	133	2
64	133	4
71	133	1
94	133	6
96	133	2
97	133	3
99	133	2
100	133	2
101	133	2
103	133	1
104	133	2
105	133	1
106	133	4
107	133	2
108	133	1
109	133	3
110	133	5
111	133	4
112	133	4
113	133	1
114	133	2
117	133	1
118	133	3
119	133	4
120	133	4
121	133	8
122	133	2
123	133	3
124	133	3
125	133	3
126	133	5
127	133	3
128	133	4
129	133	11
130	133	3
131	133	13
132	133	11
1	134	1
4	134	1
7	134	1
10	134	2
11	134	1
21	134	2
24	134	1
25	134	1
26	134	1
30	134	1
39	134	1
42	134	1
45	134	1
46	134	2
50	134	1
51	134	1
52	134	1
53	134	1
58	134	1
59	134	1
60	134	1
62	134	2
64	134	1
94	134	1
95	134	1
96	134	1
97	134	2
98	134	1
99	134	3
100	134	2
101	134	3
106	134	1
107	134	2
108	134	1
109	134	3
110	134	3
112	134	4
113	134	3
114	134	5
115	134	3
116	134	4
117	134	4
118	134	2
120	134	3
122	134	3
123	134	1
124	134	2
125	134	3
130	134	2
131	134	2
132	134	3
133	134	7
6	135	1
7	135	1
8	135	3
10	135	2
11	135	1
21	135	1
23	135	1
25	135	1
42	135	1
48	135	1
49	135	3
50	135	1
52	135	1
58	135	1
59	135	1
60	135	1
61	135	1
62	135	2
63	135	1
64	135	1
66	135	1
95	135	1
96	135	2
99	135	1
101	135	3
102	135	1
104	135	1
106	135	1
107	135	3
108	135	3
113	135	1
114	135	3
115	135	3
117	135	1
121	135	1
123	135	1
127	135	1
128	135	1
130	135	1
134	135	15
1	136	1
3	136	2
9	136	1
10	136	1
11	136	1
15	136	2
24	136	1
25	136	1
27	136	1
30	136	1
32	136	1
33	136	1
36	136	1
46	136	1
49	136	1
50	136	1
51	136	1
57	136	2
58	136	1
60	136	1
62	136	1
94	136	1
95	136	1
99	136	1
100	136	1
102	136	1
105	136	1
114	136	1
115	136	5
117	136	2
119	136	1
123	136	1
126	136	2
129	136	1
133	136	1
134	136	5
135	136	21
1	137	1
5	137	2
6	137	1
7	137	1
9	137	3
13	137	1
24	137	1
29	137	1
34	137	1
44	137	1
50	137	1
58	137	2
67	137	1
93	137	1
97	137	1
99	137	1
104	137	1
106	137	1
107	137	2
110	137	1
114	137	6
117	137	1
134	137	2
135	137	9
136	137	40
7	138	1
9	138	1
12	138	1
21	138	3
23	138	1
25	138	1
27	138	1
29	138	1
45	138	1
46	138	1
47	138	1
49	138	1
53	138	1
54	138	1
55	138	1
64	138	1
98	138	1
101	138	2
106	138	1
108	138	3
110	138	2
114	138	3
117	138	1
118	138	1
124	138	1
127	138	1
129	138	1
131	138	2
132	138	1
133	138	3
134	138	2
135	138	6
136	138	6
137	138	16
5	139	1
7	139	1
8	139	1
9	139	1
11	139	1
21	139	1
24	139	2
25	139	1
29	139	1
32	139	1
41	139	1
42	139	2
47	139	1
49	139	1
57	139	1
60	139	1
68	139	1
94	139	1
95	139	2
97	139	1
103	139	1
111	139	1
114	139	1
115	139	2
117	139	1
120	139	1
127	139	2
129	139	1
132	139	1
133	139	1
134	139	2
135	139	4
136	139	6
137	139	15
138	139	30
9	140	1
12	140	2
23	140	1
26	140	2
44	140	1
45	140	1
46	140	1
48	140	1
49	140	1
50	140	1
54	140	1
56	140	1
58	140	1
61	140	1
94	140	1
95	140	2
96	140	1
107	140	1
108	140	1
109	140	2
112	140	1
113	140	1
114	140	1
115	140	1
134	140	2
135	140	4
136	140	4
137	140	10
138	140	10
139	140	36
1	141	1
4	141	1
27	141	1
31	141	1
39	141	1
42	141	1
43	141	1
58	141	1
62	141	1
101	141	1
107	141	1
109	141	1
113	141	1
114	141	2
134	141	2
135	141	1
136	141	1
138	141	3
139	141	2
140	141	8
1	142	1
8	142	1
12	142	1
13	142	1
16	142	1
18	142	2
21	142	1
26	142	1
27	142	1
30	142	1
31	142	1
33	142	2
37	142	1
42	142	1
47	142	2
51	142	1
62	142	1
63	142	1
69	142	1
70	142	1
95	142	1
97	142	1
99	142	1
100	142	1
101	142	1
102	142	1
103	142	1
106	142	1
110	142	1
113	142	2
116	142	1
117	142	3
121	142	1
122	142	1
123	142	1
125	142	1
126	142	1
128	142	1
130	142	2
133	142	2
134	142	4
135	142	1
136	142	2
137	142	1
138	142	1
139	142	4
140	142	3
141	142	11
1	143	1
2	143	1
8	143	1
9	143	2
10	143	2
14	143	1
15	143	1
17	143	1
18	143	1
25	143	1
28	143	2
30	143	2
32	143	1
36	143	1
39	143	1
40	143	2
42	143	1
43	143	1
46	143	1
49	143	2
51	143	2
54	143	1
64	143	1
68	143	1
70	143	1
71	143	1
94	143	1
95	143	2
97	143	1
98	143	1
101	143	2
102	143	1
103	143	1
106	143	2
109	143	1
110	143	2
111	143	2
112	143	1
113	143	3
114	143	4
117	143	2
118	143	1
119	143	2
120	143	2
121	143	2
122	143	2
123	143	1
124	143	4
126	143	1
127	143	2
128	143	2
130	143	2
131	143	6
132	143	1
133	143	4
134	143	2
135	143	2
136	143	2
138	143	2
139	143	1
140	143	4
141	143	4
142	143	25
3	144	1
8	144	1
9	144	1
19	144	1
22	144	1
28	144	1
29	144	1
30	144	1
32	144	1
39	144	2
40	144	1
43	144	1
45	144	1
49	144	1
50	144	1
55	144	2
70	144	1
94	144	2
95	144	2
96	144	1
97	144	3
98	144	1
100	144	2
101	144	1
102	144	3
103	144	1
106	144	1
111	144	1
113	144	2
114	144	1
115	144	2
116	144	1
117	144	4
118	144	3
121	144	2
122	144	1
127	144	1
128	144	1
129	144	2
133	144	1
134	144	3
135	144	2
136	144	1
137	144	2
138	144	1
139	144	3
140	144	7
142	144	4
143	144	26
1	145	1
6	145	1
8	145	1
9	145	1
10	145	1
12	145	1
15	145	2
16	145	1
17	145	1
24	145	1
26	145	1
28	145	1
41	145	2
42	145	1
48	145	1
50	145	1
52	145	1
53	145	1
54	145	1
56	145	1
60	145	1
64	145	2
94	145	2
95	145	2
96	145	2
97	145	1
98	145	1
99	145	4
100	145	1
102	145	1
103	145	1
105	145	1
106	145	1
107	145	1
108	145	2
109	145	2
111	145	1
112	145	1
117	145	1
118	145	2
120	145	1
122	145	2
123	145	2
124	145	1
125	145	1
128	145	1
129	145	2
130	145	3
131	145	1
133	145	1
134	145	1
135	145	1
136	145	1
137	145	1
139	145	1
140	145	1
141	145	1
142	145	2
143	145	10
144	145	18
12	146	1
17	146	3
18	146	1
19	146	2
20	146	2
22	146	1
26	146	1
27	146	1
28	146	1
31	146	1
38	146	1
43	146	1
46	146	1
47	146	1
50	146	1
51	146	2
52	146	2
54	146	1
55	146	1
56	146	2
62	146	1
94	146	1
96	146	3
98	146	1
99	146	1
100	146	2
101	146	1
102	146	1
103	146	3
104	146	3
106	146	4
107	146	1
108	146	4
109	146	2
111	146	1
113	146	2
114	146	2
115	146	1
117	146	5
118	146	3
119	146	3
120	146	1
123	146	1
124	146	1
126	146	1
127	146	3
129	146	1
130	146	1
131	146	2
132	146	1
133	146	1
134	146	3
135	146	1
136	146	1
137	146	1
138	146	1
140	146	1
141	146	1
142	146	4
143	146	5
144	146	11
145	146	22
2	147	1
9	147	1
11	147	1
15	147	1
16	147	2
28	147	2
35	147	1
47	147	1
48	147	1
60	147	1
61	147	2
68	147	1
69	147	1
94	147	1
95	147	1
96	147	3
97	147	2
99	147	3
102	147	1
103	147	1
105	147	2
106	147	1
107	147	1
114	147	2
115	147	1
116	147	1
118	147	1
119	147	2
120	147	1
121	147	3
122	147	1
123	147	1
125	147	2
126	147	1
128	147	2
130	147	5
133	147	4
134	147	1
136	147	1
137	147	1
138	147	1
140	147	1
141	147	1
142	147	1
143	147	5
145	147	24
146	147	23
10	148	1
13	148	1
15	148	1
16	148	1
17	148	1
19	148	1
22	148	2
26	148	1
35	148	1
36	148	2
52	148	1
53	148	1
69	148	1
70	148	1
94	148	1
95	148	2
96	148	2
99	148	1
103	148	1
104	148	2
106	148	1
107	148	3
108	148	1
109	148	1
110	148	2
111	148	2
112	148	1
113	148	3
114	148	1
118	148	1
119	148	2
121	148	3
122	148	1
124	148	2
126	148	4
127	148	2
128	148	4
129	148	2
130	148	2
131	148	5
132	148	3
133	148	4
135	148	1
136	148	1
138	148	1
140	148	2
142	148	3
143	148	4
144	148	4
145	148	12
146	148	13
147	148	32
9	149	1
10	149	1
14	149	1
17	149	1
21	149	2
25	149	1
26	149	1
36	149	1
39	149	1
41	149	1
43	149	1
52	149	2
54	149	1
56	149	1
64	149	1
68	149	1
70	149	2
94	149	2
96	149	2
97	149	1
99	149	2
100	149	2
101	149	3
102	149	1
103	149	1
104	149	1
105	149	1
106	149	2
108	149	1
109	149	1
111	149	2
112	149	1
115	149	2
117	149	2
118	149	1
120	149	1
123	149	2
124	149	1
125	149	1
127	149	2
128	149	1
129	149	1
131	149	2
132	149	2
133	149	2
134	149	1
138	149	1
139	149	1
141	149	2
142	149	2
143	149	7
144	149	3
145	149	7
146	149	15
147	149	8
148	149	24
11	150	1
13	150	1
16	150	1
23	150	2
25	150	2
29	150	1
33	150	1
42	150	1
56	150	2
58	150	1
61	150	1
62	150	1
94	150	1
95	150	2
96	150	1
97	150	2
98	150	1
99	150	1
100	150	3
103	150	1
105	150	1
107	150	1
110	150	1
111	150	3
113	150	1
114	150	4
115	150	3
118	150	1
119	150	1
120	150	1
125	150	1
129	150	3
130	150	2
131	150	1
133	150	1
134	150	9
135	150	2
138	150	2
139	150	4
141	150	4
142	150	1
143	150	3
144	150	7
145	150	4
146	150	4
147	150	5
148	150	6
149	150	14
1	151	1
7	151	1
9	151	1
15	151	1
26	151	3
29	151	1
45	151	1
54	151	1
55	151	1
94	151	1
96	151	1
97	151	2
100	151	1
102	151	1
103	151	1
105	151	2
107	151	2
108	151	1
111	151	1
112	151	1
114	151	1
115	151	3
118	151	1
120	151	1
123	151	1
126	151	2
128	151	1
132	151	2
133	151	2
134	151	1
135	151	1
137	151	2
139	151	3
140	151	2
142	151	3
144	151	4
145	151	1
146	151	6
147	151	4
148	151	1
149	151	7
150	151	20
10	152	1
16	152	1
18	152	1
22	152	1
28	152	1
29	152	2
39	152	1
41	152	1
42	152	1
64	152	1
71	152	1
94	152	1
96	152	1
97	152	2
98	152	1
100	152	1
101	152	1
102	152	1
103	152	3
104	152	2
105	152	2
106	152	1
107	152	2
109	152	1
110	152	1
111	152	4
113	152	1
115	152	1
116	152	1
117	152	1
118	152	1
121	152	2
123	152	1
124	152	1
125	152	1
126	152	2
127	152	2
128	152	1
130	152	2
131	152	1
133	152	1
134	152	4
135	152	2
137	152	1
138	152	1
139	152	1
140	152	2
141	152	1
142	152	1
143	152	1
144	152	1
145	152	2
146	152	5
147	152	2
148	152	3
149	152	10
150	152	10
151	152	15
9	153	1
12	153	1
17	153	1
18	153	1
19	153	1
28	153	1
29	153	2
36	153	1
52	153	1
53	153	2
54	153	1
57	153	1
68	153	1
71	153	1
94	153	2
95	153	1
96	153	1
97	153	2
98	153	2
102	153	2
105	153	2
106	153	2
107	153	1
108	153	3
111	153	1
115	153	1
117	153	1
118	153	1
119	153	2
121	153	4
122	153	1
125	153	3
126	153	1
127	153	1
128	153	3
129	153	2
131	153	1
132	153	2
133	153	3
134	153	1
138	153	2
142	153	1
143	153	4
145	153	3
146	153	1
147	153	2
148	153	2
149	153	4
150	153	1
151	153	10
152	153	24
9	154	1
13	154	1
14	154	2
21	154	1
23	154	1
28	154	2
29	154	2
34	154	1
49	154	1
51	154	1
52	154	3
53	154	1
55	154	1
56	154	1
57	154	1
64	154	1
68	154	1
69	154	2
94	154	2
95	154	1
96	154	2
97	154	2
98	154	3
99	154	1
100	154	1
102	154	1
104	154	1
105	154	2
106	154	1
107	154	2
108	154	1
109	154	2
110	154	2
111	154	1
112	154	3
113	154	1
116	154	2
117	154	1
118	154	1
119	154	2
120	154	1
121	154	2
123	154	1
124	154	5
125	154	1
127	154	1
128	154	3
129	154	3
130	154	2
132	154	1
133	154	5
134	154	3
135	154	1
138	154	2
140	154	3
142	154	1
143	154	3
144	154	4
145	154	2
146	154	7
147	154	7
148	154	6
149	154	3
150	154	2
151	154	10
152	154	29
153	154	45
2	155	1
15	155	1
20	155	1
29	155	1
35	155	1
38	155	1
40	155	1
41	155	1
42	155	1
45	155	1
49	155	1
51	155	1
53	155	1
70	155	2
71	155	1
94	155	2
97	155	3
98	155	1
99	155	2
100	155	2
101	155	1
102	155	5
103	155	1
104	155	1
105	155	1
106	155	1
107	155	3
108	155	1
110	155	2
111	155	1
112	155	2
113	155	3
114	155	1
115	155	1
117	155	2
118	155	2
119	155	1
120	155	1
121	155	1
122	155	2
123	155	1
124	155	2
125	155	3
128	155	3
129	155	1
130	155	3
131	155	2
132	155	1
133	155	4
135	155	1
136	155	1
138	155	1
140	155	1
143	155	3
144	155	1
145	155	3
146	155	1
147	155	3
148	155	3
150	155	3
151	155	11
152	155	8
153	155	19
154	155	38
9	156	1
10	156	1
11	156	1
12	156	1
15	156	1
17	156	1
20	156	1
21	156	1
22	156	1
26	156	1
28	156	2
36	156	1
37	156	1
39	156	1
42	156	1
45	156	1
47	156	1
54	156	1
68	156	1
94	156	2
96	156	1
98	156	1
100	156	1
105	156	2
106	156	2
107	156	1
108	156	1
110	156	2
113	156	2
114	156	1
115	156	2
116	156	1
119	156	1
120	156	1
121	156	2
122	156	2
124	156	1
125	156	2
126	156	1
127	156	2
128	156	2
129	156	3
130	156	2
131	156	2
132	156	1
134	156	3
135	156	1
136	156	2
138	156	1
142	156	1
143	156	4
144	156	1
146	156	3
147	156	2
148	156	2
149	156	1
150	156	3
151	156	3
152	156	2
153	156	8
154	156	13
155	156	26
7	157	1
12	157	2
16	157	1
17	157	1
18	157	2
34	157	1
40	157	2
42	157	3
46	157	1
52	157	1
62	157	1
70	157	1
71	157	1
96	157	1
97	157	2
98	157	1
99	157	2
102	157	2
103	157	2
104	157	1
105	157	4
106	157	3
107	157	1
108	157	1
109	157	1
111	157	4
112	157	1
113	157	3
117	157	2
118	157	1
119	157	4
120	157	1
121	157	3
122	157	4
123	157	1
124	157	1
125	157	4
126	157	4
127	157	1
128	157	2
129	157	2
130	157	1
131	157	2
132	157	2
133	157	1
137	157	1
138	157	1
142	157	1
143	157	1
144	157	2
145	157	2
146	157	2
147	157	3
148	157	2
149	157	3
151	157	1
152	157	3
153	157	3
154	157	11
155	157	14
156	157	24
12	158	2
14	158	1
15	158	2
22	158	1
23	158	1
27	158	1
28	158	1
39	158	2
41	158	2
49	158	1
50	158	2
53	158	1
54	158	1
55	158	1
64	158	1
67	158	1
69	158	1
70	158	2
95	158	1
96	158	1
99	158	2
101	158	1
102	158	3
103	158	1
104	158	2
105	158	4
106	158	2
108	158	1
109	158	3
110	158	2
111	158	3
112	158	1
113	158	3
115	158	1
117	158	1
118	158	2
119	158	6
120	158	3
121	158	4
122	158	1
123	158	1
124	158	1
125	158	1
126	158	2
127	158	4
128	158	2
129	158	1
130	158	4
133	158	1
143	158	3
144	158	4
145	158	1
146	158	4
147	158	3
148	158	1
149	158	1
150	158	1
152	158	3
153	158	3
154	158	5
155	158	5
156	158	10
157	158	15
8	159	1
12	159	2
15	159	2
17	159	1
18	159	2
27	159	3
36	159	2
43	159	1
46	159	2
51	159	1
55	159	1
64	159	2
71	159	1
94	159	1
97	159	1
99	159	1
102	159	2
103	159	2
104	159	2
106	159	2
108	159	1
109	159	2
110	159	1
111	159	4
113	159	1
115	159	1
118	159	2
119	159	2
120	159	1
121	159	1
122	159	2
123	159	1
126	159	1
127	159	2
128	159	2
129	159	1
130	159	4
131	159	1
139	159	1
143	159	1
145	159	2
146	159	1
148	159	4
149	159	3
150	159	1
151	159	3
152	159	1
153	159	9
154	159	9
155	159	4
156	159	13
157	159	17
158	159	17
14	160	1
16	160	1
28	160	1
34	160	1
35	160	2
37	160	2
38	160	1
39	160	2
47	160	1
48	160	1
52	160	1
53	160	2
54	160	2
55	160	3
56	160	1
57	160	1
69	160	1
70	160	3
96	160	2
97	160	1
98	160	1
99	160	3
100	160	1
102	160	2
104	160	2
105	160	1
106	160	2
108	160	4
109	160	1
111	160	1
112	160	1
113	160	4
114	160	2
117	160	1
118	160	2
119	160	3
121	160	2
122	160	2
123	160	4
124	160	2
125	160	4
126	160	1
127	160	1
128	160	1
129	160	2
130	160	2
131	160	5
132	160	2
133	160	2
134	160	1
137	160	1
143	160	1
144	160	1
145	160	2
146	160	2
147	160	1
148	160	3
149	160	2
150	160	1
151	160	2
152	160	4
153	160	7
154	160	1
155	160	3
156	160	7
157	160	14
158	160	14
159	160	27
9	161	1
13	161	1
14	161	2
16	161	1
17	161	1
18	161	1
27	161	2
28	161	1
35	161	1
37	161	1
48	161	1
49	161	1
51	161	1
54	161	1
56	161	1
68	161	1
94	161	1
95	161	1
99	161	1
101	161	1
102	161	2
104	161	2
105	161	2
108	161	1
109	161	2
110	161	3
112	161	2
113	161	2
114	161	1
115	161	1
118	161	1
119	161	1
120	161	2
121	161	2
122	161	2
123	161	3
124	161	3
125	161	2
126	161	3
127	161	1
129	161	2
130	161	2
131	161	1
132	161	3
133	161	1
134	161	2
135	161	1
138	161	1
142	161	1
143	161	2
144	161	1
146	161	1
147	161	4
148	161	3
149	161	4
151	161	1
152	161	1
153	161	4
154	161	3
155	161	10
156	161	3
157	161	11
158	161	13
159	161	11
160	161	24
1	162	1
7	162	1
8	162	1
15	162	3
16	162	1
17	162	1
18	162	1
26	162	1
27	162	1
29	162	1
36	162	1
41	162	1
46	162	2
57	162	1
63	162	2
67	162	1
94	162	1
96	162	1
97	162	4
98	162	3
100	162	2
102	162	1
103	162	3
104	162	3
106	162	3
108	162	2
110	162	2
111	162	2
112	162	1
113	162	3
114	162	1
116	162	2
117	162	1
118	162	6
119	162	1
120	162	1
121	162	2
122	162	1
123	162	2
124	162	3
125	162	1
126	162	2
128	162	1
129	162	1
130	162	4
131	162	1
132	162	2
133	162	2
134	162	2
135	162	2
136	162	1
138	162	2
141	162	1
143	162	2
144	162	2
145	162	2
147	162	3
148	162	3
149	162	3
150	162	2
152	162	6
153	162	7
154	162	6
155	162	4
156	162	3
157	162	8
158	162	11
159	162	9
160	162	14
161	162	21
10	163	1
14	163	1
18	163	1
20	163	1
22	163	1
29	163	1
30	163	1
35	163	1
36	163	1
40	163	2
43	163	2
45	163	1
49	163	2
51	163	1
52	163	1
56	163	1
57	163	2
64	163	1
94	163	2
96	163	1
98	163	1
99	163	1
101	163	1
102	163	1
105	163	1
106	163	1
108	163	1
110	163	1
114	163	4
115	163	2
117	163	1
122	163	2
124	163	1
125	163	1
126	163	1
132	163	1
133	163	1
134	163	1
135	163	2
138	163	1
139	163	1
140	163	1
141	163	1
142	163	1
143	163	2
144	163	3
145	163	2
146	163	2
147	163	1
151	163	2
152	163	3
153	163	2
154	163	2
155	163	1
157	163	3
158	163	4
159	163	1
160	163	4
161	163	7
162	163	15
1	164	1
5	164	1
7	164	1
9	164	2
10	164	2
21	164	2
22	164	1
23	164	1
28	164	1
32	164	2
41	164	1
56	164	1
71	164	1
95	164	2
97	164	1
99	164	1
100	164	1
101	164	4
106	164	1
108	164	1
109	164	1
111	164	1
112	164	1
113	164	2
114	164	2
115	164	2
118	164	1
121	164	1
122	164	2
125	164	2
128	164	1
132	164	1
134	164	3
135	164	3
137	164	2
138	164	2
141	164	1
142	164	2
144	164	3
145	164	2
146	164	2
147	164	1
148	164	2
150	164	2
151	164	6
153	164	1
155	164	2
156	164	2
157	164	1
158	164	1
161	164	6
162	164	4
163	164	24
8	165	2
11	165	1
15	165	1
24	165	1
25	165	1
27	165	1
28	165	1
46	165	1
47	165	1
52	165	1
53	165	1
63	165	1
95	165	1
96	165	1
97	165	1
100	165	3
101	165	2
103	165	2
104	165	2
105	165	1
106	165	2
107	165	1
108	165	3
110	165	2
111	165	3
113	165	1
114	165	1
117	165	2
118	165	3
119	165	1
120	165	1
121	165	2
122	165	1
123	165	1
125	165	2
128	165	1
129	165	1
130	165	1
131	165	1
133	165	2
134	165	4
135	165	2
136	165	1
138	165	2
141	165	1
142	165	1
143	165	2
146	165	1
147	165	1
148	165	4
149	165	1
150	165	1
151	165	2
152	165	3
153	165	2
154	165	2
155	165	6
156	165	4
157	165	1
158	165	5
159	165	3
160	165	2
161	165	10
162	165	16
163	165	11
164	165	18
10	166	2
11	166	1
12	166	1
16	166	3
17	166	1
20	166	1
21	166	1
22	166	1
24	166	1
25	166	1
26	166	1
27	166	1
28	166	1
29	166	1
32	166	1
42	166	1
47	166	1
48	166	1
51	166	1
52	166	1
53	166	2
54	166	1
55	166	1
56	166	1
64	166	1
70	166	1
94	166	1
96	166	1
98	166	1
99	166	2
102	166	1
103	166	3
104	166	2
106	166	3
107	166	1
108	166	3
109	166	2
111	166	2
112	166	4
113	166	1
114	166	2
116	166	1
117	166	1
118	166	1
120	166	1
121	166	2
122	166	1
123	166	3
124	166	1
125	166	2
126	166	4
129	166	5
132	166	1
133	166	1
138	166	2
140	166	1
142	166	1
143	166	2
144	166	1
145	166	2
146	166	2
147	166	1
148	166	1
149	166	6
150	166	1
151	166	3
152	166	2
153	166	1
154	166	3
155	166	4
156	166	5
157	166	6
158	166	4
159	166	3
160	166	7
161	166	9
162	166	5
163	166	4
164	166	3
165	166	28
4	167	1
5	167	1
11	167	1
13	167	4
14	167	2
28	167	2
34	167	1
38	167	1
39	167	1
40	167	2
48	167	1
50	167	1
51	167	1
52	167	2
54	167	1
58	167	1
61	167	1
71	167	1
94	167	3
95	167	1
97	167	2
99	167	2
100	167	1
104	167	1
108	167	3
110	167	3
111	167	2
112	167	1
113	167	5
114	167	1
118	167	2
119	167	3
120	167	1
122	167	1
123	167	4
124	167	4
125	167	2
126	167	2
127	167	2
128	167	1
130	167	1
131	167	1
132	167	4
133	167	1
139	167	2
140	167	3
142	167	1
143	167	3
145	167	2
146	167	4
147	167	1
148	167	2
149	167	3
150	167	1
152	167	1
153	167	3
154	167	2
155	167	1
156	167	4
157	167	4
158	167	3
159	167	6
160	167	10
161	167	4
162	167	3
163	167	5
164	167	4
165	167	23
166	167	38
12	168	1
20	168	1
21	168	1
27	168	1
29	168	1
30	168	1
35	168	1
40	168	2
41	168	1
45	168	1
50	168	1
51	168	2
52	168	2
56	168	1
61	168	1
69	168	1
94	168	1
95	168	1
96	168	1
102	168	2
104	168	1
106	168	1
107	168	1
108	168	2
109	168	2
110	168	2
114	168	1
115	168	1
116	168	3
117	168	1
119	168	4
121	168	1
122	168	1
123	168	1
124	168	3
125	168	1
126	168	5
127	168	1
129	168	1
130	168	3
131	168	2
132	168	1
133	168	1
136	168	1
138	168	1
141	168	1
143	168	3
144	168	2
146	168	1
147	168	1
148	168	4
150	168	1
152	168	2
153	168	2
154	168	4
156	168	3
157	168	1
158	168	1
159	168	4
160	168	3
161	168	2
162	168	3
163	168	2
164	168	7
165	168	9
166	168	11
167	168	21
2	169	1
8	169	2
17	169	1
22	169	1
24	169	1
25	169	1
32	169	1
35	169	1
43	169	2
45	169	1
47	169	1
51	169	1
54	169	1
63	169	1
98	169	1
101	169	1
103	169	1
104	169	1
105	169	1
109	169	1
111	169	2
115	169	2
119	169	1
120	169	2
121	169	1
126	169	1
132	169	1
133	169	1
134	169	2
137	169	1
139	169	1
142	169	1
143	169	1
144	169	1
145	169	1
146	169	2
147	169	1
148	169	3
149	169	2
150	169	1
152	169	1
154	169	3
155	169	2
156	169	1
159	169	1
160	169	3
162	169	2
163	169	1
164	169	2
165	169	8
166	169	4
167	169	9
168	169	22
6	170	1
10	170	1
12	170	1
19	170	1
21	170	2
29	170	2
33	170	1
38	170	1
40	170	1
51	170	2
55	170	1
94	170	1
95	170	1
96	170	2
97	170	1
98	170	1
101	170	1
103	170	1
104	170	1
108	170	1
110	170	1
113	170	1
114	170	1
117	170	1
127	170	1
128	170	1
133	170	1
134	170	2
139	170	2
140	170	1
142	170	1
143	170	2
144	170	1
145	170	2
146	170	1
147	170	1
150	170	1
151	170	1
153	170	2
154	170	2
155	170	2
156	170	2
157	170	1
161	170	1
162	170	1
163	170	2
164	170	3
165	170	3
166	170	4
167	170	3
168	170	9
169	170	24
6	171	1
7	171	1
8	171	1
9	171	1
10	171	1
15	171	1
16	171	1
49	171	1
55	171	2
62	171	1
101	171	1
102	171	1
103	171	1
110	171	1
113	171	1
114	171	1
121	171	3
125	171	1
128	171	1
136	171	1
137	171	1
138	171	1
142	171	1
143	171	2
146	171	1
147	171	2
148	171	1
149	171	1
151	171	1
155	171	1
156	171	1
157	171	1
159	171	1
160	171	1
161	171	2
163	171	2
165	171	1
166	171	2
167	171	1
168	171	1
169	171	3
170	171	7
5	172	1
8	172	1
9	172	1
10	172	1
18	172	1
25	172	1
28	172	1
33	172	2
40	172	1
48	172	2
61	172	1
63	172	2
66	172	1
95	172	1
96	172	1
105	172	1
111	172	1
113	172	2
114	172	1
115	172	1
116	172	1
120	172	1
123	172	1
139	172	3
144	172	2
146	172	2
150	172	1
152	172	4
157	172	2
158	172	1
161	172	1
162	172	1
163	172	1
164	172	3
165	172	1
166	172	2
167	172	2
168	172	3
169	172	4
170	172	6
171	172	10
11	173	2
17	173	1
18	173	2
19	173	1
20	173	1
26	173	1
28	173	1
32	173	1
37	173	1
40	173	1
41	173	1
43	173	1
48	173	1
51	173	2
55	173	1
59	173	1
61	173	1
68	173	1
69	173	1
94	173	1
95	173	2
98	173	1
101	173	1
102	173	1
103	173	1
111	173	1
116	173	1
117	173	1
118	173	1
132	173	1
133	173	1
135	173	1
138	173	1
139	173	1
141	173	1
143	173	1
144	173	3
145	173	1
148	173	1
149	173	1
150	173	1
152	173	1
154	173	1
157	173	1
159	173	2
160	173	1
161	173	1
162	173	2
164	173	2
165	173	2
166	173	2
167	173	1
168	173	4
169	173	7
170	173	5
171	173	6
172	173	22
2	174	1
11	174	1
12	174	1
16	174	1
20	174	2
25	174	1
26	174	1
28	174	1
33	174	1
35	174	1
42	174	1
45	174	1
49	174	2
51	174	1
53	174	1
55	174	1
56	174	1
60	174	1
98	174	2
99	174	1
103	174	1
104	174	1
107	174	2
108	174	1
109	174	1
110	174	1
113	174	2
114	174	1
117	174	1
118	174	2
120	174	2
121	174	1
122	174	1
123	174	1
131	174	1
132	174	1
134	174	1
135	174	1
138	174	2
139	174	1
142	174	1
144	174	1
146	174	1
147	174	1
148	174	1
149	174	1
151	174	2
153	174	1
154	174	3
155	174	1
156	174	3
157	174	1
158	174	3
159	174	1
162	174	2
165	174	1
166	174	5
167	174	2
168	174	2
169	174	3
170	174	3
171	174	4
172	174	6
173	174	16
21	175	2
24	175	1
31	175	1
36	175	1
41	175	1
42	175	1
45	175	1
51	175	1
52	175	1
54	175	1
55	175	1
56	175	1
95	175	2
96	175	1
102	175	1
103	175	1
107	175	1
110	175	3
112	175	2
113	175	2
115	175	1
117	175	1
119	175	1
121	175	1
124	175	1
128	175	1
131	175	2
132	175	1
133	175	1
134	175	1
136	175	1
138	175	1
141	175	1
142	175	1
143	175	1
146	175	3
148	175	2
149	175	1
150	175	1
152	175	2
153	175	1
157	175	1
158	175	1
161	175	3
162	175	1
164	175	1
165	175	1
166	175	1
167	175	1
168	175	3
169	175	1
170	175	4
171	175	4
172	175	4
173	175	8
174	175	11
25	176	1
33	176	1
37	176	1
41	176	1
48	176	1
51	176	1
53	176	1
63	176	1
94	176	1
100	176	1
103	176	1
113	176	1
114	176	1
116	176	1
118	176	1
129	176	2
132	176	1
144	176	1
151	176	2
156	176	1
159	176	1
162	176	2
163	176	1
164	176	2
165	176	2
166	176	1
167	176	1
169	176	2
170	176	1
171	176	1
172	176	4
173	176	6
174	176	3
175	176	9
5	177	1
9	177	1
24	177	1
28	177	2
49	177	1
50	177	1
51	177	1
94	177	1
129	177	1
135	177	1
140	177	1
145	177	1
146	177	1
151	177	1
154	177	1
165	177	1
166	177	1
167	177	1
168	177	1
170	177	2
172	177	1
173	177	2
174	177	1
175	177	3
176	177	3
8	178	1
24	178	1
30	178	1
100	178	1
111	178	1
114	178	1
116	178	1
135	178	1
142	178	1
144	178	1
150	178	2
160	178	2
164	178	2
167	178	1
173	178	1
174	178	2
175	178	2
176	178	3
177	178	4
1	179	1
5	179	1
6	179	1
7	179	2
11	179	1
15	179	1
22	179	1
51	179	1
107	179	2
109	179	2
110	179	1
134	179	1
136	179	1
137	179	1
140	179	1
141	179	1
144	179	1
150	179	1
151	179	1
165	179	1
170	179	1
172	179	4
173	179	1
177	179	4
178	179	10
2	180	1
3	180	1
5	180	3
18	180	1
25	180	1
32	180	1
44	180	1
54	180	1
61	180	1
94	180	1
109	180	1
111	180	1
126	180	1
136	180	1
138	180	1
143	180	2
146	180	2
151	180	1
163	180	1
165	180	1
172	180	1
173	180	1
176	180	4
177	180	2
178	180	2
179	180	23
1	181	1
45	181	1
107	181	1
114	181	1
115	181	1
140	181	1
156	181	1
172	181	1
177	181	1
179	181	1
180	181	4
