1	2	39
1	3	6
2	3	11
1	4	7
2	4	12
3	4	38
1	5	8
2	5	10
3	5	13
4	5	36
1	6	5
2	6	20
3	6	2
4	6	13
5	6	25
1	7	2
2	7	6
4	7	5
5	7	11
6	7	45
1	8	4
2	8	1
3	8	2
4	8	4
5	8	5
6	8	13
7	8	37
1	9	4
2	9	5
3	9	1
4	9	5
5	9	8
6	9	9
7	9	24
8	9	36
1	10	1
2	10	3
3	10	1
4	10	2
5	10	4
6	10	3
7	10	10
8	10	16
9	10	60
1	11	2
2	11	2
3	11	4
4	11	6
5	11	3
6	11	8
7	11	11
8	11	16
9	11	29
10	11	22
1	12	1
2	12	6
3	12	4
4	12	5
5	12	2
6	12	5
7	12	5
8	12	11
9	12	7
10	12	10
11	12	30
1	13	3
2	13	1
3	13	4
4	13	2
5	13	5
6	13	7
7	13	4
8	13	5
9	13	9
10	13	11
11	13	13
12	13	25
1	14	4
2	14	6
3	14	6
4	14	5
5	14	7
6	14	4
7	14	2
8	14	6
9	14	2
10	14	8
11	14	8
12	14	24
13	14	19
1	15	2
2	15	1
4	15	2
5	15	4
6	15	5
7	15	1
8	15	2
10	15	1
11	15	5
12	15	5
13	15	3
14	15	16
2	16	1
3	16	5
4	16	2
5	16	4
6	16	3
7	16	2
8	16	2
9	16	8
10	16	1
11	16	2
12	16	13
13	16	7
14	16	15
15	16	19
2	17	1
3	17	2
4	17	4
5	17	3
6	17	3
7	17	4
8	17	3
9	17	4
10	17	5
11	17	6
12	17	7
13	17	8
14	17	11
15	17	18
16	17	25
2	18	3
3	18	2
4	18	1
5	18	3
6	18	5
7	18	3
8	18	4
9	18	7
10	18	4
11	18	1
12	18	4
13	18	4
14	18	6
15	18	1
16	18	12
17	18	19
1	19	3
2	19	3
3	19	1
4	19	2
5	19	1
6	19	4
7	19	4
8	19	2
9	19	5
10	19	1
11	19	3
12	19	5
13	19	4
14	19	6
15	19	1
16	19	3
17	19	9
18	19	26
1	20	4
5	20	2
6	20	2
7	20	2
8	20	2
9	20	1
11	20	3
12	20	6
13	20	6
14	20	2
16	20	4
17	20	7
18	20	7
19	20	28
1	21	1
2	21	3
3	21	1
5	21	3
6	21	4
7	21	2
8	21	2
10	21	2
11	21	2
12	21	3
13	21	4
15	21	3
16	21	4
17	21	9
18	21	9
19	21	7
20	21	15
1	22	3
2	22	1
4	22	1
6	22	3
7	22	1
8	22	3
9	22	1
10	22	2
11	22	3
12	22	3
13	22	2
14	22	1
15	22	1
16	22	9
17	22	5
18	22	2
19	22	7
20	22	12
21	22	22
1	23	1
2	23	3
4	23	1
5	23	2
6	23	2
7	23	2
8	23	4
9	23	1
10	23	3
11	23	3
12	23	3
14	23	2
15	23	2
16	23	3
17	23	4
18	23	9
19	23	7
20	23	14
21	23	20
22	23	35
2	24	3
4	24	5
5	24	5
6	24	2
7	24	1
8	24	1
9	24	2
10	24	2
12	24	2
13	24	2
14	24	1
16	24	3
17	24	1
18	24	4
19	24	6
20	24	8
21	24	12
22	24	19
23	24	24
2	25	1
5	25	2
6	25	4
7	25	1
9	25	2
10	25	3
11	25	1
13	25	2
14	25	4
16	25	1
18	25	1
19	25	3
20	25	4
22	25	10
23	25	8
24	25	19
1	26	1
2	26	1
3	26	2
5	26	1
6	26	2
7	26	2
8	26	2
9	26	3
11	26	1
12	26	1
13	26	2
15	26	2
16	26	2
17	26	2
18	26	1
19	26	4
20	26	1
21	26	1
22	26	4
23	26	4
24	26	11
25	26	16
1	27	2
2	27	1
3	27	1
4	27	3
5	27	2
6	27	4
7	27	1
8	27	2
9	27	3
10	27	3
11	27	3
12	27	4
13	27	3
14	27	1
15	27	2
16	27	2
17	27	3
18	27	1
19	27	4
20	27	2
21	27	3
22	27	8
23	27	2
24	27	5
25	27	8
26	27	27
3	28	1
4	28	2
5	28	4
6	28	5
7	28	3
8	28	2
9	28	1
10	28	1
11	28	2
13	28	5
14	28	4
15	28	2
16	28	2
17	28	6
18	28	5
19	28	5
20	28	2
21	28	5
22	28	5
23	28	4
24	28	4
25	28	5
26	28	12
27	28	27
1	29	2
2	29	1
4	29	1
6	29	1
7	29	1
8	29	1
12	29	1
14	29	1
15	29	2
17	29	1
21	29	1
23	29	3
24	29	4
25	29	2
26	29	1
27	29	1
28	29	14
2	30	1
3	30	1
5	30	1
9	30	1
11	30	1
12	30	1
14	30	2
15	30	1
18	30	2
21	30	1
28	30	2
8	31	1
16	31	1
30	31	1
1	38	2
2	38	2
4	38	1
5	38	2
6	38	2
7	38	3
8	38	2
9	38	1
12	38	1
14	38	3
15	38	1
16	38	6
17	38	1
18	38	4
19	38	1
20	38	1
22	38	1
23	38	1
25	38	3
26	38	1
28	38	1
29	38	1
30	38	1
31	38	1
2	39	3
3	39	1
4	39	2
5	39	1
6	39	3
7	39	2
10	39	2
12	39	1
14	39	2
16	39	1
18	39	2
19	39	2
20	39	3
21	39	2
22	39	3
23	39	3
24	39	1
25	39	3
26	39	3
27	39	3
28	39	8
38	39	19
1	40	1
3	40	2
4	40	1
5	40	2
7	40	2
8	40	1
13	40	1
14	40	3
15	40	1
16	40	1
17	40	2
18	40	2
19	40	1
22	40	1
23	40	1
25	40	1
26	40	1
27	40	2
28	40	3
38	40	22
39	40	14
2	41	2
3	41	1
4	41	1
5	41	2
6	41	1
7	41	2
9	41	2
10	41	1
12	41	1
13	41	1
14	41	1
15	41	1
16	41	1
17	41	1
18	41	2
21	41	2
23	41	2
24	41	3
25	41	2
27	41	5
28	41	2
38	41	12
39	41	8
40	41	20
1	42	1
2	42	2
3	42	1
4	42	2
5	42	1
6	42	2
7	42	1
9	42	3
10	42	4
12	42	1
13	42	1
14	42	1
16	42	1
18	42	2
19	42	2
20	42	5
22	42	2
23	42	2
25	42	1
26	42	3
27	42	2
28	42	2
38	42	3
39	42	9
40	42	5
41	42	26
2	43	3
3	43	4
4	43	1
5	43	1
6	43	4
7	43	3
9	43	5
10	43	1
11	43	1
12	43	2
13	43	3
14	43	2
15	43	1
16	43	2
17	43	1
18	43	3
19	43	1
20	43	2
21	43	1
22	43	2
23	43	2
24	43	2
26	43	1
27	43	1
29	43	1
38	43	2
39	43	9
40	43	8
41	43	16
42	43	40
2	44	2
5	44	2
6	44	2
8	44	3
9	44	2
11	44	1
12	44	1
13	44	1
16	44	2
17	44	1
18	44	2
19	44	3
20	44	1
22	44	2
23	44	1
24	44	2
25	44	1
26	44	2
27	44	3
28	44	2
31	44	1
38	44	5
39	44	1
40	44	6
41	44	8
42	44	10
43	44	46
3	45	1
5	45	2
6	45	1
7	45	2
8	45	1
9	45	2
10	45	2
12	45	3
16	45	1
18	45	1
19	45	3
20	45	1
21	45	3
22	45	2
23	45	1
26	45	2
28	45	1
38	45	5
39	45	2
40	45	3
41	45	2
42	45	1
43	45	12
44	45	13
3	46	1
5	46	1
7	46	3
8	46	1
9	46	2
11	46	4
14	46	4
16	46	1
18	46	2
19	46	1
21	46	4
23	46	1
24	46	1
25	46	1
26	46	2
27	46	2
28	46	2
38	46	1
39	46	2
40	46	7
41	46	12
42	46	5
43	46	8
44	46	18
45	46	26
2	47	1
3	47	2
5	47	2
6	47	1
9	47	4
13	47	3
14	47	2
15	47	1
16	47	3
17	47	1
19	47	2
21	47	1
22	47	2
23	47	1
24	47	1
27	47	1
28	47	1
38	47	5
39	47	5
40	47	4
41	47	6
42	47	3
43	47	4
44	47	7
45	47	22
46	47	33
2	48	1
5	48	2
6	48	2
7	48	1
8	48	2
9	48	4
11	48	1
12	48	1
13	48	2
14	48	1
17	48	1
18	48	1
19	48	2
22	48	1
23	48	4
24	48	2
26	48	2
27	48	2
28	48	2
38	48	2
39	48	2
40	48	2
41	48	5
42	48	1
43	48	4
44	48	10
45	48	6
46	48	17
47	48	20
1	49	1
4	49	1
5	49	3
6	49	3
7	49	1
8	49	1
9	49	3
10	49	1
11	49	1
12	49	1
13	49	1
17	49	1
18	49	2
20	49	1
21	49	1
22	49	1
23	49	2
24	49	1
26	49	2
27	49	1
28	49	2
31	49	1
38	49	1
39	49	1
40	49	2
41	49	3
42	49	5
43	49	2
44	49	7
45	49	6
46	49	7
47	49	17
48	49	38
2	50	3
3	50	2
4	50	4
5	50	2
6	50	2
9	50	3
11	50	1
12	50	3
13	50	1
14	50	1
15	50	1
16	50	2
18	50	1
21	50	1
22	50	2
23	50	1
24	50	2
25	50	2
28	50	3
29	50	1
30	50	1
38	50	4
39	50	4
40	50	1
41	50	5
42	50	2
43	50	1
44	50	4
45	50	5
46	50	7
47	50	12
48	50	19
49	50	27
1	51	1
2	51	2
3	51	2
6	51	2
7	51	1
9	51	1
10	51	1
11	51	1
12	51	2
13	51	2
14	51	2
15	51	2
17	51	6
18	51	2
21	51	4
24	51	2
27	51	1
29	51	1
39	51	1
40	51	3
41	51	3
43	51	2
44	51	3
45	51	5
46	51	7
47	51	7
48	51	10
49	51	11
50	51	26
1	52	1
3	52	2
7	52	2
8	52	4
9	52	1
13	52	2
14	52	1
15	52	3
16	52	1
19	52	1
20	52	1
23	52	1
24	52	1
27	52	1
28	52	1
30	52	1
39	52	2
42	52	2
43	52	1
44	52	2
45	52	3
46	52	6
47	52	2
48	52	6
49	52	11
50	52	14
51	52	27
4	53	1
5	53	3
6	53	1
7	53	1
8	53	1
11	53	2
12	53	1
13	53	1
14	53	1
15	53	1
16	53	1
19	53	1
24	53	1
25	53	2
28	53	1
30	53	4
38	53	3
39	53	3
42	53	2
44	53	2
45	53	1
46	53	1
47	53	4
48	53	4
49	53	6
50	53	16
51	53	17
52	53	31
1	54	1
3	54	2
4	54	4
11	54	2
12	54	3
14	54	3
15	54	2
16	54	1
17	54	2
18	54	2
19	54	1
20	54	2
22	54	1
23	54	1
24	54	1
25	54	1
28	54	2
38	54	2
39	54	1
40	54	4
41	54	1
43	54	3
44	54	1
45	54	4
46	54	4
47	54	1
48	54	6
49	54	6
50	54	12
51	54	12
52	54	18
53	54	47
4	55	2
5	55	1
7	55	2
8	55	2
11	55	1
13	55	1
15	55	1
17	55	3
18	55	1
19	55	2
22	55	1
24	55	1
25	55	1
26	55	1
27	55	1
29	55	1
31	55	1
38	55	1
39	55	2
41	55	4
42	55	2
44	55	1
46	55	3
47	55	2
48	55	2
49	55	6
50	55	11
51	55	12
52	55	11
53	55	18
54	55	24
3	56	3
4	56	2
6	56	1
12	56	1
14	56	7
16	56	2
17	56	2
23	56	2
25	56	1
28	56	1
38	56	5
40	56	1
41	56	2
42	56	1
44	56	2
45	56	3
46	56	4
47	56	3
48	56	3
49	56	6
50	56	10
51	56	13
52	56	11
53	56	17
54	56	14
55	56	28
1	57	1
2	57	1
3	57	3
4	57	1
5	57	4
6	57	1
7	57	1
9	57	1
10	57	1
11	57	1
12	57	1
13	57	2
15	57	1
16	57	3
17	57	1
20	57	1
23	57	1
27	57	1
28	57	1
38	57	1
39	57	3
40	57	4
41	57	4
42	57	1
43	57	2
44	57	2
45	57	1
46	57	4
47	57	1
49	57	3
50	57	10
51	57	9
52	57	14
53	57	7
54	57	13
55	57	25
56	57	29
1	58	2
3	58	4
4	58	2
5	58	1
6	58	1
8	58	1
9	58	3
12	58	4
13	58	2
15	58	1
17	58	2
18	58	1
19	58	2
20	58	1
22	58	2
27	58	5
28	58	1
29	58	1
30	58	1
38	58	2
39	58	4
40	58	4
42	58	3
43	58	1
44	58	2
45	58	3
46	58	4
47	58	3
48	58	7
49	58	7
50	58	7
51	58	9
52	58	4
53	58	7
54	58	9
55	58	7
56	58	15
57	58	25
1	59	1
3	59	1
6	59	1
8	59	2
9	59	1
11	59	2
13	59	2
14	59	2
15	59	1
16	59	1
18	59	1
20	59	1
25	59	2
26	59	3
27	59	1
28	59	2
38	59	4
39	59	1
40	59	1
41	59	1
42	59	5
43	59	3
44	59	3
45	59	1
46	59	3
47	59	4
48	59	3
49	59	6
50	59	2
51	59	7
52	59	6
53	59	1
54	59	4
55	59	6
56	59	9
57	59	12
58	59	46
2	60	2
3	60	1
5	60	1
7	60	1
8	60	1
9	60	2
10	60	1
11	60	1
13	60	1
14	60	2
18	60	1
19	60	1
20	60	2
22	60	2
38	60	2
40	60	2
41	60	1
44	60	3
45	60	2
46	60	2
47	60	2
48	60	2
49	60	6
50	60	3
53	60	3
54	60	3
55	60	1
56	60	3
57	60	11
58	60	20
59	60	23
1	61	1
2	61	1
5	61	2
6	61	1
8	61	2
9	61	2
10	61	1
11	61	2
16	61	3
20	61	3
21	61	3
22	61	1
23	61	1
24	61	1
25	61	3
26	61	2
38	61	2
40	61	2
41	61	3
42	61	1
43	61	1
44	61	2
45	61	4
47	61	3
48	61	1
49	61	5
50	61	5
51	61	3
52	61	5
53	61	6
54	61	3
55	61	6
56	61	2
57	61	11
58	61	11
59	61	16
60	61	29
2	62	3
3	62	2
4	62	1
5	62	1
6	62	2
7	62	1
8	62	3
9	62	3
13	62	2
14	62	2
15	62	2
16	62	1
18	62	1
20	62	1
22	62	1
25	62	1
26	62	2
27	62	1
28	62	1
29	62	1
38	62	2
39	62	1
40	62	1
41	62	2
42	62	2
44	62	1
45	62	3
46	62	1
48	62	5
49	62	1
50	62	1
51	62	1
52	62	2
53	62	7
54	62	3
55	62	2
56	62	8
57	62	5
58	62	11
59	62	5
60	62	9
61	62	20
4	63	2
5	63	3
6	63	2
7	63	2
8	63	3
9	63	1
10	63	1
11	63	1
12	63	2
13	63	1
14	63	2
15	63	1
18	63	1
19	63	2
20	63	1
22	63	1
23	63	2
25	63	1
26	63	1
38	63	1
39	63	1
40	63	1
41	63	3
42	63	2
43	63	2
45	63	3
46	63	3
47	63	2
48	63	5
49	63	1
50	63	1
51	63	3
53	63	1
54	63	3
55	63	2
56	63	7
58	63	4
59	63	5
60	63	8
61	63	10
62	63	33
3	64	1
4	64	2
5	64	1
6	64	1
8	64	1
9	64	2
10	64	2
12	64	1
13	64	1
15	64	2
16	64	1
21	64	1
23	64	1
24	64	1
26	64	1
27	64	1
38	64	1
39	64	1
40	64	2
41	64	3
42	64	2
43	64	3
45	64	1
47	64	3
50	64	2
51	64	2
52	64	4
53	64	2
54	64	1
55	64	1
56	64	3
57	64	3
58	64	7
59	64	5
60	64	6
61	64	10
62	64	18
63	64	33
2	65	2
3	65	2
4	65	2
5	65	1
6	65	3
8	65	2
10	65	2
11	65	1
13	65	2
14	65	1
15	65	2
16	65	2
17	65	1
18	65	1
19	65	2
21	65	2
22	65	1
27	65	1
28	65	1
38	65	1
39	65	1
40	65	2
41	65	1
43	65	2
45	65	2
46	65	3
47	65	3
48	65	2
50	65	2
52	65	2
53	65	3
54	65	3
55	65	1
56	65	3
57	65	2
58	65	3
59	65	6
60	65	7
61	65	9
62	65	9
63	65	21
64	65	29
1	66	1
4	66	2
6	66	3
8	66	3
9	66	3
10	66	1
11	66	1
15	66	2
16	66	3
17	66	2
18	66	1
19	66	1
20	66	1
21	66	1
22	66	1
23	66	3
25	66	2
26	66	2
27	66	1
28	66	3
39	66	2
40	66	2
41	66	1
42	66	3
43	66	3
44	66	1
46	66	3
47	66	2
48	66	2
49	66	4
50	66	3
52	66	3
53	66	3
54	66	2
55	66	2
56	66	2
57	66	2
58	66	3
59	66	10
60	66	5
61	66	7
62	66	4
63	66	8
64	66	14
65	66	27
2	67	3
4	67	4
8	67	1
9	67	1
10	67	1
11	67	1
12	67	1
13	67	3
16	67	1
18	67	1
19	67	3
22	67	2
23	67	3
24	67	1
27	67	2
28	67	2
39	67	2
40	67	2
41	67	2
42	67	1
43	67	4
44	67	1
45	67	1
46	67	1
48	67	1
49	67	2
50	67	2
52	67	2
53	67	3
54	67	5
55	67	1
56	67	4
57	67	1
58	67	2
59	67	2
60	67	4
61	67	3
62	67	5
63	67	6
64	67	7
65	67	10
66	67	31
1	68	1
2	68	1
3	68	2
4	68	1
7	68	1
8	68	2
10	68	2
11	68	1
12	68	1
13	68	2
17	68	1
18	68	1
19	68	1
22	68	2
24	68	1
26	68	2
28	68	1
29	68	1
30	68	1
38	68	2
39	68	1
40	68	2
41	68	2
42	68	1
43	68	3
44	68	4
45	68	1
49	68	1
50	68	2
51	68	3
52	68	1
53	68	1
58	68	1
59	68	3
60	68	2
61	68	2
62	68	2
63	68	8
64	68	5
65	68	4
66	68	13
67	68	30
2	69	2
5	69	3
6	69	2
9	69	1
10	69	2
11	69	1
13	69	1
15	69	1
17	69	3
19	69	1
21	69	2
22	69	2
23	69	4
24	69	2
25	69	1
27	69	1
28	69	2
29	69	1
38	69	1
39	69	5
40	69	1
41	69	1
42	69	2
43	69	1
44	69	2
45	69	2
46	69	3
47	69	6
48	69	4
49	69	2
51	69	1
52	69	2
58	69	1
59	69	5
60	69	5
61	69	3
62	69	2
63	69	4
64	69	7
65	69	5
66	69	18
67	69	16
68	69	30
3	70	1
4	70	1
5	70	1
7	70	1
9	70	2
11	70	1
16	70	1
17	70	3
21	70	1
22	70	1
23	70	1
24	70	1
25	70	2
27	70	2
28	70	1
30	70	1
38	70	3
39	70	1
40	70	2
41	70	2
42	70	1
44	70	3
45	70	1
46	70	3
47	70	1
48	70	1
49	70	1
50	70	1
52	70	3
53	70	1
54	70	2
55	70	2
56	70	3
57	70	2
58	70	2
59	70	1
60	70	1
61	70	3
62	70	3
63	70	1
64	70	7
65	70	6
66	70	7
67	70	5
68	70	4
69	70	16
2	71	1
3	71	2
4	71	3
5	71	1
6	71	1
7	71	1
10	71	1
11	71	1
12	71	1
13	71	3
16	71	1
17	71	1
19	71	1
21	71	1
22	71	1
23	71	1
27	71	1
28	71	1
38	71	4
42	71	1
45	71	3
46	71	1
47	71	3
48	71	1
49	71	1
51	71	1
52	71	2
54	71	1
55	71	3
56	71	1
57	71	5
58	71	1
60	71	5
61	71	5
62	71	2
64	71	2
65	71	3
66	71	2
67	71	3
68	71	6
69	71	8
70	71	16
2	72	1
3	72	3
5	72	2
13	72	1
14	72	1
18	72	2
19	72	1
25	72	1
28	72	1
39	72	1
41	72	3
42	72	2
43	72	1
47	72	4
49	72	2
50	72	2
52	72	1
53	72	3
54	72	4
55	72	3
56	72	1
57	72	3
58	72	1
59	72	2
60	72	1
61	72	4
62	72	4
63	72	2
64	72	1
65	72	5
66	72	2
67	72	2
68	72	1
69	72	3
70	72	11
71	72	17
1	73	1
2	73	1
3	73	1
4	73	1
5	73	2
6	73	1
8	73	1
10	73	1
12	73	1
13	73	5
15	73	1
16	73	1
18	73	1
21	73	2
22	73	1
23	73	1
29	73	1
38	73	2
40	73	3
41	73	3
42	73	2
43	73	1
46	73	3
47	73	1
48	73	1
49	73	1
51	73	1
52	73	5
53	73	1
54	73	2
55	73	3
56	73	1
57	73	8
58	73	1
59	73	2
61	73	2
62	73	5
63	73	1
64	73	3
65	73	3
66	73	8
67	73	3
68	73	4
69	73	1
70	73	6
71	73	10
72	73	32
1	74	1
3	74	2
7	74	1
8	74	1
9	74	1
10	74	1
11	74	2
13	74	2
14	74	1
15	74	3
18	74	1
19	74	1
20	74	1
23	74	1
24	74	1
29	74	1
30	74	1
38	74	1
39	74	1
40	74	2
41	74	1
42	74	3
45	74	1
46	74	4
47	74	1
48	74	3
49	74	2
50	74	1
51	74	1
52	74	3
53	74	2
54	74	3
55	74	1
56	74	1
57	74	2
58	74	3
59	74	1
60	74	2
62	74	3
63	74	2
64	74	4
65	74	3
66	74	6
67	74	5
68	74	2
69	74	5
70	74	5
71	74	12
72	74	17
73	74	32
3	75	1
4	75	1
7	75	1
9	75	2
10	75	2
13	75	2
14	75	1
15	75	1
17	75	2
18	75	1
21	75	3
22	75	1
27	75	1
30	75	1
40	75	1
41	75	2
42	75	1
44	75	2
45	75	1
46	75	2
47	75	3
49	75	2
50	75	4
51	75	1
52	75	1
53	75	1
54	75	3
55	75	5
56	75	3
57	75	5
59	75	1
60	75	2
61	75	3
62	75	3
63	75	6
64	75	1
65	75	2
66	75	3
67	75	2
68	75	2
69	75	6
70	75	8
71	75	15
72	75	19
73	75	15
74	75	24
1	76	1
2	76	1
3	76	2
5	76	1
9	76	2
12	76	1
14	76	4
15	76	1
16	76	1
18	76	1
23	76	1
24	76	2
27	76	1
31	76	1
38	76	2
44	76	1
45	76	2
47	76	1
49	76	1
50	76	1
51	76	2
52	76	2
54	76	2
55	76	7
56	76	1
57	76	1
58	76	2
59	76	1
60	76	3
61	76	5
62	76	4
63	76	6
64	76	4
65	76	2
66	76	2
67	76	1
68	76	5
69	76	4
70	76	4
71	76	7
72	76	14
73	76	11
74	76	16
75	76	25
2	77	1
3	77	2
5	77	1
8	77	1
9	77	1
10	77	1
11	77	1
12	77	1
14	77	1
15	77	1
16	77	2
17	77	3
18	77	3
21	77	1
22	77	2
24	77	1
25	77	1
28	77	2
30	77	3
38	77	3
40	77	1
43	77	1
44	77	1
46	77	2
47	77	1
48	77	1
50	77	3
52	77	1
53	77	2
54	77	4
55	77	5
56	77	7
57	77	1
58	77	3
60	77	1
61	77	4
62	77	1
63	77	3
64	77	7
65	77	2
66	77	1
69	77	3
70	77	6
71	77	11
72	77	6
73	77	5
74	77	14
75	77	17
76	77	28
1	78	1
3	78	3
4	78	2
5	78	1
7	78	2
10	78	1
11	78	2
12	78	1
15	78	1
20	78	1
21	78	2
23	78	1
24	78	2
28	78	1
38	78	1
39	78	2
41	78	2
43	78	1
44	78	1
47	78	4
49	78	1
50	78	1
51	78	2
52	78	1
53	78	3
54	78	1
55	78	2
56	78	4
57	78	3
58	78	1
59	78	1
61	78	2
62	78	4
63	78	3
64	78	2
65	78	4
66	78	3
67	78	3
68	78	2
69	78	4
70	78	2
71	78	11
72	78	7
73	78	8
74	78	15
75	78	14
76	78	12
77	78	34
2	79	1
3	79	2
4	79	2
5	79	2
8	79	3
9	79	1
10	79	3
11	79	2
13	79	1
14	79	2
17	79	2
18	79	1
22	79	1
24	79	1
27	79	1
29	79	1
30	79	1
39	79	2
40	79	1
41	79	1
45	79	3
46	79	3
47	79	2
48	79	4
49	79	1
50	79	5
51	79	1
53	79	2
54	79	5
55	79	2
56	79	5
57	79	1
58	79	1
59	79	2
60	79	1
61	79	2
62	79	1
63	79	2
64	79	3
65	79	2
66	79	7
67	79	2
68	79	2
69	79	7
70	79	13
71	79	11
72	79	14
73	79	16
74	79	17
75	79	11
76	79	18
77	79	27
78	79	30
1	80	1
2	80	4
4	80	1
5	80	3
9	80	2
10	80	1
11	80	2
18	80	1
19	80	1
20	80	2
21	80	2
25	80	1
27	80	1
28	80	1
29	80	1
31	80	1
38	80	3
39	80	2
40	80	2
41	80	1
42	80	1
43	80	1
44	80	2
45	80	4
46	80	3
47	80	1
48	80	2
49	80	1
50	80	1
51	80	4
52	80	2
53	80	1
54	80	1
55	80	3
56	80	1
58	80	1
59	80	2
60	80	1
61	80	4
62	80	1
63	80	2
65	80	1
66	80	5
67	80	7
68	80	4
69	80	4
70	80	6
71	80	7
72	80	3
73	80	2
74	80	2
75	80	6
76	80	4
77	80	7
78	80	10
79	80	16
2	81	2
3	81	1
4	81	2
5	81	1
7	81	1
10	81	1
11	81	2
13	81	2
16	81	2
18	81	1
21	81	1
26	81	1
27	81	1
28	81	2
29	81	1
30	81	2
38	81	2
41	81	1
42	81	1
44	81	1
45	81	3
46	81	3
47	81	1
48	81	1
49	81	1
50	81	3
51	81	2
52	81	2
53	81	1
54	81	2
55	81	4
56	81	5
57	81	5
58	81	3
59	81	1
60	81	4
61	81	5
62	81	2
63	81	3
64	81	2
65	81	2
66	81	1
67	81	1
69	81	3
70	81	4
71	81	6
72	81	2
73	81	10
74	81	3
75	81	3
76	81	9
77	81	10
78	81	10
79	81	20
80	81	25
1	82	1
3	82	1
4	82	2
5	82	1
8	82	1
10	82	1
12	82	1
13	82	2
14	82	1
16	82	2
21	82	1
27	82	3
30	82	1
38	82	1
39	82	2
40	82	1
41	82	2
43	82	1
44	82	2
45	82	1
46	82	2
49	82	2
50	82	3
51	82	3
52	82	1
53	82	1
54	82	4
55	82	2
56	82	4
57	82	5
58	82	4
59	82	4
61	82	3
62	82	3
63	82	3
64	82	4
67	82	1
69	82	2
70	82	4
71	82	6
72	82	3
73	82	4
74	82	4
75	82	6
76	82	8
77	82	6
78	82	12
79	82	8
80	82	26
81	82	39
1	83	2
2	83	2
3	83	1
4	83	1
5	83	1
6	83	2
8	83	2
10	83	1
11	83	1
12	83	1
13	83	2
14	83	2
16	83	2
17	83	3
18	83	1
20	83	1
21	83	1
23	83	1
24	83	1
25	83	1
27	83	1
28	83	1
30	83	1
38	83	2
39	83	1
40	83	2
42	83	1
43	83	2
44	83	1
45	83	1
47	83	4
48	83	1
49	83	1
50	83	2
51	83	3
52	83	2
54	83	2
56	83	3
57	83	5
59	83	4
60	83	2
61	83	2
62	83	2
63	83	1
64	83	2
65	83	3
67	83	1
69	83	3
70	83	2
71	83	3
72	83	7
73	83	1
74	83	1
75	83	4
76	83	7
77	83	3
78	83	8
79	83	12
80	83	23
81	83	18
82	83	18
1	84	2
3	84	1
5	84	1
6	84	1
9	84	1
11	84	1
20	84	1
21	84	1
22	84	1
26	84	2
27	84	1
28	84	1
38	84	3
39	84	1
40	84	2
42	84	1
43	84	1
45	84	3
46	84	1
48	84	3
49	84	2
50	84	3
51	84	2
52	84	1
53	84	2
54	84	1
55	84	1
57	84	1
58	84	1
60	84	1
61	84	1
62	84	2
63	84	4
64	84	1
65	84	3
67	84	3
68	84	3
69	84	3
70	84	3
71	84	1
72	84	1
74	84	3
76	84	1
77	84	4
78	84	4
79	84	5
80	84	5
81	84	12
82	84	9
83	84	26
8	85	3
9	85	2
13	85	1
16	85	1
17	85	1
19	85	1
20	85	3
22	85	1
26	85	1
27	85	1
28	85	1
38	85	3
40	85	1
41	85	2
43	85	2
44	85	4
46	85	1
49	85	2
50	85	4
51	85	3
53	85	1
56	85	1
57	85	2
59	85	1
60	85	2
61	85	1
62	85	1
63	85	7
64	85	6
65	85	2
66	85	5
67	85	4
68	85	2
69	85	7
70	85	1
71	85	2
72	85	4
73	85	1
74	85	1
75	85	2
76	85	2
77	85	1
78	85	1
79	85	3
80	85	9
81	85	8
82	85	10
83	85	17
84	85	20
1	86	1
4	86	2
5	86	1
6	86	1
9	86	2
12	86	1
14	86	1
15	86	1
16	86	2
17	86	1
18	86	3
19	86	1
28	86	4
40	86	1
41	86	1
43	86	2
44	86	1
45	86	2
46	86	2
47	86	3
48	86	1
49	86	4
52	86	1
53	86	1
54	86	1
56	86	1
57	86	1
58	86	1
59	86	1
60	86	3
61	86	3
62	86	4
63	86	2
64	86	4
65	86	1
66	86	5
67	86	2
68	86	3
69	86	3
70	86	4
71	86	3
72	86	2
73	86	4
74	86	1
75	86	2
78	86	5
79	86	3
80	86	6
81	86	8
82	86	9
83	86	12
84	86	26
85	86	40
2	87	1
3	87	2
7	87	2
9	87	2
13	87	2
14	87	2
15	87	1
17	87	2
19	87	1
20	87	1
23	87	2
24	87	1
27	87	1
28	87	1
29	87	1
38	87	2
39	87	2
40	87	1
41	87	1
45	87	2
46	87	1
47	87	1
48	87	2
49	87	3
50	87	3
51	87	1
54	87	1
55	87	1
57	87	1
64	87	4
65	87	2
66	87	2
68	87	2
70	87	1
71	87	1
72	87	2
73	87	1
74	87	3
75	87	1
76	87	4
77	87	1
78	87	2
79	87	4
80	87	4
81	87	3
82	87	7
83	87	7
84	87	13
85	87	20
86	87	28
1	88	1
8	88	1
14	88	1
16	88	1
17	88	1
19	88	2
21	88	1
23	88	1
26	88	1
28	88	1
39	88	1
41	88	2
42	88	1
43	88	4
44	88	2
45	88	4
46	88	1
47	88	1
48	88	1
52	88	1
54	88	1
57	88	1
63	88	1
65	88	2
66	88	3
67	88	2
68	88	5
69	88	2
70	88	1
72	88	1
74	88	1
75	88	2
76	88	1
77	88	1
78	88	2
79	88	3
80	88	2
81	88	1
82	88	1
83	88	2
84	88	3
85	88	14
86	88	6
87	88	16
1	89	1
2	89	1
4	89	1
5	89	1
9	89	2
10	89	2
14	89	3
16	89	1
17	89	1
19	89	2
21	89	1
24	89	2
27	89	1
28	89	2
38	89	4
40	89	2
42	89	4
43	89	1
45	89	1
47	89	1
49	89	1
52	89	1
54	89	3
56	89	2
57	89	1
59	89	2
60	89	1
63	89	1
64	89	1
65	89	1
67	89	2
69	89	2
70	89	1
71	89	4
72	89	1
73	89	3
74	89	2
75	89	2
77	89	1
78	89	1
79	89	3
80	89	3
82	89	1
83	89	4
84	89	4
85	89	3
86	89	9
87	89	8
88	89	27
2	90	1
3	90	1
4	90	1
5	90	1
8	90	1
10	90	1
12	90	3
14	90	2
16	90	2
17	90	1
21	90	1
22	90	2
23	90	1
24	90	1
25	90	2
26	90	1
27	90	1
38	90	1
39	90	1
40	90	1
42	90	1
44	90	1
45	90	1
46	90	1
47	90	3
48	90	1
49	90	1
50	90	1
51	90	2
53	90	1
54	90	1
55	90	1
56	90	1
58	90	2
59	90	1
60	90	1
62	90	3
63	90	2
64	90	2
65	90	1
66	90	1
67	90	2
68	90	1
69	90	2
71	90	2
72	90	3
73	90	1
74	90	1
75	90	1
76	90	3
77	90	2
78	90	2
80	90	2
81	90	2
82	90	3
83	90	2
84	90	5
85	90	1
86	90	3
87	90	7
88	90	14
89	90	15
2	91	2
4	91	3
7	91	1
8	91	1
10	91	2
12	91	3
16	91	3
18	91	2
20	91	2
23	91	1
24	91	3
26	91	1
38	91	2
41	91	2
43	91	1
44	91	1
45	91	4
47	91	1
48	91	2
49	91	1
50	91	1
51	91	1
52	91	1
54	91	1
55	91	1
57	91	1
59	91	1
60	91	2
61	91	2
62	91	2
64	91	1
65	91	1
66	91	1
67	91	2
68	91	2
69	91	2
70	91	1
71	91	1
74	91	4
75	91	1
76	91	1
77	91	4
78	91	2
79	91	1
80	91	1
81	91	2
82	91	1
83	91	2
84	91	3
85	91	4
86	91	7
87	91	5
88	91	4
89	91	15
90	91	22
4	92	2
5	92	1
8	92	2
12	92	1
15	92	1
16	92	2
17	92	1
19	92	1
24	92	1
26	92	2
27	92	4
28	92	2
39	92	1
41	92	2
42	92	2
43	92	1
46	92	2
48	92	3
49	92	1
52	92	2
53	92	1
55	92	1
56	92	2
58	92	1
62	92	3
63	92	2
65	92	1
66	92	1
69	92	3
70	92	1
71	92	2
72	92	2
75	92	2
76	92	1
77	92	1
78	92	1
79	92	1
80	92	3
81	92	2
82	92	1
83	92	1
84	92	2
86	92	1
87	92	4
88	92	5
89	92	11
90	92	8
91	92	25
4	93	1
6	93	1
8	93	2
9	93	1
10	93	2
12	93	1
19	93	1
20	93	1
23	93	1
25	93	1
26	93	1
28	93	1
39	93	3
41	93	1
43	93	1
46	93	1
47	93	2
48	93	1
49	93	2
51	93	1
52	93	1
53	93	2
58	93	2
59	93	2
60	93	1
61	93	3
62	93	1
63	93	1
67	93	1
68	93	2
70	93	1
71	93	1
73	93	1
74	93	1
77	93	1
79	93	2
80	93	2
81	93	1
82	93	1
83	93	2
84	93	1
85	93	3
86	93	1
87	93	8
88	93	5
89	93	4
90	93	1
91	93	12
92	93	15
7	94	1
8	94	2
9	94	1
13	94	2
14	94	3
15	94	1
21	94	1
23	94	2
24	94	2
26	94	1
27	94	1
38	94	1
39	94	1
40	94	1
41	94	2
42	94	1
45	94	1
46	94	1
48	94	2
52	94	1
53	94	1
55	94	1
60	94	2
61	94	2
62	94	1
63	94	1
64	94	1
65	94	1
66	94	1
67	94	1
68	94	3
69	94	1
70	94	1
73	94	1
74	94	2
78	94	1
79	94	3
81	94	1
82	94	1
85	94	2
86	94	2
87	94	9
88	94	2
89	94	10
90	94	6
91	94	7
92	94	22
93	94	38
1	95	2
2	95	1
3	95	2
11	95	1
13	95	2
16	95	1
21	95	2
23	95	1
25	95	1
26	95	2
27	95	1
39	95	2
40	95	1
41	95	1
43	95	1
45	95	1
48	95	2
49	95	1
50	95	1
51	95	2
53	95	1
54	95	1
57	95	1
58	95	1
60	95	1
61	95	2
64	95	3
65	95	2
66	95	1
67	95	2
68	95	1
69	95	5
71	95	1
72	95	2
73	95	2
75	95	3
76	95	1
77	95	1
79	95	1
80	95	1
83	95	1
84	95	1
85	95	2
86	95	4
87	95	5
88	95	6
89	95	2
90	95	7
91	95	3
92	95	13
93	95	20
94	95	24
1	96	2
4	96	1
9	96	2
10	96	2
12	96	1
13	96	1
14	96	1
15	96	1
22	96	1
24	96	1
25	96	1
26	96	2
27	96	1
28	96	1
29	96	1
38	96	1
40	96	1
42	96	2
43	96	1
48	96	3
49	96	1
50	96	1
52	96	1
58	96	3
59	96	4
60	96	1
61	96	1
62	96	1
63	96	1
66	96	2
68	96	1
69	96	2
70	96	1
73	96	2
74	96	1
75	96	1
79	96	2
80	96	3
81	96	1
82	96	2
83	96	4
84	96	3
85	96	2
86	96	4
87	96	2
88	96	2
89	96	4
90	96	2
91	96	8
92	96	10
93	96	10
94	96	22
95	96	38
1	97	1
6	97	1
7	97	1
8	97	2
9	97	3
10	97	3
12	97	2
14	97	1
17	97	1
18	97	1
19	97	2
20	97	1
22	97	2
25	97	1
26	97	1
28	97	2
29	97	1
39	97	1
42	97	2
43	97	1
45	97	2
46	97	1
47	97	2
48	97	2
50	97	1
51	97	1
52	97	1
54	97	1
56	97	2
57	97	1
58	97	3
59	97	1
61	97	1
63	97	1
66	97	2
68	97	3
69	97	1
70	97	2
73	97	2
77	97	1
78	97	1
79	97	1
80	97	1
81	97	1
82	97	2
83	97	2
84	97	3
85	97	2
86	97	1
87	97	1
88	97	2
89	97	4
90	97	2
91	97	3
92	97	8
93	97	7
94	97	10
95	97	8
96	97	18
3	98	2
4	98	1
5	98	1
11	98	1
14	98	1
16	98	1
17	98	2
19	98	1
21	98	1
22	98	1
24	98	1
26	98	1
27	98	1
39	98	3
43	98	2
46	98	1
47	98	1
48	98	2
49	98	2
50	98	2
53	98	1
54	98	2
55	98	1
57	98	1
60	98	1
61	98	1
63	98	3
64	98	2
65	98	1
67	98	1
68	98	1
69	98	3
70	98	2
71	98	1
72	98	2
74	98	2
75	98	1
78	98	1
80	98	3
82	98	2
83	98	4
84	98	1
85	98	3
86	98	6
87	98	2
88	98	2
89	98	2
90	98	3
91	98	4
92	98	1
93	98	2
94	98	11
95	98	10
96	98	11
97	98	22
2	99	1
3	99	3
5	99	1
8	99	2
10	99	3
12	99	1
13	99	2
15	99	1
16	99	1
18	99	1
19	99	1
22	99	1
23	99	3
27	99	1
28	99	1
38	99	1
39	99	2
40	99	1
41	99	2
43	99	1
45	99	1
46	99	3
47	99	2
48	99	1
50	99	1
51	99	1
52	99	1
53	99	1
55	99	2
56	99	2
58	99	2
63	99	3
64	99	1
65	99	1
68	99	1
69	99	1
70	99	1
71	99	1
72	99	1
73	99	2
74	99	2
75	99	3
76	99	2
77	99	4
79	99	2
80	99	2
81	99	1
82	99	1
83	99	3
84	99	4
85	99	3
86	99	4
87	99	2
89	99	4
90	99	1
91	99	5
92	99	2
95	99	2
96	99	3
97	99	12
98	99	23
2	100	1
4	100	2
5	100	2
7	100	1
8	100	2
10	100	2
11	100	2
12	100	1
14	100	1
16	100	2
21	100	2
22	100	1
26	100	2
29	100	1
39	100	1
43	100	2
45	100	2
46	100	2
47	100	1
48	100	1
50	100	1
51	100	4
52	100	1
53	100	1
54	100	3
55	100	2
57	100	3
58	100	6
59	100	2
60	100	1
61	100	4
62	100	2
63	100	1
64	100	3
66	100	2
67	100	1
68	100	3
69	100	1
71	100	2
72	100	3
75	100	4
76	100	3
77	100	2
79	100	2
80	100	2
81	100	4
82	100	4
83	100	4
84	100	2
85	100	6
86	100	1
87	100	6
88	100	4
89	100	2
91	100	1
92	100	1
93	100	2
94	100	3
95	100	2
96	100	2
97	100	10
98	100	20
99	100	64
3	101	2
4	101	2
5	101	1
12	101	1
14	101	1
15	101	1
17	101	1
18	101	1
19	101	1
21	101	1
24	101	1
38	101	1
41	101	1
44	101	1
45	101	1
48	101	2
49	101	1
50	101	1
52	101	3
53	101	1
54	101	1
55	101	1
57	101	3
58	101	1
59	101	1
61	101	1
62	101	1
63	101	3
66	101	1
67	101	1
69	101	1
70	101	3
71	101	1
72	101	4
74	101	2
75	101	4
76	101	2
77	101	1
78	101	1
80	101	2
81	101	5
82	101	2
83	101	7
84	101	1
85	101	2
86	101	1
87	101	3
90	101	3
91	101	1
92	101	1
93	101	1
94	101	2
96	101	3
97	101	7
98	101	11
99	101	20
100	101	37
4	102	1
5	102	2
8	102	1
9	102	1
10	102	1
11	102	2
13	102	1
14	102	1
15	102	1
16	102	1
17	102	3
19	102	1
25	102	1
26	102	1
27	102	2
38	102	1
39	102	1
45	102	1
46	102	1
47	102	4
48	102	1
49	102	1
50	102	1
51	102	1
52	102	1
53	102	2
54	102	1
55	102	1
56	102	1
57	102	1
58	102	2
61	102	1
64	102	1
65	102	1
66	102	3
67	102	2
68	102	1
70	102	1
71	102	1
72	102	5
73	102	3
74	102	2
76	102	2
77	102	1
78	102	1
79	102	4
80	102	1
81	102	3
82	102	3
83	102	2
84	102	5
85	102	6
86	102	2
87	102	4
88	102	1
89	102	3
90	102	2
91	102	3
92	102	1
93	102	1
96	102	5
97	102	7
98	102	11
99	102	14
100	102	10
101	102	30
2	103	1
3	103	1
4	103	1
6	103	2
7	103	1
8	103	2
9	103	1
12	103	1
14	103	3
20	103	1
22	103	1
39	103	2
41	103	1
44	103	1
45	103	1
46	103	2
47	103	1
48	103	2
49	103	4
52	103	3
53	103	1
54	103	1
55	103	2
56	103	1
59	103	1
60	103	1
61	103	2
62	103	2
63	103	1
64	103	1
65	103	1
67	103	3
69	103	3
70	103	4
71	103	1
72	103	2
74	103	2
75	103	1
77	103	2
79	103	4
80	103	2
81	103	1
82	103	3
83	103	1
84	103	3
85	103	3
86	103	7
87	103	3
88	103	4
89	103	2
90	103	1
91	103	1
92	103	2
93	103	6
95	103	3
96	103	1
97	103	6
98	103	6
99	103	8
100	103	15
101	103	9
102	103	18
3	104	2
6	104	1
8	104	1
9	104	3
10	104	3
13	104	2
14	104	1
15	104	1
16	104	1
19	104	1
25	104	2
26	104	1
29	104	1
38	104	1
39	104	2
40	104	2
41	104	2
43	104	1
44	104	4
46	104	2
47	104	1
49	104	2
51	104	1
52	104	1
53	104	5
54	104	2
55	104	1
56	104	2
57	104	1
58	104	2
59	104	1
61	104	3
63	104	4
64	104	2
66	104	1
67	104	4
69	104	1
70	104	1
71	104	1
72	104	1
74	104	3
75	104	5
77	104	3
79	104	1
80	104	3
81	104	3
82	104	3
83	104	3
84	104	2
85	104	6
87	104	3
88	104	1
89	104	3
90	104	2
91	104	2
93	104	2
94	104	2
95	104	1
96	104	3
97	104	6
98	104	5
99	104	13
100	104	13
101	104	11
102	104	9
103	104	38
2	105	1
5	105	2
8	105	1
11	105	1
14	105	1
18	105	1
27	105	1
40	105	1
42	105	1
45	105	2
48	105	1
53	105	1
55	105	2
56	105	1
60	105	1
61	105	2
63	105	1
64	105	1
67	105	2
68	105	2
69	105	2
70	105	3
73	105	1
75	105	3
76	105	2
77	105	3
80	105	1
81	105	2
84	105	3
85	105	4
86	105	2
87	105	2
89	105	1
90	105	1
93	105	1
95	105	4
97	105	3
98	105	6
99	105	7
100	105	6
101	105	3
102	105	8
103	105	11
104	105	25
1	106	1
2	106	2
6	106	2
7	106	1
9	106	3
11	106	2
17	106	1
18	106	2
21	106	1
24	106	2
26	106	2
27	106	1
28	106	1
38	106	3
39	106	1
40	106	1
42	106	2
43	106	2
44	106	1
45	106	2
46	106	1
47	106	2
48	106	2
49	106	1
50	106	2
52	106	1
53	106	1
54	106	1
55	106	2
56	106	1
57	106	2
58	106	3
59	106	3
60	106	1
61	106	5
62	106	1
63	106	2
65	106	6
66	106	1
67	106	1
68	106	1
69	106	1
70	106	1
71	106	1
73	106	1
74	106	1
76	106	4
77	106	1
78	106	2
79	106	3
80	106	2
81	106	1
82	106	2
83	106	4
84	106	2
85	106	1
86	106	1
87	106	5
88	106	1
89	106	2
91	106	2
92	106	2
93	106	6
94	106	2
95	106	3
96	106	3
98	106	5
99	106	2
100	106	2
101	106	3
102	106	11
103	106	13
104	106	20
105	106	31
2	107	1
5	107	2
10	107	1
11	107	1
13	107	1
16	107	1
20	107	1
21	107	1
26	107	1
28	107	1
29	107	1
38	107	1
39	107	1
40	107	3
41	107	3
43	107	2
44	107	1
45	107	1
47	107	2
50	107	2
51	107	1
52	107	1
53	107	1
54	107	2
55	107	1
59	107	1
61	107	1
62	107	6
63	107	2
64	107	1
65	107	1
68	107	1
69	107	3
70	107	1
71	107	2
72	107	1
73	107	2
74	107	1
75	107	1
76	107	2
77	107	3
79	107	1
80	107	1
81	107	2
82	107	2
83	107	2
84	107	2
85	107	2
87	107	3
91	107	1
92	107	2
94	107	4
95	107	1
96	107	1
99	107	2
100	107	2
101	107	4
102	107	4
103	107	7
104	107	7
105	107	12
106	107	42
2	108	1
3	108	2
5	108	3
6	108	1
9	108	1
12	108	1
13	108	3
15	108	1
16	108	2
17	108	1
19	108	1
20	108	1
22	108	1
26	108	1
28	108	1
30	108	1
40	108	2
43	108	1
44	108	1
46	108	2
47	108	3
48	108	2
49	108	1
50	108	1
51	108	2
52	108	2
55	108	1
56	108	1
57	108	1
58	108	4
59	108	1
61	108	2
62	108	1
63	108	2
64	108	2
65	108	2
66	108	2
69	108	1
70	108	2
73	108	1
74	108	3
75	108	1
77	108	2
78	108	3
79	108	2
80	108	4
81	108	3
82	108	1
83	108	3
84	108	1
85	108	1
86	108	1
87	108	1
89	108	2
90	108	2
91	108	2
92	108	1
94	108	2
95	108	2
96	108	3
97	108	1
98	108	5
100	108	2
101	108	5
102	108	2
103	108	6
104	108	9
105	108	7
106	108	30
107	108	31
1	109	1
4	109	1
5	109	2
6	109	2
8	109	1
10	109	3
11	109	1
14	109	1
16	109	1
19	109	1
23	109	1
25	109	1
28	109	1
29	109	1
31	109	1
38	109	2
39	109	1
40	109	1
42	109	1
43	109	1
46	109	1
49	109	1
50	109	2
51	109	1
53	109	2
54	109	1
59	109	3
61	109	1
63	109	3
64	109	2
65	109	1
66	109	1
68	109	2
69	109	1
70	109	3
71	109	1
72	109	1
74	109	1
77	109	1
79	109	1
80	109	2
81	109	2
82	109	1
84	109	1
85	109	1
87	109	4
88	109	3
89	109	3
90	109	1
91	109	2
92	109	2
94	109	3
95	109	1
96	109	3
97	109	2
98	109	3
99	109	3
100	109	4
101	109	1
102	109	1
103	109	5
104	109	6
105	109	6
106	109	7
107	109	21
108	109	26
1	110	2
4	110	2
5	110	1
6	110	3
7	110	1
10	110	1
11	110	1
12	110	3
13	110	1
15	110	2
18	110	1
19	110	1
24	110	1
27	110	1
39	110	3
42	110	1
43	110	1
44	110	2
45	110	1
46	110	1
48	110	3
50	110	1
51	110	1
54	110	3
56	110	1
57	110	1
59	110	1
61	110	2
63	110	1
64	110	1
65	110	2
67	110	1
68	110	2
70	110	2
71	110	1
75	110	1
76	110	3
77	110	1
79	110	1
80	110	2
81	110	1
83	110	2
84	110	1
85	110	1
86	110	1
87	110	4
88	110	3
89	110	2
90	110	2
91	110	2
92	110	2
93	110	1
94	110	5
95	110	3
96	110	3
97	110	2
98	110	2
99	110	2
100	110	1
101	110	1
102	110	3
103	110	3
104	110	6
105	110	3
106	110	7
107	110	5
108	110	8
109	110	43
1	111	1
4	111	1
9	111	1
16	111	3
17	111	1
21	111	3
24	111	1
25	111	1
28	111	1
29	111	1
39	111	1
42	111	1
43	111	1
44	111	1
45	111	1
47	111	1
49	111	1
50	111	2
51	111	1
52	111	2
57	111	2
58	111	1
59	111	1
62	111	1
64	111	1
65	111	1
66	111	1
67	111	1
68	111	1
69	111	3
72	111	2
73	111	1
74	111	2
75	111	1
76	111	1
79	111	2
80	111	2
81	111	2
82	111	4
83	111	2
84	111	2
86	111	2
87	111	2
89	111	3
90	111	2
91	111	1
92	111	3
94	111	2
95	111	3
96	111	1
98	111	2
99	111	2
100	111	1
101	111	2
102	111	4
103	111	2
104	111	3
106	111	2
107	111	5
108	111	5
109	111	19
110	111	33
1	112	1
9	112	1
10	112	2
13	112	1
16	112	2
19	112	1
21	112	2
27	112	1
38	112	1
39	112	1
41	112	2
43	112	2
45	112	1
46	112	1
48	112	2
51	112	1
55	112	1
56	112	3
57	112	1
60	112	1
62	112	1
64	112	2
66	112	3
67	112	2
68	112	2
72	112	1
74	112	1
76	112	1
77	112	1
79	112	3
80	112	3
82	112	1
84	112	1
85	112	2
86	112	1
87	112	2
88	112	1
89	112	1
90	112	2
91	112	3
92	112	1
93	112	1
94	112	4
95	112	6
96	112	1
97	112	2
99	112	1
100	112	1
101	112	1
103	112	1
104	112	4
105	112	1
106	112	5
107	112	9
108	112	7
109	112	6
110	112	18
111	112	23
2	113	1
6	113	1
10	113	2
12	113	1
16	113	1
17	113	1
21	113	1
23	113	1
24	113	1
27	113	1
38	113	1
42	113	4
43	113	2
46	113	1
47	113	2
48	113	1
50	113	2
51	113	1
52	113	5
53	113	1
56	113	1
57	113	2
60	113	1
61	113	1
64	113	1
66	113	3
67	113	3
68	113	2
69	113	1
72	113	1
73	113	1
75	113	2
76	113	3
77	113	1
79	113	2
80	113	1
85	113	3
88	113	4
89	113	2
90	113	2
91	113	3
93	113	3
94	113	5
95	113	1
96	113	3
99	113	3
100	113	3
102	113	1
104	113	6
105	113	3
106	113	3
107	113	2
108	113	1
109	113	9
110	113	4
111	113	12
112	113	57
5	114	2
6	114	1
8	114	1
9	114	1
10	114	2
15	114	1
16	114	1
18	114	2
19	114	2
22	114	1
24	114	2
26	114	1
38	114	1
41	114	1
42	114	2
43	114	4
45	114	2
47	114	2
49	114	1
51	114	1
52	114	1
54	114	1
55	114	1
56	114	1
57	114	2
58	114	1
60	114	2
61	114	1
64	114	2
65	114	1
66	114	2
70	114	1
72	114	2
74	114	1
79	114	1
80	114	1
81	114	1
83	114	2
85	114	2
86	114	1
87	114	5
88	114	2
89	114	1
92	114	4
94	114	5
95	114	7
96	114	2
97	114	2
98	114	2
100	114	3
101	114	2
103	114	1
104	114	3
106	114	2
107	114	6
108	114	3
109	114	9
110	114	5
111	114	9
112	114	17
113	114	51
1	115	1
5	115	1
7	115	1
10	115	3
16	115	1
17	115	1
22	115	2
23	115	1
26	115	2
28	115	1
29	115	1
38	115	1
39	115	1
41	115	2
42	115	1
43	115	1
44	115	1
48	115	1
49	115	1
50	115	3
51	115	2
52	115	1
54	115	1
55	115	1
57	115	2
58	115	2
61	115	1
62	115	1
64	115	1
65	115	3
66	115	3
69	115	3
72	115	2
73	115	1
75	115	2
76	115	1
77	115	1
78	115	1
79	115	1
80	115	2
82	115	1
83	115	1
84	115	1
85	115	2
86	115	2
88	115	1
89	115	1
90	115	2
92	115	2
94	115	1
95	115	1
96	115	3
97	115	2
98	115	1
99	115	1
100	115	1
101	115	4
102	115	1
103	115	1
104	115	1
105	115	3
106	115	2
107	115	2
108	115	2
109	115	5
110	115	5
111	115	5
112	115	4
113	115	10
114	115	36
2	116	1
3	116	1
4	116	2
5	116	1
6	116	1
8	116	1
10	116	1
13	116	1
16	116	1
19	116	1
20	116	1
22	116	1
23	116	2
24	116	1
27	116	1
38	116	2
39	116	1
40	116	2
42	116	1
44	116	3
45	116	1
46	116	1
48	116	2
49	116	2
50	116	1
51	116	2
52	116	2
54	116	1
55	116	1
56	116	1
60	116	2
62	116	2
63	116	1
64	116	1
65	116	1
69	116	2
70	116	2
73	116	1
74	116	3
76	116	1
78	116	3
80	116	1
81	116	1
82	116	2
83	116	2
84	116	1
88	116	3
89	116	1
90	116	3
91	116	5
92	116	2
93	116	3
94	116	2
95	116	3
97	116	1
98	116	2
99	116	3
100	116	2
101	116	1
102	116	4
103	116	2
104	116	3
105	116	5
106	116	2
107	116	4
108	116	3
109	116	2
110	116	2
111	116	7
112	116	3
113	116	13
114	116	13
115	116	32
2	117	2
3	117	1
5	117	1
8	117	1
9	117	1
11	117	1
12	117	1
13	117	1
17	117	1
18	117	1
19	117	1
21	117	1
22	117	3
23	117	1
26	117	1
31	117	1
39	117	1
41	117	1
42	117	1
44	117	2
50	117	1
51	117	4
56	117	3
58	117	2
61	117	3
62	117	1
63	117	3
64	117	1
65	117	5
66	117	2
67	117	1
68	117	1
70	117	3
71	117	1
72	117	2
75	117	2
76	117	1
78	117	1
80	117	3
82	117	1
83	117	1
84	117	1
85	117	5
87	117	1
88	117	1
89	117	1
90	117	1
93	117	2
94	117	1
95	117	2
96	117	3
97	117	4
99	117	2
101	117	2
102	117	1
104	117	8
105	117	1
106	117	4
107	117	3
108	117	4
109	117	4
110	117	3
111	117	4
112	117	1
113	117	6
114	117	6
115	117	19
116	117	43
1	118	2
2	118	1
3	118	1
4	118	1
5	118	1
6	118	1
7	118	1
8	118	2
13	118	1
18	118	2
22	118	2
23	118	1
24	118	1
26	118	1
29	118	1
38	118	1
39	118	1
40	118	1
41	118	3
46	118	2
47	118	1
48	118	2
49	118	2
51	118	2
52	118	1
53	118	2
54	118	1
55	118	1
56	118	1
57	118	1
58	118	2
60	118	1
61	118	1
63	118	3
64	118	2
65	118	1
66	118	3
67	118	3
68	118	2
69	118	2
71	118	2
72	118	2
73	118	3
74	118	1
76	118	1
77	118	1
78	118	2
79	118	1
80	118	4
83	118	3
84	118	2
85	118	3
86	118	3
87	118	2
89	118	3
90	118	3
93	118	2
94	118	2
96	118	2
99	118	2
100	118	3
101	118	1
103	118	7
104	118	1
105	118	3
106	118	4
107	118	5
108	118	9
109	118	4
110	118	4
111	118	1
112	118	1
113	118	3
114	118	4
115	118	15
116	118	19
117	118	26
2	119	1
4	119	1
7	119	1
14	119	2
15	119	2
18	119	1
19	119	2
20	119	1
21	119	1
22	119	1
27	119	2
28	119	2
38	119	1
39	119	2
41	119	5
42	119	1
43	119	1
44	119	1
45	119	2
46	119	2
47	119	1
49	119	1
52	119	1
53	119	2
56	119	1
57	119	1
58	119	2
61	119	2
62	119	1
63	119	1
64	119	2
66	119	1
68	119	6
70	119	3
71	119	2
73	119	1
74	119	2
76	119	1
77	119	1
78	119	1
79	119	1
80	119	1
81	119	2
83	119	2
84	119	1
85	119	2
86	119	1
87	119	2
88	119	1
90	119	1
91	119	1
92	119	2
93	119	1
94	119	1
96	119	1
97	119	2
101	119	1
102	119	2
103	119	9
104	119	5
106	119	3
107	119	2
108	119	5
109	119	3
110	119	1
111	119	1
112	119	5
113	119	2
114	119	6
115	119	7
116	119	14
117	119	18
118	119	30
1	120	1
2	120	1
3	120	1
5	120	2
6	120	1
7	120	1
10	120	1
13	120	2
20	120	1
22	120	1
23	120	1
24	120	2
28	120	2
38	120	1
40	120	1
41	120	1
42	120	2
43	120	2
44	120	1
45	120	1
46	120	1
47	120	1
49	120	1
50	120	1
51	120	2
52	120	1
53	120	2
55	120	1
59	120	2
60	120	2
61	120	1
62	120	1
64	120	2
65	120	2
66	120	2
67	120	3
68	120	5
69	120	4
70	120	2
71	120	1
73	120	1
74	120	4
75	120	1
76	120	2
79	120	1
80	120	2
81	120	4
82	120	1
83	120	1
85	120	1
87	120	1
89	120	1
90	120	6
91	120	3
92	120	3
93	120	4
95	120	1
96	120	2
97	120	1
99	120	5
100	120	3
101	120	1
102	120	1
103	120	4
104	120	2
105	120	2
106	120	2
107	120	1
108	120	3
109	120	2
110	120	4
111	120	3
112	120	4
114	120	5
115	120	3
116	120	7
117	120	12
118	120	15
119	120	27
3	121	1
4	121	2
5	121	2
6	121	1
8	121	1
9	121	1
11	121	1
14	121	1
17	121	1
21	121	2
27	121	1
41	121	2
43	121	1
45	121	1
46	121	1
48	121	2
49	121	1
50	121	1
54	121	1
58	121	1
60	121	1
61	121	2
62	121	1
65	121	1
66	121	2
69	121	1
70	121	1
74	121	1
75	121	1
76	121	1
77	121	1
78	121	1
80	121	1
81	121	2
82	121	2
83	121	1
87	121	4
88	121	1
89	121	1
90	121	1
91	121	3
92	121	2
93	121	2
94	121	2
95	121	1
96	121	3
97	121	4
98	121	2
100	121	3
103	121	2
104	121	3
105	121	1
106	121	4
108	121	1
109	121	1
110	121	1
111	121	5
112	121	4
113	121	4
114	121	5
115	121	2
116	121	3
117	121	6
118	121	6
119	121	6
120	121	33
4	122	1
5	122	1
6	122	2
7	122	1
8	122	1
10	122	2
12	122	1
15	122	1
17	122	2
22	122	2
23	122	2
28	122	2
29	122	1
38	122	1
39	122	1
40	122	1
41	122	2
42	122	1
43	122	2
44	122	2
45	122	1
46	122	2
48	122	3
49	122	1
52	122	3
57	122	1
58	122	1
59	122	1
60	122	2
64	122	3
66	122	1
67	122	1
69	122	2
70	122	2
72	122	2
73	122	1
74	122	1
77	122	1
79	122	3
80	122	5
82	122	1
83	122	2
84	122	1
87	122	1
88	122	4
89	122	1
90	122	2
91	122	3
92	122	2
94	122	5
95	122	2
96	122	2
97	122	6
98	122	2
99	122	4
100	122	1
102	122	1
103	122	1
104	122	2
105	122	1
106	122	2
107	122	2
108	122	3
109	122	6
110	122	1
111	122	1
112	122	3
113	122	6
114	122	6
115	122	7
116	122	11
117	122	3
118	122	4
119	122	5
120	122	26
121	122	33
7	123	1
12	123	1
14	123	3
18	123	1
20	123	1
21	123	1
22	123	1
24	123	1
25	123	1
26	123	1
28	123	1
40	123	1
41	123	1
46	123	2
49	123	2
51	123	1
52	123	1
54	123	2
55	123	3
56	123	3
58	123	2
60	123	3
62	123	1
63	123	1
64	123	2
66	123	4
67	123	3
68	123	1
69	123	2
71	123	1
72	123	3
73	123	1
74	123	2
77	123	1
78	123	3
79	123	1
80	123	2
81	123	1
82	123	2
83	123	1
84	123	2
85	123	2
86	123	3
87	123	2
88	123	2
89	123	4
90	123	3
91	123	1
92	123	2
93	123	2
94	123	1
95	123	1
96	123	1
97	123	1
98	123	2
99	123	4
100	123	4
101	123	2
102	123	2
104	123	3
105	123	1
106	123	2
107	123	2
109	123	3
110	123	3
111	123	3
112	123	1
113	123	2
114	123	3
115	123	4
116	123	2
117	123	9
118	123	2
119	123	7
120	123	16
121	123	25
122	123	34
2	124	3
3	124	2
4	124	1
5	124	1
6	124	1
9	124	2
11	124	1
12	124	1
13	124	1
14	124	2
16	124	1
18	124	2
21	124	1
22	124	1
25	124	1
26	124	1
28	124	1
29	124	1
38	124	2
39	124	1
40	124	2
41	124	2
42	124	2
43	124	1
45	124	2
46	124	1
49	124	1
50	124	2
51	124	4
53	124	3
56	124	1
57	124	1
58	124	4
59	124	2
61	124	2
62	124	2
63	124	2
64	124	1
65	124	3
66	124	1
67	124	3
69	124	2
70	124	2
71	124	1
73	124	3
74	124	2
75	124	1
77	124	2
78	124	3
79	124	1
80	124	2
83	124	7
85	124	3
86	124	1
89	124	2
90	124	3
91	124	1
93	124	1
94	124	4
96	124	1
97	124	1
98	124	1
99	124	2
100	124	2
102	124	3
103	124	3
104	124	2
105	124	1
106	124	4
107	124	3
108	124	1
109	124	6
110	124	3
111	124	3
112	124	3
113	124	5
114	124	3
115	124	3
116	124	6
117	124	5
118	124	9
119	124	4
120	124	6
121	124	6
122	124	14
123	124	40
2	125	1
3	125	1
4	125	3
8	125	1
15	125	2
16	125	3
25	125	1
27	125	1
29	125	1
38	125	1
41	125	2
43	125	1
44	125	1
46	125	2
47	125	1
50	125	1
51	125	1
52	125	1
53	125	2
54	125	2
55	125	1
56	125	2
59	125	2
63	125	2
64	125	3
65	125	2
66	125	2
67	125	1
70	125	1
71	125	1
73	125	2
74	125	3
75	125	4
76	125	2
77	125	1
78	125	4
79	125	2
80	125	2
81	125	1
82	125	4
83	125	1
84	125	3
85	125	3
86	125	2
87	125	2
88	125	1
89	125	2
90	125	1
92	125	1
96	125	1
98	125	1
99	125	2
101	125	3
102	125	2
103	125	2
104	125	2
105	125	4
106	125	1
108	125	1
109	125	1
110	125	1
112	125	2
115	125	1
116	125	2
117	125	2
118	125	7
119	125	7
120	125	6
122	125	7
123	125	8
124	125	27
1	126	2
3	126	2
4	126	1
5	126	1
16	126	2
17	126	1
23	126	2
27	126	1
28	126	1
41	126	2
44	126	1
45	126	1
46	126	3
47	126	1
50	126	1
51	126	1
54	126	1
55	126	1
56	126	1
57	126	1
58	126	1
61	126	2
62	126	1
63	126	2
65	126	2
67	126	1
68	126	3
70	126	1
73	126	1
75	126	2
76	126	2
77	126	3
78	126	3
79	126	2
80	126	1
81	126	5
82	126	6
83	126	2
84	126	1
85	126	1
87	126	1
88	126	1
89	126	2
92	126	1
95	126	3
96	126	2
98	126	1
99	126	4
100	126	3
101	126	2
102	126	2
103	126	1
104	126	2
105	126	2
106	126	2
107	126	2
108	126	5
109	126	2
111	126	1
113	126	1
114	126	2
115	126	2
116	126	4
117	126	1
118	126	3
119	126	3
120	126	1
121	126	4
122	126	1
123	126	6
124	126	14
125	126	23
4	127	1
7	127	1
9	127	1
12	127	1
14	127	2
15	127	2
18	127	1
20	127	1
21	127	1
27	127	1
28	127	2
38	127	1
39	127	1
44	127	2
46	127	3
48	127	1
49	127	2
50	127	1
51	127	2
52	127	1
54	127	3
55	127	1
57	127	2
58	127	1
60	127	1
61	127	3
62	127	2
63	127	1
64	127	1
67	127	1
70	127	2
71	127	1
72	127	2
73	127	1
74	127	1
75	127	3
76	127	1
77	127	2
78	127	2
79	127	2
80	127	2
81	127	2
82	127	2
83	127	3
86	127	2
87	127	1
90	127	2
91	127	1
95	127	1
96	127	1
97	127	1
99	127	1
100	127	2
101	127	1
102	127	2
103	127	4
104	127	1
105	127	2
106	127	4
107	127	3
108	127	1
109	127	2
110	127	2
111	127	2
112	127	2
113	127	1
114	127	1
116	127	3
117	127	5
118	127	3
119	127	4
120	127	1
121	127	4
122	127	3
123	127	7
124	127	12
125	127	24
126	127	28
2	128	1
3	128	1
4	128	6
9	128	1
11	128	2
23	128	1
39	128	1
47	128	2
49	128	1
50	128	2
52	128	1
53	128	1
54	128	1
55	128	2
56	128	1
57	128	1
60	128	1
62	128	1
63	128	1
64	128	2
66	128	1
70	128	1
72	128	1
73	128	2
74	128	1
76	128	1
77	128	3
78	128	4
79	128	1
80	128	3
81	128	3
82	128	1
83	128	4
84	128	2
85	128	1
86	128	3
88	128	2
89	128	1
92	128	1
96	128	1
98	128	1
99	128	3
100	128	2
101	128	2
102	128	2
105	128	1
106	128	1
107	128	1
108	128	1
109	128	1
110	128	1
111	128	1
112	128	2
114	128	1
115	128	2
116	128	2
117	128	1
118	128	1
119	128	1
120	128	5
121	128	2
123	128	4
124	128	13
125	128	9
126	128	12
127	128	28
2	129	1
3	129	1
4	129	1
5	129	1
8	129	1
11	129	2
12	129	1
13	129	1
16	129	1
17	129	1
19	129	2
21	129	1
22	129	1
24	129	1
27	129	1
28	129	1
38	129	1
41	129	2
42	129	1
43	129	1
45	129	2
47	129	1
48	129	1
51	129	1
53	129	1
54	129	2
56	129	5
57	129	1
58	129	3
59	129	2
60	129	1
62	129	1
63	129	2
64	129	2
65	129	1
66	129	1
69	129	1
70	129	1
71	129	1
72	129	1
73	129	1
74	129	1
75	129	2
76	129	2
77	129	1
80	129	3
81	129	3
82	129	1
85	129	2
86	129	1
89	129	1
90	129	1
92	129	1
93	129	1
97	129	1
98	129	1
99	129	1
100	129	3
101	129	1
102	129	1
103	129	2
105	129	2
106	129	1
107	129	2
108	129	3
109	129	4
110	129	1
111	129	1
112	129	1
113	129	1
114	129	1
115	129	3
116	129	2
117	129	3
118	129	5
119	129	2
120	129	1
121	129	2
122	129	1
123	129	6
124	129	14
125	129	12
126	129	12
127	129	18
128	129	27
2	130	1
5	130	1
6	130	1
7	130	1
11	130	4
12	130	1
13	130	1
18	130	1
21	130	1
22	130	1
25	130	1
27	130	2
42	130	1
44	130	1
45	130	1
46	130	1
47	130	1
50	130	2
52	130	3
53	130	2
54	130	1
55	130	3
56	130	1
57	130	1
58	130	2
60	130	1
61	130	1
62	130	1
63	130	1
64	130	1
65	130	2
66	130	3
68	130	1
69	130	2
71	130	1
72	130	3
73	130	2
75	130	3
76	130	1
77	130	5
79	130	2
81	130	4
82	130	3
83	130	1
84	130	2
85	130	1
86	130	1
87	130	1
88	130	2
89	130	1
90	130	2
94	130	4
96	130	1
97	130	2
98	130	2
99	130	1
100	130	3
101	130	3
102	130	4
103	130	2
104	130	3
105	130	3
106	130	2
107	130	2
108	130	2
109	130	3
110	130	1
112	130	1
114	130	2
116	130	3
117	130	3
118	130	4
119	130	2
120	130	5
121	130	5
122	130	4
123	130	4
124	130	7
125	130	9
126	130	4
127	130	15
128	130	18
129	130	21
1	131	2
2	131	2
7	131	1
8	131	1
12	131	1
14	131	1
15	131	2
20	131	1
28	131	1
31	131	1
39	131	1
40	131	2
45	131	2
49	131	2
52	131	1
53	131	1
54	131	1
55	131	3
56	131	5
58	131	2
59	131	2
63	131	2
64	131	2
65	131	1
67	131	1
71	131	1
72	131	3
73	131	2
74	131	1
76	131	1
77	131	2
78	131	3
79	131	2
80	131	1
81	131	3
82	131	1
85	131	1
87	131	1
89	131	1
96	131	2
100	131	1
101	131	1
102	131	4
103	131	3
106	131	1
109	131	2
112	131	2
113	131	1
115	131	1
116	131	1
117	131	1
118	131	1
119	131	3
120	131	4
122	131	3
123	131	2
124	131	5
125	131	8
126	131	5
127	131	9
128	131	4
129	131	7
130	131	21
3	132	1
4	132	1
8	132	1
11	132	1
12	132	1
13	132	1
14	132	1
16	132	3
17	132	1
19	132	1
38	132	1
39	132	1
40	132	1
41	132	1
43	132	2
44	132	1
45	132	1
47	132	1
49	132	2
50	132	2
51	132	2
52	132	1
54	132	2
55	132	3
56	132	2
57	132	4
58	132	4
60	132	1
61	132	1
62	132	1
63	132	1
64	132	2
65	132	5
66	132	2
68	132	1
70	132	1
72	132	2
75	132	1
76	132	1
77	132	1
79	132	1
80	132	2
82	132	2
83	132	3
84	132	5
85	132	2
87	132	2
90	132	1
91	132	1
92	132	1
94	132	1
98	132	1
99	132	1
100	132	2
101	132	2
103	132	3
104	132	2
106	132	2
107	132	2
108	132	1
109	132	3
113	132	1
115	132	4
116	132	2
117	132	2
118	132	5
120	132	2
121	132	2
122	132	2
123	132	3
124	132	5
125	132	3
126	132	5
127	132	6
128	132	3
129	132	6
130	132	19
131	132	30
3	133	2
4	133	2
6	133	1
7	133	1
9	133	2
11	133	2
14	133	1
20	133	1
22	133	2
23	133	1
27	133	1
28	133	1
31	133	1
38	133	1
40	133	2
41	133	2
45	133	2
46	133	2
48	133	3
51	133	3
52	133	3
53	133	3
54	133	2
55	133	3
57	133	1
58	133	1
59	133	1
61	133	1
62	133	2
63	133	2
64	133	1
65	133	1
66	133	1
71	133	3
72	133	3
74	133	2
75	133	3
77	133	2
79	133	1
80	133	3
81	133	1
82	133	1
83	133	2
84	133	4
85	133	1
86	133	3
87	133	3
88	133	1
89	133	1
90	133	1
91	133	3
92	133	1
94	133	1
95	133	1
96	133	3
97	133	1
98	133	1
100	133	2
101	133	1
102	133	3
103	133	2
104	133	1
106	133	2
107	133	3
108	133	2
109	133	2
110	133	1
112	133	1
113	133	2
115	133	2
116	133	2
117	133	3
118	133	2
119	133	1
120	133	3
121	133	1
122	133	2
123	133	4
124	133	5
125	133	7
126	133	6
127	133	4
128	133	4
129	133	5
130	133	14
131	133	20
132	133	28
1	134	1
2	134	1
3	134	1
4	134	1
6	134	1
8	134	1
9	134	1
17	134	1
21	134	1
28	134	1
38	134	2
41	134	1
42	134	1
44	134	1
45	134	2
46	134	3
48	134	1
49	134	1
50	134	2
51	134	3
52	134	1
53	134	2
54	134	2
55	134	1
56	134	1
57	134	2
59	134	2
60	134	2
61	134	1
63	134	1
64	134	4
66	134	3
68	134	2
70	134	1
73	134	1
74	134	1
76	134	1
77	134	1
78	134	1
79	134	2
81	134	1
83	134	1
84	134	4
85	134	2
86	134	1
87	134	1
88	134	1
89	134	2
92	134	1
93	134	1
96	134	1
98	134	3
99	134	1
100	134	1
101	134	2
102	134	5
104	134	1
105	134	2
106	134	1
108	134	1
109	134	3
111	134	1
112	134	3
113	134	2
115	134	3
116	134	2
117	134	2
118	134	5
119	134	1
120	134	4
121	134	4
122	134	4
123	134	1
124	134	2
125	134	3
126	134	2
127	134	3
128	134	4
129	134	4
130	134	7
131	134	5
132	134	7
133	134	13
5	135	1
11	135	1
15	135	4
16	135	1
17	135	3
18	135	1
20	135	1
29	135	1
30	135	1
40	135	1
41	135	1
43	135	1
44	135	1
45	135	3
46	135	1
47	135	2
48	135	1
49	135	2
50	135	1
52	135	3
53	135	3
54	135	1
56	135	2
57	135	1
58	135	4
61	135	2
62	135	1
63	135	2
65	135	3
66	135	1
68	135	2
70	135	1
72	135	2
75	135	1
76	135	2
79	135	1
80	135	3
81	135	1
82	135	3
84	135	1
85	135	4
86	135	2
88	135	1
91	135	1
92	135	1
93	135	1
96	135	2
97	135	1
99	135	4
101	135	2
102	135	1
103	135	3
104	135	4
105	135	2
106	135	2
107	135	1
108	135	3
109	135	1
110	135	1
112	135	3
113	135	1
114	135	1
115	135	2
116	135	4
117	135	1
118	135	1
120	135	2
121	135	1
123	135	7
125	135	1
127	135	4
128	135	3
129	135	5
130	135	4
131	135	5
132	135	6
133	135	23
134	135	32
2	136	2
4	136	1
5	136	1
6	136	1
7	136	1
8	136	1
9	136	1
10	136	1
12	136	1
14	136	2
16	136	1
17	136	1
18	136	1
19	136	1
22	136	2
23	136	1
24	136	2
26	136	1
27	136	1
38	136	1
42	136	1
43	136	1
48	136	2
49	136	2
50	136	3
51	136	1
52	136	1
53	136	1
55	136	1
56	136	2
57	136	2
58	136	2
59	136	2
60	136	2
61	136	1
63	136	1
64	136	2
65	136	1
66	136	2
67	136	1
68	136	2
69	136	1
70	136	1
73	136	1
74	136	1
75	136	2
77	136	2
78	136	1
79	136	2
81	136	2
82	136	3
83	136	1
84	136	1
85	136	4
86	136	2
87	136	2
88	136	2
89	136	1
90	136	3
91	136	2
92	136	3
93	136	1
94	136	1
96	136	1
99	136	5
100	136	2
102	136	1
104	136	2
106	136	3
107	136	2
109	136	1
110	136	4
111	136	1
112	136	2
113	136	1
114	136	3
116	136	4
117	136	2
118	136	1
119	136	2
120	136	3
121	136	5
122	136	6
123	136	4
124	136	3
125	136	2
126	136	2
127	136	4
128	136	2
129	136	3
130	136	4
131	136	8
132	136	5
133	136	7
134	136	17
135	136	56
3	137	2
7	137	2
8	137	1
11	137	1
12	137	1
15	137	2
16	137	1
18	137	1
40	137	1
42	137	1
43	137	2
45	137	1
49	137	1
50	137	2
51	137	1
53	137	1
54	137	1
56	137	2
57	137	1
58	137	1
60	137	1
61	137	1
62	137	1
63	137	2
64	137	1
68	137	2
69	137	1
70	137	1
71	137	2
73	137	1
74	137	1
75	137	1
76	137	1
77	137	1
78	137	1
79	137	2
80	137	1
83	137	1
84	137	1
85	137	1
87	137	1
93	137	2
95	137	2
96	137	1
97	137	1
99	137	2
103	137	1
104	137	1
105	137	2
106	137	1
107	137	1
108	137	1
110	137	2
111	137	2
112	137	2
114	137	1
115	137	3
118	137	2
119	137	1
120	137	1
121	137	2
122	137	1
123	137	4
124	137	1
126	137	1
127	137	3
128	137	2
129	137	4
130	137	3
131	137	5
132	137	7
133	137	6
134	137	8
135	137	11
136	137	25
3	138	2
8	138	1
10	138	1
12	138	1
16	138	2
17	138	2
22	138	1
23	138	1
27	138	1
46	138	2
49	138	1
52	138	1
53	138	4
54	138	2
55	138	2
56	138	1
57	138	2
64	138	1
65	138	1
70	138	1
74	138	2
76	138	3
77	138	3
78	138	3
80	138	1
81	138	1
82	138	2
83	138	1
85	138	3
87	138	1
92	138	1
95	138	3
97	138	1
98	138	2
99	138	4
100	138	2
101	138	2
102	138	4
103	138	1
105	138	1
106	138	1
107	138	2
108	138	3
109	138	1
110	138	1
111	138	1
114	138	2
117	138	1
119	138	3
120	138	2
121	138	1
122	138	1
124	138	3
125	138	3
126	138	2
127	138	3
128	138	3
129	138	7
130	138	7
131	138	3
132	138	5
133	138	5
134	138	7
135	138	4
136	138	10
137	138	19
7	139	1
15	139	1
17	139	1
18	139	1
20	139	1
22	139	2
27	139	1
40	139	1
41	139	2
44	139	2
46	139	2
50	139	2
51	139	2
52	139	3
53	139	1
54	139	2
55	139	2
58	139	1
60	139	2
61	139	1
63	139	1
64	139	2
65	139	3
67	139	1
72	139	2
73	139	1
74	139	1
75	139	1
76	139	2
77	139	5
79	139	4
80	139	1
82	139	2
83	139	2
85	139	2
86	139	2
87	139	1
88	139	2
90	139	1
91	139	4
92	139	2
93	139	2
94	139	1
95	139	1
96	139	1
97	139	1
99	139	2
102	139	2
103	139	2
104	139	1
106	139	1
107	139	2
108	139	2
112	139	2
113	139	2
115	139	2
116	139	1
117	139	2
118	139	1
119	139	2
122	139	2
123	139	2
124	139	1
125	139	3
126	139	1
127	139	2
128	139	4
129	139	2
130	139	2
131	139	3
132	139	4
133	139	2
134	139	6
135	139	5
136	139	7
137	139	19
138	139	28
2	140	1
3	140	1
11	140	1
12	140	2
13	140	2
14	140	2
15	140	1
16	140	1
19	140	1
21	140	1
22	140	2
31	140	1
40	140	1
41	140	1
42	140	4
45	140	1
47	140	1
48	140	1
52	140	2
53	140	1
54	140	2
55	140	1
56	140	3
57	140	2
58	140	4
59	140	1
60	140	1
61	140	3
62	140	1
63	140	1
65	140	1
67	140	1
69	140	1
71	140	1
72	140	2
73	140	1
74	140	2
75	140	2
77	140	3
78	140	1
79	140	2
80	140	1
81	140	5
82	140	1
83	140	2
86	140	2
87	140	1
91	140	1
92	140	1
95	140	1
96	140	2
98	140	2
99	140	2
101	140	3
102	140	1
104	140	4
105	140	1
106	140	3
110	140	3
111	140	1
114	140	3
115	140	2
116	140	3
118	140	3
119	140	2
121	140	1
124	140	5
125	140	2
126	140	1
127	140	5
128	140	2
129	140	4
130	140	2
131	140	1
132	140	4
133	140	2
134	140	8
135	140	9
136	140	6
137	140	14
138	140	16
139	140	30
5	141	1
6	141	1
12	141	1
13	141	1
14	141	3
15	141	2
17	141	2
18	141	1
20	141	1
39	141	1
41	141	1
42	141	1
43	141	1
44	141	1
45	141	2
46	141	1
47	141	2
48	141	1
51	141	1
52	141	1
53	141	1
54	141	1
57	141	3
58	141	1
61	141	1
62	141	3
63	141	1
64	141	1
65	141	1
68	141	1
69	141	1
70	141	2
71	141	2
72	141	2
73	141	1
75	141	2
76	141	2
77	141	2
78	141	1
79	141	4
80	141	2
81	141	2
82	141	1
83	141	3
85	141	1
86	141	1
92	141	2
93	141	1
95	141	1
96	141	1
98	141	1
99	141	3
100	141	1
101	141	2
102	141	2
103	141	1
106	141	2
107	141	2
108	141	1
110	141	2
113	141	1
114	141	1
115	141	1
117	141	1
121	141	1
124	141	3
125	141	1
127	141	2
128	141	2
129	141	3
130	141	2
131	141	2
132	141	1
133	141	5
134	141	5
135	141	1
136	141	5
137	141	16
138	141	16
139	141	17
140	141	29
1	142	2
4	142	2
5	142	1
6	142	1
8	142	1
9	142	1
11	142	2
12	142	1
14	142	2
20	142	1
22	142	1
23	142	1
26	142	1
28	142	1
41	142	1
42	142	1
44	142	1
45	142	1
47	142	1
48	142	1
50	142	1
53	142	4
55	142	1
56	142	2
57	142	1
58	142	3
59	142	4
61	142	1
64	142	2
65	142	2
66	142	3
69	142	2
71	142	1
72	142	2
73	142	4
75	142	1
76	142	2
77	142	2
78	142	3
79	142	6
81	142	2
82	142	2
83	142	1
85	142	1
86	142	3
89	142	1
90	142	2
92	142	1
93	142	1
98	142	1
100	142	1
101	142	3
102	142	3
103	142	4
104	142	1
105	142	1
106	142	3
108	142	2
109	142	3
110	142	2
113	142	1
115	142	1
116	142	1
117	142	2
118	142	2
119	142	2
120	142	1
123	142	1
124	142	1
125	142	2
126	142	1
127	142	5
128	142	4
129	142	6
130	142	5
131	142	4
132	142	3
133	142	4
134	142	4
135	142	4
136	142	2
137	142	3
138	142	14
139	142	12
140	142	8
141	142	19
2	143	1
5	143	1
7	143	2
9	143	1
10	143	1
12	143	1
16	143	2
17	143	1
18	143	1
26	143	1
27	143	1
28	143	1
38	143	2
39	143	1
43	143	1
45	143	1
46	143	1
51	143	2
52	143	1
53	143	1
55	143	2
56	143	1
57	143	2
59	143	1
61	143	1
65	143	1
66	143	1
71	143	2
72	143	2
73	143	3
74	143	1
77	143	2
78	143	1
80	143	1
81	143	2
82	143	1
83	143	2
84	143	1
86	143	1
88	143	2
89	143	1
91	143	1
94	143	2
95	143	2
96	143	2
98	143	1
100	143	1
101	143	2
102	143	1
103	143	2
106	143	1
107	143	2
108	143	1
109	143	1
111	143	1
113	143	1
115	143	1
116	143	1
117	143	1
118	143	1
119	143	1
121	143	2
122	143	1
123	143	1
124	143	1
125	143	2
126	143	6
127	143	6
128	143	5
129	143	7
130	143	4
131	143	4
132	143	8
133	143	3
134	143	4
136	143	1
137	143	6
138	143	9
139	143	11
140	143	6
141	143	18
142	143	32
1	144	2
2	144	3
3	144	1
4	144	1
5	144	1
11	144	1
16	144	1
17	144	1
18	144	1
19	144	1
21	144	1
27	144	1
30	144	1
39	144	2
48	144	2
49	144	2
51	144	1
52	144	1
53	144	2
55	144	1
56	144	1
57	144	2
58	144	1
59	144	1
63	144	3
64	144	3
65	144	4
66	144	2
68	144	1
71	144	1
72	144	1
74	144	1
75	144	2
76	144	2
79	144	2
83	144	1
84	144	1
85	144	1
86	144	1
87	144	1
89	144	2
92	144	3
93	144	2
95	144	1
97	144	1
99	144	1
101	144	2
103	144	3
104	144	1
105	144	2
106	144	2
107	144	3
108	144	1
109	144	1
112	144	1
113	144	1
114	144	2
115	144	1
116	144	3
118	144	1
119	144	1
120	144	1
121	144	2
122	144	3
123	144	1
124	144	3
126	144	2
127	144	4
128	144	1
129	144	3
130	144	5
131	144	3
132	144	3
133	144	2
134	144	4
135	144	2
136	144	1
137	144	6
138	144	1
139	144	9
140	144	12
141	144	15
142	144	14
143	144	21
1	145	2
5	145	1
6	145	1
12	145	1
13	145	1
15	145	3
16	145	3
19	145	1
20	145	1
22	145	1
23	145	1
26	145	1
28	145	1
30	145	2
39	145	3
40	145	1
42	145	2
43	145	1
44	145	1
45	145	1
46	145	1
48	145	1
49	145	1
51	145	2
54	145	2
55	145	1
57	145	1
58	145	5
59	145	1
60	145	1
61	145	1
62	145	1
64	145	1
65	145	3
66	145	5
69	145	1
70	145	2
72	145	1
75	145	1
77	145	2
78	145	1
80	145	2
84	145	3
85	145	3
86	145	2
88	145	2
92	145	1
93	145	2
94	145	1
95	145	2
96	145	5
97	145	4
98	145	3
100	145	1
101	145	1
103	145	2
104	145	1
106	145	2
107	145	1
108	145	2
111	145	1
114	145	2
118	145	2
121	145	1
122	145	4
123	145	1
124	145	4
125	145	2
129	145	2
130	145	2
131	145	2
132	145	1
133	145	2
134	145	4
135	145	3
137	145	3
138	145	3
139	145	4
140	145	2
141	145	11
142	145	4
143	145	8
144	145	22
4	146	1
5	146	1
6	146	1
8	146	4
9	146	1
10	146	1
20	146	3
28	146	1
38	146	1
39	146	2
41	146	2
42	146	2
44	146	1
45	146	2
48	146	1
49	146	1
52	146	1
55	146	1
57	146	1
58	146	1
59	146	5
60	146	1
61	146	1
62	146	4
63	146	1
64	146	1
65	146	1
67	146	1
71	146	2
73	146	2
74	146	2
75	146	1
77	146	2
78	146	1
79	146	1
82	146	1
83	146	1
84	146	1
85	146	2
86	146	2
87	146	1
88	146	1
89	146	1
90	146	1
92	146	1
93	146	1
94	146	2
95	146	2
96	146	3
97	146	1
98	146	2
100	146	2
101	146	3
105	146	2
106	146	1
109	146	3
110	146	3
111	146	1
112	146	4
113	146	1
114	146	1
115	146	2
118	146	1
121	146	3
122	146	4
123	146	2
124	146	1
125	146	4
126	146	1
127	146	5
128	146	1
129	146	2
130	146	2
131	146	1
132	146	1
133	146	3
134	146	4
135	146	1
136	146	7
137	146	1
138	146	4
139	146	4
140	146	2
141	146	3
142	146	3
143	146	9
144	146	5
145	146	25
2	147	3
4	147	2
6	147	1
8	147	1
12	147	1
17	147	1
18	147	1
21	147	1
22	147	1
38	147	3
40	147	1
45	147	1
46	147	2
48	147	2
49	147	1
50	147	1
52	147	1
53	147	2
54	147	1
57	147	2
58	147	2
59	147	2
60	147	1
61	147	1
62	147	2
66	147	3
68	147	2
69	147	1
70	147	1
72	147	3
73	147	1
76	147	3
77	147	1
78	147	2
79	147	2
81	147	2
82	147	4
83	147	2
84	147	1
85	147	1
86	147	2
87	147	1
88	147	1
89	147	2
92	147	1
93	147	1
95	147	1
96	147	2
97	147	3
102	147	4
104	147	3
105	147	1
107	147	1
108	147	1
109	147	2
112	147	1
113	147	2
115	147	1
116	147	1
117	147	1
120	147	1
121	147	2
123	147	1
124	147	1
125	147	1
126	147	3
127	147	2
128	147	2
129	147	1
130	147	2
131	147	3
132	147	3
133	147	2
134	147	2
135	147	1
136	147	1
137	147	3
138	147	7
139	147	2
140	147	4
141	147	4
142	147	6
143	147	11
144	147	9
145	147	11
146	147	24
1	148	1
3	148	2
4	148	1
8	148	1
13	148	1
14	148	1
15	148	1
18	148	1
20	148	1
22	148	1
24	148	1
28	148	3
31	148	1
38	148	3
41	148	1
42	148	2
43	148	1
44	148	2
47	148	1
48	148	2
50	148	1
51	148	2
52	148	1
54	148	1
55	148	3
56	148	1
60	148	1
61	148	1
64	148	2
65	148	1
66	148	1
69	148	1
70	148	1
71	148	2
72	148	1
73	148	2
74	148	1
75	148	1
76	148	5
77	148	1
78	148	1
79	148	2
80	148	2
82	148	3
83	148	1
86	148	1
87	148	1
88	148	1
94	148	1
95	148	1
96	148	1
99	148	2
100	148	2
102	148	1
103	148	3
104	148	4
105	148	1
110	148	4
112	148	1
114	148	1
116	148	2
117	148	2
118	148	3
119	148	1
120	148	1
121	148	1
122	148	2
123	148	2
124	148	2
125	148	3
126	148	3
127	148	1
128	148	1
129	148	5
132	148	7
133	148	2
134	148	1
135	148	1
136	148	1
137	148	5
138	148	6
139	148	10
140	148	6
141	148	8
142	148	5
143	148	15
144	148	7
145	148	12
146	148	17
147	148	29
2	149	1
4	149	1
6	149	1
7	149	2
12	149	1
15	149	1
17	149	2
18	149	1
25	149	1
26	149	1
27	149	2
30	149	1
38	149	1
42	149	1
43	149	1
44	149	3
45	149	1
47	149	5
48	149	1
49	149	2
50	149	1
54	149	1
55	149	1
57	149	3
58	149	1
59	149	1
60	149	1
61	149	1
62	149	1
63	149	3
64	149	1
65	149	2
66	149	2
67	149	2
69	149	1
70	149	1
73	149	1
74	149	1
76	149	1
78	149	2
79	149	1
80	149	2
81	149	2
82	149	1
83	149	1
84	149	3
85	149	2
86	149	1
88	149	1
89	149	1
94	149	1
95	149	1
97	149	2
98	149	1
99	149	1
100	149	3
101	149	1
103	149	2
106	149	1
107	149	2
108	149	2
109	149	2
110	149	1
111	149	1
113	149	1
115	149	4
116	149	2
117	149	1
118	149	1
119	149	3
121	149	1
122	149	3
123	149	4
124	149	2
125	149	1
126	149	1
128	149	1
129	149	2
131	149	2
134	149	4
136	149	3
137	149	2
138	149	2
139	149	4
140	149	3
141	149	7
142	149	5
143	149	3
144	149	9
145	149	13
146	149	17
147	149	15
148	149	14
2	150	1
8	150	1
10	150	1
11	150	1
13	150	1
17	150	2
20	150	3
22	150	1
26	150	1
28	150	1
38	150	1
39	150	1
40	150	1
41	150	4
43	150	1
44	150	2
45	150	2
46	150	2
47	150	2
49	150	2
50	150	2
51	150	2
57	150	1
59	150	1
60	150	2
61	150	2
62	150	1
63	150	1
66	150	3
67	150	2
68	150	1
69	150	1
71	150	2
74	150	1
75	150	1
76	150	1
80	150	1
81	150	2
82	150	1
83	150	1
85	150	1
86	150	3
87	150	3
88	150	3
89	150	3
90	150	2
91	150	3
94	150	3
95	150	2
101	150	1
104	150	5
106	150	2
107	150	2
108	150	3
109	150	1
110	150	1
111	150	2
112	150	1
113	150	2
114	150	1
115	150	1
116	150	1
118	150	1
120	150	2
122	150	3
123	150	1
124	150	1
125	150	1
126	150	1
127	150	1
128	150	2
129	150	2
130	150	2
131	150	2
133	150	1
134	150	1
135	150	3
136	150	4
137	150	1
138	150	4
139	150	3
140	150	2
141	150	3
142	150	4
143	150	2
144	150	8
145	150	8
146	150	8
147	150	6
148	150	10
149	150	24
2	151	3
3	151	2
5	151	1
6	151	2
11	151	2
15	151	1
17	151	2
22	151	1
23	151	2
30	151	1
38	151	2
40	151	1
41	151	1
44	151	4
47	151	1
50	151	1
51	151	2
52	151	1
53	151	1
54	151	4
56	151	1
57	151	1
58	151	1
59	151	2
61	151	2
62	151	2
63	151	1
64	151	1
65	151	1
67	151	3
69	151	2
72	151	3
73	151	2
74	151	3
75	151	1
79	151	2
80	151	2
81	151	6
82	151	3
83	151	2
85	151	2
86	151	1
87	151	2
88	151	3
91	151	1
92	151	2
97	151	2
99	151	2
100	151	1
101	151	2
102	151	2
104	151	1
106	151	2
111	151	1
116	151	2
117	151	3
118	151	2
119	151	2
120	151	2
124	151	3
125	151	3
126	151	4
127	151	1
128	151	1
129	151	4
130	151	3
131	151	1
132	151	1
134	151	1
135	151	2
136	151	3
137	151	3
138	151	2
139	151	4
141	151	4
142	151	3
143	151	5
144	151	4
145	151	5
146	151	2
147	151	2
148	151	6
149	151	15
150	151	29
1	152	1
2	152	1
12	152	1
13	152	1
14	152	2
15	152	1
17	152	1
20	152	1
22	152	1
26	152	1
27	152	1
30	152	1
39	152	1
40	152	1
41	152	1
43	152	1
46	152	1
47	152	1
48	152	2
49	152	1
50	152	1
51	152	2
53	152	1
54	152	3
55	152	1
56	152	1
57	152	3
58	152	1
60	152	1
61	152	1
63	152	1
64	152	2
65	152	2
67	152	1
68	152	1
69	152	2
71	152	1
72	152	3
73	152	3
74	152	2
75	152	1
76	152	2
78	152	3
81	152	2
82	152	3
87	152	2
90	152	1
91	152	1
94	152	1
97	152	1
98	152	1
99	152	1
100	152	2
102	152	2
103	152	2
105	152	1
112	152	2
116	152	2
117	152	1
118	152	1
120	152	1
123	152	1
124	152	2
125	152	3
126	152	3
127	152	2
128	152	1
129	152	1
130	152	1
131	152	2
132	152	1
133	152	3
134	152	1
135	152	2
136	152	2
137	152	4
139	152	4
140	152	6
141	152	4
142	152	6
143	152	8
144	152	4
145	152	4
146	152	4
147	152	2
148	152	5
149	152	7
150	152	7
151	152	30
2	153	1
4	153	1
5	153	2
10	153	1
13	153	1
16	153	1
18	153	1
22	153	1
23	153	1
27	153	2
28	153	1
38	153	1
39	153	1
40	153	1
45	153	2
47	153	1
50	153	1
51	153	1
53	153	1
54	153	2
55	153	1
56	153	1
57	153	1
58	153	2
62	153	3
64	153	1
65	153	2
66	153	2
69	153	1
71	153	1
72	153	2
74	153	1
75	153	1
76	153	2
77	153	1
78	153	1
79	153	1
80	153	1
82	153	3
83	153	1
85	153	2
90	153	1
96	153	1
98	153	1
100	153	1
101	153	2
102	153	2
103	153	1
104	153	2
105	153	1
109	153	1
114	153	1
115	153	1
116	153	1
118	153	1
121	153	1
124	153	1
126	153	1
127	153	1
128	153	2
129	153	3
131	153	3
132	153	1
133	153	2
134	153	3
135	153	1
136	153	3
137	153	1
138	153	4
139	153	1
141	153	4
142	153	4
143	153	2
144	153	3
145	153	3
146	153	2
147	153	2
148	153	3
149	153	3
150	153	2
151	153	13
152	153	21
1	154	3
3	154	1
5	154	1
13	154	2
14	154	1
15	154	1
21	154	2
24	154	1
27	154	1
38	154	2
39	154	1
40	154	1
42	154	2
43	154	1
50	154	2
52	154	3
55	154	1
57	154	2
59	154	1
60	154	1
62	154	3
64	154	1
65	154	2
68	154	1
70	154	2
71	154	2
72	154	1
73	154	1
74	154	3
75	154	1
76	154	2
77	154	1
80	154	1
82	154	3
83	154	1
84	154	1
85	154	1
86	154	1
88	154	1
90	154	1
91	154	1
92	154	2
96	154	1
97	154	1
98	154	1
99	154	1
101	154	1
102	154	1
103	154	1
112	154	1
114	154	1
116	154	2
119	154	1
120	154	1
122	154	1
123	154	1
124	154	1
126	154	3
127	154	1
129	154	1
130	154	2
131	154	2
133	154	2
134	154	1
135	154	1
136	154	1
138	154	1
139	154	4
140	154	3
141	154	1
142	154	2
143	154	2
145	154	1
146	154	7
147	154	3
148	154	6
149	154	10
150	154	7
151	154	9
152	154	19
153	154	23
1	155	1
3	155	1
6	155	1
11	155	2
12	155	2
16	155	1
18	155	1
22	155	1
24	155	1
26	155	1
27	155	2
28	155	1
39	155	1
44	155	1
45	155	1
47	155	3
48	155	1
51	155	1
53	155	1
54	155	1
55	155	1
56	155	1
57	155	1
58	155	1
60	155	2
65	155	1
66	155	2
67	155	1
68	155	1
69	155	1
70	155	2
71	155	2
72	155	2
73	155	1
74	155	2
75	155	1
76	155	1
79	155	4
82	155	1
83	155	1
88	155	1
95	155	1
97	155	1
98	155	1
100	155	2
101	155	1
109	155	2
112	155	1
116	155	1
117	155	1
118	155	1
119	155	2
120	155	2
121	155	1
123	155	2
124	155	2
127	155	1
128	155	1
129	155	1
130	155	2
131	155	1
132	155	3
134	155	2
136	155	2
137	155	1
138	155	1
139	155	2
140	155	3
141	155	3
142	155	5
143	155	1
144	155	5
145	155	1
146	155	2
147	155	3
148	155	4
149	155	4
150	155	5
151	155	7
152	155	9
153	155	11
154	155	16
1	156	4
2	156	1
6	156	1
10	156	3
18	156	1
19	156	2
22	156	3
23	156	1
25	156	2
26	156	1
27	156	1
28	156	1
38	156	1
40	156	1
41	156	3
45	156	2
46	156	1
48	156	1
50	156	1
51	156	1
52	156	1
58	156	3
59	156	1
60	156	1
61	156	1
63	156	1
65	156	1
66	156	1
69	156	2
72	156	1
73	156	1
75	156	2
76	156	2
77	156	1
78	156	2
79	156	1
81	156	1
82	156	1
83	156	1
86	156	2
87	156	5
88	156	4
89	156	3
91	156	1
92	156	1
93	156	3
94	156	2
95	156	2
96	156	2
97	156	1
98	156	2
99	156	1
101	156	3
102	156	1
107	156	1
115	156	1
116	156	3
119	156	1
120	156	1
121	156	1
122	156	2
124	156	1
125	156	2
126	156	1
128	156	1
129	156	1
131	156	2
132	156	1
133	156	1
134	156	1
135	156	2
136	156	3
137	156	1
139	156	1
140	156	2
141	156	1
142	156	2
143	156	5
144	156	4
145	156	3
146	156	3
147	156	1
148	156	1
149	156	3
150	156	6
151	156	6
152	156	3
153	156	3
154	156	6
155	156	16
87	157	1
94	157	1
96	157	1
116	157	1
144	157	1
152	157	1
156	157	2
