39	42	1
40	42	1
41	42	11
41	43	7
42	43	27
41	44	1
42	44	10
43	44	16
41	45	1
42	45	7
43	45	9
44	45	17
42	46	2
43	46	7
44	46	10
45	46	16
42	47	3
43	47	4
44	47	9
45	47	13
46	47	49
42	48	3
43	48	3
44	48	4
45	48	3
46	48	9
47	48	23
41	49	1
42	49	3
43	49	1
44	49	5
45	49	3
46	49	8
47	49	7
48	49	13
41	50	1
42	50	4
43	50	7
44	50	3
45	50	1
46	50	5
47	50	10
48	50	8
49	50	12
41	51	3
42	51	6
43	51	1
44	51	5
45	51	5
46	51	9
48	51	3
49	51	5
50	51	11
41	52	3
42	52	2
43	52	4
44	52	1
45	52	4
46	52	2
47	52	1
49	52	9
50	52	5
51	52	32
40	53	1
41	53	4
42	53	5
43	53	1
44	53	3
46	53	3
47	53	1
48	53	2
49	53	3
50	53	1
51	53	9
52	53	19
39	54	1
40	54	1
41	54	2
42	54	2
43	54	1
44	54	2
45	54	1
46	54	2
47	54	1
48	54	1
49	54	1
50	54	2
51	54	5
52	54	8
53	54	27
41	55	1
42	55	3
43	55	1
45	55	1
48	55	1
49	55	1
50	55	1
51	55	6
52	55	12
53	55	18
54	55	30
41	56	2
42	56	4
45	56	1
51	56	2
52	56	6
53	56	9
54	56	11
55	56	26
42	57	1
45	57	1
48	57	1
50	57	1
51	57	2
52	57	7
53	57	12
54	57	10
55	57	16
56	57	28
41	58	5
42	58	1
43	58	1
46	58	1
47	58	1
49	58	1
50	58	3
51	58	4
52	58	3
53	58	12
54	58	8
55	58	8
56	58	17
57	58	27
39	59	1
42	59	2
43	59	2
46	59	2
48	59	2
49	59	1
50	59	1
51	59	7
52	59	5
53	59	5
54	59	6
55	59	8
56	59	14
57	59	13
58	59	15
20	60	1
42	60	2
43	60	1
44	60	1
45	60	2
47	60	1
48	60	1
49	60	1
50	60	2
51	60	4
52	60	6
53	60	5
54	60	7
55	60	8
56	60	6
57	60	12
58	60	11
59	60	47
41	61	3
42	61	1
43	61	1
46	61	2
47	61	1
50	61	1
51	61	6
52	61	4
53	61	5
54	61	5
55	61	4
56	61	7
57	61	7
58	61	9
59	61	12
60	61	28
39	62	3
41	62	2
42	62	1
44	62	1
45	62	5
48	62	1
49	62	2
50	62	1
51	62	4
52	62	4
53	62	4
54	62	10
55	62	10
56	62	4
57	62	7
58	62	13
59	62	17
60	62	18
61	62	21
41	63	1
43	63	3
45	63	2
46	63	3
47	63	1
49	63	2
50	63	3
51	63	9
52	63	4
53	63	4
54	63	1
55	63	1
56	63	2
58	63	3
59	63	5
60	63	8
61	63	2
62	63	18
42	64	1
44	64	1
45	64	1
47	64	1
48	64	1
49	64	1
50	64	2
51	64	4
52	64	1
54	64	2
55	64	1
56	64	2
58	64	1
59	64	5
60	64	6
61	64	2
62	64	6
63	64	40
41	65	1
42	65	2
45	65	3
46	65	1
49	65	1
50	65	2
51	65	3
52	65	4
54	65	3
55	65	5
57	65	1
59	65	2
60	65	5
61	65	4
62	65	7
63	65	13
64	65	21
42	66	1
43	66	1
44	66	3
47	66	3
48	66	1
49	66	1
50	66	2
51	66	2
52	66	3
53	66	5
54	66	1
55	66	2
56	66	3
57	66	1
58	66	5
59	66	4
60	66	5
61	66	4
62	66	7
63	66	11
64	66	19
65	66	31
41	67	4
42	67	1
44	67	2
45	67	4
49	67	2
51	67	2
52	67	2
53	67	2
54	67	3
55	67	2
56	67	1
57	67	1
58	67	2
59	67	3
60	67	2
61	67	6
62	67	4
63	67	4
64	67	6
65	67	8
66	67	21
39	68	1
41	68	4
42	68	2
43	68	2
44	68	1
45	68	3
46	68	1
48	68	1
49	68	3
50	68	1
51	68	3
52	68	4
53	68	2
54	68	1
55	68	3
56	68	1
57	68	1
58	68	3
59	68	3
60	68	5
61	68	7
62	68	4
63	68	4
64	68	3
65	68	7
66	68	18
67	68	34
39	69	1
41	69	1
45	69	4
47	69	1
48	69	1
49	69	2
50	69	3
51	69	1
52	69	4
54	69	3
55	69	2
56	69	2
57	69	1
59	69	4
60	69	4
61	69	2
62	69	3
63	69	5
64	69	10
65	69	7
66	69	18
67	69	24
68	69	34
41	70	1
42	70	1
44	70	2
45	70	1
46	70	2
47	70	1
48	70	1
49	70	2
50	70	1
51	70	2
53	70	1
55	70	1
57	70	2
58	70	2
59	70	2
60	70	2
61	70	1
62	70	6
63	70	2
64	70	7
65	70	3
66	70	16
67	70	10
68	70	17
69	70	40
42	71	1
44	71	1
47	71	3
49	71	1
50	71	1
51	71	1
52	71	1
58	71	1
62	71	2
63	71	5
64	71	2
65	71	2
67	71	3
68	71	3
69	71	5
70	71	3
42	72	2
43	72	1
44	72	2
45	72	2
46	72	3
47	72	4
49	72	3
50	72	1
51	72	4
53	72	2
55	72	2
58	72	1
59	72	1
60	72	2
61	72	2
62	72	2
63	72	2
64	72	4
65	72	5
66	72	4
67	72	3
68	72	3
69	72	7
70	72	6
71	72	27
41	73	1
42	73	1
43	73	1
44	73	2
45	73	3
46	73	2
47	73	2
48	73	1
50	73	1
51	73	4
53	73	1
55	73	1
57	73	1
58	73	2
59	73	2
60	73	1
61	73	3
62	73	1
63	73	4
64	73	8
65	73	4
66	73	2
67	73	4
68	73	6
69	73	4
70	73	10
71	73	12
72	73	33
42	74	2
43	74	2
44	74	1
46	74	3
47	74	1
48	74	1
49	74	1
50	74	1
51	74	4
52	74	3
53	74	6
54	74	4
55	74	1
58	74	4
59	74	1
60	74	4
61	74	3
62	74	1
63	74	5
64	74	5
65	74	2
66	74	4
67	74	5
68	74	7
69	74	10
70	74	3
72	74	3
73	74	19
41	75	1
42	75	2
43	75	2
44	75	1
45	75	1
46	75	1
48	75	1
51	75	1
52	75	2
53	75	3
54	75	5
55	75	2
56	75	1
57	75	2
58	75	2
59	75	2
60	75	1
61	75	1
62	75	4
63	75	1
64	75	1
65	75	2
66	75	3
67	75	4
68	75	6
69	75	3
70	75	2
71	75	3
72	75	3
73	75	10
74	75	26
42	76	1
43	76	2
44	76	1
48	76	1
50	76	1
51	76	1
52	76	2
53	76	1
54	76	4
55	76	1
56	76	8
59	76	2
60	76	1
61	76	4
62	76	8
63	76	1
64	76	2
65	76	2
66	76	1
67	76	3
68	76	2
69	76	2
70	76	2
71	76	1
72	76	1
73	76	2
74	76	6
75	76	22
40	77	1
41	77	1
43	77	1
45	77	1
46	77	2
48	77	1
50	77	1
51	77	1
52	77	3
53	77	4
54	77	3
55	77	1
56	77	2
57	77	1
58	77	4
59	77	3
60	77	4
61	77	6
62	77	2
63	77	2
65	77	1
66	77	1
67	77	2
68	77	2
69	77	3
70	77	1
71	77	1
73	77	1
74	77	5
75	77	13
76	77	19
41	78	2
42	78	1
44	78	1
46	78	1
47	78	1
48	78	1
49	78	1
50	78	2
51	78	3
52	78	3
53	78	2
54	78	3
55	78	1
56	78	3
58	78	2
59	78	3
60	78	1
61	78	1
62	78	4
63	78	1
65	78	1
66	78	2
67	78	4
68	78	5
69	78	4
70	78	2
71	78	1
72	78	1
74	78	3
75	78	9
76	78	10
77	78	29
41	79	2
44	79	1
46	79	2
47	79	1
49	79	1
51	79	2
52	79	1
53	79	2
54	79	3
55	79	1
56	79	3
58	79	3
59	79	4
60	79	4
61	79	4
62	79	2
63	79	3
65	79	2
66	79	1
67	79	4
68	79	3
69	79	3
71	79	3
72	79	4
73	79	6
74	79	6
75	79	7
76	79	12
77	79	20
78	79	22
42	80	1
44	80	2
47	80	2
50	80	1
51	80	2
52	80	1
56	80	1
60	80	1
62	80	2
63	80	3
64	80	5
69	80	2
70	80	5
71	80	2
72	80	3
73	80	4
74	80	2
75	80	1
76	80	5
77	80	9
78	80	4
79	80	18
41	81	1
42	81	2
43	81	2
46	81	1
48	81	1
51	81	1
52	81	1
55	81	3
56	81	1
57	81	1
59	81	2
60	81	1
61	81	5
62	81	3
63	81	3
64	81	2
65	81	2
66	81	4
67	81	1
69	81	2
70	81	1
73	81	1
74	81	6
75	81	1
76	81	1
77	81	4
78	81	4
79	81	8
80	81	17
41	82	2
43	82	1
45	82	1
46	82	1
47	82	1
48	82	1
49	82	1
51	82	5
53	82	1
54	82	2
55	82	2
57	82	1
58	82	1
60	82	4
61	82	3
62	82	2
64	82	1
65	82	1
66	82	1
68	82	2
69	82	4
70	82	2
72	82	1
73	82	3
74	82	2
75	82	1
77	82	3
78	82	4
79	82	8
80	82	13
81	82	31
39	83	1
42	83	1
43	83	1
44	83	1
47	83	2
50	83	1
51	83	1
52	83	1
53	83	1
55	83	3
56	83	2
58	83	2
60	83	1
62	83	1
63	83	2
64	83	2
65	83	1
67	83	2
68	83	1
70	83	1
73	83	1
74	83	2
75	83	6
76	83	3
77	83	8
78	83	3
79	83	7
80	83	9
81	83	19
82	83	32
42	84	1
47	84	1
48	84	1
51	84	3
52	84	4
53	84	2
54	84	3
56	84	2
57	84	1
58	84	3
59	84	2
60	84	4
61	84	2
62	84	3
63	84	2
64	84	1
65	84	1
66	84	2
67	84	1
68	84	2
69	84	1
70	84	2
73	84	2
74	84	2
76	84	8
77	84	4
78	84	7
79	84	9
80	84	7
81	84	3
82	84	24
83	84	19
43	85	1
45	85	1
48	85	1
51	85	2
52	85	1
54	85	3
55	85	1
56	85	1
59	85	1
60	85	3
61	85	5
62	85	2
65	85	2
66	85	3
68	85	2
69	85	5
70	85	2
71	85	2
72	85	1
73	85	2
74	85	2
75	85	2
76	85	3
77	85	4
78	85	5
79	85	3
80	85	10
81	85	12
82	85	17
83	85	20
84	85	24
39	86	1
41	86	1
43	86	2
45	86	1
46	86	1
47	86	1
48	86	1
51	86	1
52	86	2
53	86	2
54	86	2
56	86	1
57	86	1
58	86	2
60	86	2
61	86	5
62	86	1
63	86	2
65	86	3
67	86	1
69	86	2
70	86	3
72	86	1
73	86	3
74	86	4
75	86	1
76	86	3
77	86	2
78	86	5
79	86	4
80	86	5
81	86	9
82	86	13
83	86	7
84	86	11
85	86	15
41	87	4
42	87	1
43	87	1
46	87	2
52	87	4
53	87	1
55	87	3
56	87	1
57	87	2
58	87	4
59	87	2
60	87	1
61	87	3
62	87	1
65	87	2
66	87	2
67	87	1
68	87	3
71	87	2
73	87	2
74	87	1
75	87	2
76	87	2
78	87	1
79	87	4
80	87	2
81	87	6
82	87	5
83	87	7
84	87	12
85	87	16
86	87	24
40	88	1
43	88	1
45	88	2
46	88	2
50	88	1
51	88	1
53	88	1
55	88	3
57	88	1
58	88	2
59	88	1
60	88	3
61	88	2
62	88	2
63	88	1
66	88	1
67	88	2
68	88	2
69	88	3
70	88	2
74	88	2
75	88	9
76	88	3
77	88	3
78	88	6
79	88	8
80	88	2
81	88	5
82	88	4
83	88	3
84	88	12
85	88	6
86	88	9
87	88	19
42	89	3
43	89	1
45	89	3
51	89	1
52	89	1
53	89	2
54	89	2
55	89	3
56	89	4
57	89	7
58	89	1
59	89	4
61	89	2
62	89	2
64	89	2
65	89	1
66	89	1
67	89	1
69	89	2
70	89	1
71	89	1
72	89	1
75	89	1
76	89	5
77	89	2
78	89	6
79	89	3
80	89	5
81	89	9
82	89	3
83	89	7
84	89	5
85	89	14
86	89	9
87	89	14
88	89	20
41	90	1
46	90	2
52	90	4
53	90	2
55	90	7
56	90	1
57	90	4
58	90	1
60	90	3
61	90	2
62	90	2
63	90	1
64	90	1
66	90	2
67	90	1
69	90	1
73	90	1
74	90	2
75	90	1
76	90	3
77	90	5
78	90	5
79	90	3
80	90	4
81	90	9
82	90	6
83	90	8
84	90	9
85	90	11
86	90	14
87	90	11
88	90	12
89	90	22
42	91	2
48	91	3
51	91	2
52	91	2
53	91	3
54	91	2
55	91	1
56	91	2
57	91	3
58	91	1
59	91	5
60	91	2
61	91	2
62	91	5
63	91	2
65	91	1
67	91	2
69	91	3
70	91	1
72	91	3
73	91	4
74	91	3
75	91	3
76	91	1
77	91	6
78	91	7
79	91	6
80	91	7
81	91	11
82	91	6
83	91	6
84	91	8
85	91	11
86	91	9
87	91	5
88	91	10
89	91	12
90	91	18
42	92	3
43	92	1
44	92	2
45	92	1
46	92	3
47	92	1
48	92	1
49	92	3
50	92	1
51	92	1
52	92	1
53	92	1
54	92	2
55	92	2
56	92	1
59	92	1
60	92	2
62	92	1
63	92	1
64	92	3
65	92	3
66	92	1
67	92	1
68	92	3
69	92	4
70	92	1
71	92	1
73	92	4
74	92	1
75	92	7
76	92	2
77	92	3
78	92	4
79	92	6
80	92	12
81	92	2
82	92	6
83	92	4
84	92	4
85	92	1
86	92	3
87	92	4
88	92	5
89	92	7
90	92	7
91	92	24
39	93	1
41	93	1
42	93	1
43	93	2
44	93	1
45	93	2
47	93	1
48	93	1
49	93	2
51	93	2
52	93	2
53	93	4
54	93	1
55	93	3
56	93	3
57	93	1
58	93	5
59	93	1
60	93	2
61	93	4
62	93	1
63	93	1
64	93	1
65	93	1
67	93	2
68	93	6
69	93	1
70	93	3
74	93	3
75	93	2
76	93	5
77	93	2
78	93	3
79	93	5
80	93	1
81	93	1
83	93	1
84	93	2
85	93	1
87	93	6
88	93	2
89	93	3
90	93	2
91	93	11
92	93	15
42	94	1
43	94	2
44	94	1
48	94	1
49	94	1
51	94	2
53	94	3
54	94	2
55	94	1
56	94	1
58	94	2
60	94	3
61	94	2
62	94	1
63	94	2
65	94	1
67	94	3
68	94	3
69	94	4
70	94	2
72	94	1
73	94	1
74	94	2
75	94	1
77	94	2
78	94	5
79	94	3
81	94	3
82	94	1
83	94	1
84	94	3
85	94	3
86	94	3
87	94	2
88	94	3
89	94	5
90	94	3
91	94	7
92	94	7
93	94	21
40	95	1
41	95	2
42	95	1
43	95	1
45	95	1
51	95	1
52	95	2
53	95	1
54	95	1
55	95	1
57	95	4
58	95	3
59	95	4
60	95	3
61	95	2
62	95	1
63	95	1
64	95	2
65	95	1
66	95	2
67	95	2
68	95	1
69	95	1
70	95	1
71	95	3
73	95	3
74	95	2
76	95	2
77	95	3
78	95	3
79	95	2
80	95	2
81	95	3
82	95	2
83	95	1
84	95	2
85	95	1
86	95	1
87	95	3
89	95	4
90	95	4
91	95	3
92	95	7
93	95	10
94	95	20
41	96	1
45	96	2
46	96	2
48	96	1
51	96	1
53	96	5
54	96	3
55	96	1
56	96	1
57	96	3
58	96	3
59	96	2
60	96	3
61	96	3
62	96	1
63	96	2
66	96	2
67	96	1
68	96	6
69	96	1
74	96	2
75	96	1
76	96	2
77	96	4
78	96	4
79	96	2
80	96	1
81	96	1
83	96	1
84	96	2
85	96	5
87	96	3
88	96	6
89	96	1
90	96	2
91	96	8
92	96	3
93	96	16
94	96	11
95	96	19
41	97	3
42	97	1
51	97	2
53	97	3
55	97	1
56	97	3
57	97	2
58	97	1
59	97	4
61	97	2
62	97	1
63	97	1
66	97	1
68	97	3
70	97	2
71	97	1
73	97	2
74	97	2
75	97	1
76	97	3
77	97	4
78	97	3
79	97	1
80	97	2
81	97	1
84	97	3
86	97	1
87	97	1
88	97	4
89	97	5
90	97	6
91	97	2
92	97	7
93	97	8
94	97	7
95	97	6
96	97	16
42	98	1
43	98	2
46	98	1
49	98	1
52	98	2
53	98	1
54	98	2
55	98	5
56	98	6
57	98	1
58	98	2
59	98	2
61	98	3
63	98	1
64	98	1
65	98	3
67	98	1
68	98	2
69	98	2
70	98	1
73	98	3
74	98	1
75	98	4
76	98	1
77	98	5
78	98	3
79	98	1
80	98	1
81	98	2
82	98	1
83	98	2
84	98	1
85	98	3
86	98	3
87	98	1
88	98	2
89	98	2
90	98	6
91	98	2
92	98	7
93	98	10
94	98	7
95	98	6
96	98	13
97	98	23
39	99	1
41	99	1
42	99	1
43	99	3
44	99	1
45	99	2
46	99	1
52	99	3
53	99	2
54	99	2
56	99	1
57	99	1
58	99	6
59	99	3
60	99	4
61	99	4
62	99	2
63	99	1
64	99	1
65	99	3
66	99	2
67	99	1
68	99	2
70	99	1
72	99	1
73	99	1
74	99	2
75	99	5
76	99	1
77	99	4
79	99	2
81	99	3
82	99	4
84	99	5
85	99	1
86	99	2
87	99	5
88	99	4
89	99	3
90	99	4
91	99	7
92	99	3
93	99	4
94	99	10
95	99	12
96	99	6
97	99	14
98	99	29
41	100	1
46	100	4
49	100	1
50	100	1
53	100	1
54	100	2
55	100	2
56	100	1
58	100	3
59	100	3
60	100	1
61	100	1
62	100	5
63	100	2
66	100	2
67	100	2
68	100	2
69	100	2
71	100	1
73	100	3
74	100	6
75	100	4
76	100	1
77	100	3
78	100	3
79	100	1
80	100	5
81	100	3
82	100	1
83	100	2
84	100	5
85	100	3
87	100	1
88	100	1
89	100	3
90	100	4
91	100	4
92	100	5
93	100	7
94	100	9
95	100	10
96	100	6
97	100	13
98	100	17
99	100	24
43	101	2
44	101	1
45	101	1
46	101	2
47	101	1
48	101	1
49	101	2
50	101	1
53	101	1
55	101	1
60	101	1
61	101	1
62	101	1
63	101	1
64	101	1
66	101	1
69	101	3
71	101	1
72	101	1
73	101	4
74	101	2
75	101	1
76	101	1
78	101	2
79	101	2
80	101	2
82	101	1
85	101	1
87	101	1
89	101	1
91	101	2
92	101	5
93	101	1
95	101	5
96	101	1
97	101	2
98	101	2
99	101	1
100	101	11
43	102	2
46	102	2
47	102	3
49	102	1
50	102	1
51	102	3
54	102	1
62	102	1
63	102	1
64	102	2
66	102	2
67	102	2
68	102	1
69	102	1
71	102	4
72	102	1
73	102	4
74	102	1
78	102	1
79	102	1
80	102	3
81	102	2
85	102	1
87	102	1
91	102	1
92	102	3
93	102	3
94	102	2
95	102	1
96	102	3
97	102	3
98	102	1
100	102	5
101	102	47
43	103	2
44	103	2
46	103	1
47	103	1
48	103	2
50	103	3
54	103	1
55	103	2
58	103	1
60	103	1
61	103	1
63	103	2
64	103	2
65	103	2
67	103	1
68	103	1
69	103	1
70	103	2
72	103	2
75	103	1
77	103	1
79	103	1
80	103	2
81	103	2
82	103	1
85	103	1
86	103	1
90	103	1
92	103	5
93	103	2
94	103	1
95	103	3
96	103	2
97	103	1
98	103	2
99	103	1
100	103	5
101	103	15
102	103	43
40	104	1
44	104	1
46	104	1
49	104	1
50	104	2
52	104	1
54	104	1
56	104	1
58	104	1
60	104	1
62	104	2
64	104	2
66	104	1
69	104	2
70	104	1
71	104	2
73	104	1
75	104	1
76	104	1
77	104	1
78	104	1
80	104	1
84	104	1
86	104	1
87	104	1
89	104	3
91	104	1
92	104	1
93	104	1
94	104	1
95	104	1
96	104	2
97	104	2
98	104	1
99	104	2
100	104	4
101	104	9
102	104	6
103	104	37
42	105	2
43	105	1
44	105	2
45	105	2
46	105	2
48	105	2
50	105	3
51	105	1
52	105	1
57	105	2
60	105	2
63	105	4
67	105	2
68	105	1
69	105	1
70	105	2
72	105	2
73	105	3
75	105	1
77	105	1
78	105	1
79	105	1
85	105	1
86	105	2
87	105	1
88	105	1
91	105	1
94	105	2
96	105	1
97	105	2
99	105	2
100	105	3
101	105	6
102	105	13
103	105	24
104	105	55
43	106	2
44	106	1
45	106	1
46	106	2
47	106	1
50	106	1
51	106	1
52	106	1
55	106	2
58	106	1
64	106	1
66	106	1
67	106	1
69	106	2
70	106	2
72	106	2
73	106	1
74	106	1
77	106	1
79	106	1
82	106	2
83	106	1
85	106	1
86	106	1
90	106	1
93	106	1
94	106	1
95	106	2
98	106	1
99	106	3
100	106	4
101	106	6
102	106	2
103	106	9
104	106	18
105	106	21
44	107	3
47	107	1
48	107	1
51	107	3
52	107	1
55	107	1
56	107	1
58	107	1
61	107	1
68	107	2
71	107	1
73	107	2
79	107	1
82	107	1
83	107	1
84	107	1
85	107	1
86	107	1
87	107	2
91	107	2
92	107	1
95	107	1
98	107	1
99	107	1
100	107	2
101	107	4
102	107	5
103	107	6
104	107	2
105	107	13
106	107	23
41	108	1
44	108	2
45	108	1
46	108	1
48	108	1
50	108	1
53	108	1
55	108	1
57	108	1
60	108	1
61	108	1
62	108	1
63	108	3
64	108	1
65	108	1
68	108	1
69	108	1
70	108	1
71	108	1
72	108	1
73	108	1
74	108	1
75	108	1
78	108	1
80	108	1
82	108	1
83	108	4
87	108	2
90	108	2
91	108	1
92	108	1
93	108	2
94	108	1
95	108	1
96	108	1
98	108	1
99	108	1
100	108	2
101	108	1
102	108	2
103	108	4
104	108	1
105	108	8
106	108	14
107	108	32
41	109	1
42	109	1
43	109	1
46	109	2
49	109	1
50	109	1
54	109	1
55	109	1
57	109	1
60	109	1
61	109	1
62	109	2
63	109	2
66	109	1
68	109	1
71	109	1
72	109	1
75	109	2
76	109	3
79	109	1
81	109	2
82	109	4
83	109	3
84	109	1
85	109	2
86	109	1
89	109	1
90	109	1
91	109	1
92	109	1
94	109	4
96	109	4
97	109	3
98	109	3
99	109	2
101	109	1
102	109	1
103	109	5
104	109	5
105	109	3
106	109	7
107	109	7
108	109	35
42	110	1
43	110	1
44	110	1
45	110	2
46	110	1
47	110	1
48	110	1
49	110	3
50	110	3
52	110	1
53	110	2
54	110	1
55	110	1
56	110	2
57	110	1
59	110	1
61	110	2
63	110	4
66	110	3
67	110	1
68	110	2
69	110	2
73	110	1
76	110	1
77	110	1
79	110	2
80	110	2
82	110	1
85	110	1
86	110	1
88	110	1
89	110	1
91	110	1
92	110	1
93	110	1
94	110	2
96	110	1
97	110	3
98	110	3
99	110	2
100	110	3
101	110	5
102	110	2
103	110	9
104	110	5
105	110	6
106	110	4
107	110	9
108	110	24
109	110	35
43	111	1
44	111	2
46	111	4
47	111	2
52	111	1
63	111	3
64	111	1
67	111	1
71	111	1
78	111	1
80	111	2
81	111	1
86	111	3
87	111	1
91	111	1
92	111	1
95	111	1
96	111	1
98	111	1
99	111	1
100	111	3
101	111	5
103	111	1
105	111	7
106	111	4
107	111	7
108	111	6
109	111	12
110	111	26
44	112	3
46	112	1
48	112	1
51	112	2
62	112	1
63	112	1
65	112	1
67	112	1
68	112	1
69	112	1
71	112	2
77	112	2
79	112	1
80	112	1
82	112	1
86	112	2
88	112	1
89	112	1
90	112	3
91	112	2
92	112	1
96	112	2
98	112	1
99	112	1
100	112	1
101	112	2
102	112	5
103	112	4
104	112	2
105	112	3
106	112	7
107	112	8
108	112	3
109	112	4
110	112	14
111	112	22
45	113	1
47	113	1
51	113	1
53	113	1
57	113	1
59	113	1
62	113	1
63	113	1
65	113	1
66	113	2
67	113	1
71	113	1
73	113	3
75	113	3
77	113	1
79	113	1
80	113	2
81	113	1
87	113	1
90	113	1
92	113	2
95	113	2
96	113	2
97	113	1
100	113	3
101	113	2
102	113	4
103	113	4
105	113	2
106	113	4
107	113	2
108	113	1
109	113	6
110	113	8
111	113	15
112	113	40
41	114	1
44	114	1
45	114	1
48	114	1
49	114	1
51	114	2
59	114	1
61	114	1
62	114	3
63	114	3
65	114	1
67	114	1
70	114	1
72	114	2
73	114	1
75	114	1
76	114	1
77	114	1
80	114	2
82	114	1
83	114	1
84	114	1
86	114	1
90	114	1
94	114	2
96	114	2
97	114	1
98	114	1
99	114	2
100	114	4
101	114	2
102	114	1
104	114	3
105	114	4
106	114	1
107	114	4
108	114	4
109	114	1
110	114	4
111	114	7
112	114	15
113	114	53
41	115	2
43	115	1
44	115	1
46	115	1
50	115	2
51	115	1
52	115	1
53	115	1
54	115	1
61	115	1
63	115	1
66	115	3
67	115	1
68	115	2
69	115	2
70	115	1
71	115	1
74	115	4
75	115	2
78	115	1
79	115	1
82	115	2
83	115	2
84	115	1
85	115	1
86	115	1
87	115	1
90	115	1
91	115	1
93	115	1
94	115	3
95	115	1
96	115	2
97	115	3
98	115	3
99	115	1
100	115	2
101	115	1
102	115	4
103	115	1
104	115	2
106	115	3
107	115	1
108	115	5
109	115	1
110	115	4
111	115	5
112	115	7
113	115	11
114	115	22
41	116	1
43	116	1
44	116	2
45	116	1
46	116	2
47	116	2
49	116	1
50	116	1
51	116	3
52	116	1
56	116	1
57	116	1
59	116	1
62	116	3
63	116	1
64	116	1
65	116	1
66	116	1
70	116	1
72	116	2
73	116	1
74	116	3
76	116	1
78	116	1
79	116	1
80	116	1
82	116	1
83	116	1
87	116	3
90	116	2
93	116	1
95	116	1
96	116	1
98	116	2
99	116	2
101	116	3
102	116	2
103	116	3
104	116	1
105	116	3
106	116	4
107	116	3
108	116	5
109	116	7
110	116	8
111	116	2
112	116	6
113	116	17
114	116	27
115	116	30
41	117	1
42	117	1
43	117	1
44	117	2
47	117	1
50	117	1
55	117	1
58	117	1
61	117	1
62	117	2
63	117	1
64	117	3
66	117	1
68	117	2
69	117	1
70	117	3
71	117	1
72	117	2
74	117	1
75	117	1
77	117	1
78	117	1
81	117	2
82	117	1
84	117	1
85	117	1
86	117	1
88	117	1
90	117	3
91	117	1
92	117	2
94	117	1
95	117	3
96	117	1
97	117	1
99	117	3
100	117	3
102	117	1
103	117	2
104	117	4
105	117	3
107	117	3
109	117	3
110	117	7
111	117	2
112	117	5
113	117	9
114	117	11
115	117	12
116	117	33
41	118	1
42	118	1
44	118	4
46	118	1
50	118	2
53	118	3
54	118	1
58	118	1
64	118	4
65	118	1
66	118	1
67	118	1
68	118	2
69	118	2
71	118	2
72	118	1
74	118	2
76	118	2
78	118	1
79	118	3
80	118	2
82	118	1
83	118	2
84	118	1
85	118	1
90	118	1
92	118	2
93	118	2
94	118	1
96	118	1
98	118	1
99	118	3
100	118	3
101	118	3
102	118	2
103	118	2
104	118	4
105	118	8
106	118	2
107	118	2
108	118	3
109	118	1
110	118	2
111	118	2
112	118	7
113	118	7
114	118	8
115	118	7
116	118	9
117	118	22
44	119	1
45	119	2
46	119	2
50	119	1
51	119	1
54	119	1
55	119	1
62	119	2
63	119	3
64	119	1
65	119	3
66	119	2
69	119	2
72	119	1
73	119	1
74	119	2
79	119	1
81	119	2
82	119	1
84	119	1
86	119	1
88	119	1
89	119	1
91	119	2
92	119	1
94	119	2
96	119	2
97	119	1
98	119	1
99	119	3
100	119	2
102	119	1
103	119	2
104	119	1
105	119	1
107	119	1
108	119	5
110	119	2
111	119	9
112	119	3
113	119	5
114	119	8
115	119	2
116	119	5
117	119	10
118	119	30
42	120	1
46	120	1
48	120	1
49	120	2
50	120	2
51	120	3
55	120	2
57	120	1
59	120	1
62	120	1
63	120	1
64	120	1
65	120	4
66	120	1
67	120	1
68	120	1
69	120	1
70	120	2
73	120	3
75	120	1
77	120	1
80	120	3
81	120	1
83	120	1
85	120	1
90	120	1
91	120	1
92	120	1
93	120	2
94	120	1
95	120	1
99	120	2
100	120	3
101	120	1
102	120	3
103	120	2
104	120	1
105	120	2
106	120	3
107	120	3
108	120	1
109	120	1
111	120	8
112	120	2
113	120	2
114	120	9
115	120	6
116	120	15
117	120	11
118	120	28
119	120	53
43	121	2
44	121	1
48	121	1
50	121	2
51	121	1
52	121	1
54	121	3
55	121	1
58	121	1
60	121	1
61	121	1
63	121	4
64	121	1
65	121	1
66	121	2
67	121	1
69	121	2
70	121	2
73	121	4
75	121	1
79	121	1
81	121	4
82	121	2
85	121	1
87	121	3
88	121	1
89	121	1
90	121	1
91	121	1
92	121	1
94	121	1
95	121	1
96	121	1
97	121	1
98	121	3
100	121	1
101	121	2
102	121	1
103	121	1
104	121	1
105	121	4
106	121	1
107	121	1
108	121	3
109	121	3
110	121	6
111	121	3
112	121	2
113	121	5
114	121	5
115	121	3
116	121	5
117	121	5
118	121	10
119	121	7
120	121	21
43	122	4
45	122	1
46	122	2
47	122	1
49	122	1
51	122	2
52	122	2
55	122	2
58	122	1
60	122	2
65	122	1
66	122	2
74	122	1
75	122	2
77	122	1
82	122	1
85	122	2
86	122	1
90	122	1
91	122	1
92	122	2
93	122	2
94	122	2
95	122	1
96	122	3
98	122	2
100	122	1
103	122	1
104	122	1
105	122	2
106	122	2
107	122	4
108	122	2
109	122	3
110	122	1
111	122	3
112	122	2
113	122	1
114	122	7
115	122	2
116	122	5
117	122	2
118	122	6
119	122	11
120	122	24
121	122	34
42	123	1
44	123	1
46	123	1
49	123	2
50	123	2
55	123	1
57	123	1
59	123	1
60	123	1
61	123	1
62	123	2
63	123	1
65	123	1
70	123	1
71	123	1
72	123	2
73	123	3
74	123	1
75	123	1
78	123	1
79	123	2
81	123	1
82	123	1
86	123	1
89	123	3
91	123	1
92	123	1
94	123	1
99	123	2
100	123	1
101	123	3
102	123	1
103	123	2
104	123	4
105	123	1
106	123	1
107	123	1
108	123	1
109	123	1
110	123	1
112	123	1
113	123	4
114	123	3
115	123	1
116	123	2
117	123	3
118	123	3
119	123	4
120	123	7
121	123	23
122	123	23
42	124	1
45	124	2
46	124	4
58	124	1
62	124	1
63	124	1
64	124	1
65	124	1
66	124	1
67	124	1
68	124	1
69	124	1
70	124	1
73	124	2
75	124	1
77	124	1
79	124	1
81	124	3
83	124	1
84	124	1
85	124	1
87	124	3
93	124	1
97	124	1
101	124	4
103	124	2
104	124	1
105	124	1
107	124	1
108	124	2
109	124	1
110	124	2
112	124	3
113	124	3
115	124	4
116	124	2
117	124	3
118	124	7
119	124	3
120	124	5
121	124	10
122	124	16
123	124	34
43	125	1
46	125	1
47	125	1
49	125	1
50	125	1
51	125	3
52	125	2
54	125	2
57	125	1
62	125	1
63	125	1
66	125	1
68	125	2
69	125	1
70	125	1
72	125	2
73	125	3
74	125	1
77	125	2
78	125	1
81	125	1
83	125	4
84	125	1
87	125	2
89	125	1
91	125	1
93	125	1
95	125	4
97	125	1
98	125	2
99	125	1
100	125	2
101	125	2
103	125	1
104	125	1
105	125	1
107	125	2
108	125	3
109	125	2
111	125	4
112	125	3
113	125	2
114	125	1
115	125	2
116	125	5
117	125	2
118	125	8
119	125	5
120	125	8
121	125	7
122	125	13
123	125	19
124	125	54
41	126	1
42	126	1
44	126	1
46	126	1
48	126	2
51	126	2
52	126	1
53	126	1
54	126	1
58	126	1
63	126	1
64	126	2
66	126	3
68	126	2
69	126	3
70	126	1
71	126	3
72	126	1
75	126	3
76	126	2
77	126	3
78	126	1
81	126	1
82	126	1
83	126	1
84	126	2
86	126	1
87	126	4
88	126	1
89	126	1
91	126	1
94	126	3
95	126	1
97	126	2
98	126	3
99	126	1
100	126	2
101	126	1
102	126	1
103	126	2
104	126	3
105	126	2
108	126	2
109	126	1
110	126	1
112	126	1
113	126	1
114	126	2
116	126	5
117	126	3
118	126	3
119	126	3
120	126	4
121	126	4
122	126	7
123	126	8
124	126	13
125	126	35
39	127	1
41	127	2
45	127	1
46	127	1
49	127	1
52	127	1
53	127	2
55	127	1
57	127	1
60	127	1
62	127	1
63	127	2
64	127	1
65	127	3
67	127	6
68	127	1
69	127	1
72	127	1
74	127	2
77	127	1
78	127	1
79	127	1
83	127	3
85	127	1
87	127	4
88	127	3
92	127	4
93	127	3
94	127	1
95	127	1
97	127	2
98	127	2
99	127	1
100	127	3
104	127	6
105	127	3
107	127	2
108	127	3
110	127	2
111	127	2
112	127	3
113	127	1
114	127	2
115	127	1
116	127	2
117	127	1
118	127	2
119	127	3
120	127	10
121	127	12
122	127	6
123	127	4
124	127	8
125	127	17
126	127	37
42	128	2
44	128	2
46	128	1
48	128	2
50	128	1
51	128	1
55	128	1
57	128	1
58	128	1
59	128	1
61	128	1
63	128	1
66	128	1
67	128	1
68	128	1
69	128	1
70	128	1
71	128	1
72	128	1
76	128	1
77	128	1
79	128	1
80	128	3
82	128	2
84	128	1
85	128	1
88	128	1
89	128	1
90	128	1
91	128	1
92	128	3
93	128	1
94	128	1
95	128	2
96	128	2
99	128	1
101	128	1
104	128	2
105	128	4
106	128	1
108	128	2
109	128	2
110	128	2
111	128	2
113	128	5
114	128	3
115	128	2
116	128	1
117	128	3
118	128	2
119	128	6
120	128	5
121	128	8
122	128	7
123	128	9
124	128	11
125	128	18
126	128	17
127	128	33
42	129	2
44	129	3
56	129	1
63	129	1
67	129	2
68	129	2
71	129	1
79	129	1
80	129	2
82	129	2
87	129	1
91	129	1
92	129	1
96	129	1
97	129	1
100	129	1
101	129	3
102	129	3
103	129	3
105	129	1
108	129	1
111	129	2
113	129	1
115	129	1
116	129	1
117	129	2
118	129	3
119	129	3
120	129	6
121	129	3
122	129	1
123	129	3
124	129	1
125	129	8
126	129	6
127	129	3
128	129	20
42	130	1
45	130	1
46	130	1
47	130	3
49	130	2
50	130	1
52	130	1
55	130	1
56	130	1
61	130	1
64	130	3
65	130	1
66	130	1
68	130	1
69	130	1
72	130	3
73	130	1
77	130	1
79	130	1
81	130	1
82	130	1
84	130	1
89	130	1
96	130	1
99	130	1
101	130	1
102	130	5
104	130	2
105	130	2
107	130	1
109	130	1
111	130	3
112	130	2
113	130	3
114	130	3
115	130	1
116	130	2
117	130	2
118	130	5
119	130	7
120	130	2
121	130	2
122	130	6
123	130	5
124	130	6
125	130	9
126	130	12
127	130	4
128	130	12
129	130	54
45	131	1
46	131	2
48	131	1
58	131	1
61	131	1
65	131	1
68	131	1
70	131	1
72	131	1
75	131	1
86	131	1
87	131	2
88	131	1
89	131	1
91	131	1
96	131	1
100	131	1
104	131	1
105	131	5
107	131	3
108	131	1
109	131	2
111	131	1
112	131	4
114	131	1
115	131	1
116	131	1
117	131	1
118	131	6
119	131	2
120	131	6
121	131	1
122	131	2
123	131	3
124	131	2
125	131	2
126	131	3
127	131	3
128	131	7
129	131	12
130	131	25
41	132	1
43	132	1
46	132	3
50	132	1
59	132	1
62	132	1
64	132	1
65	132	1
66	132	1
68	132	1
70	132	1
71	132	1
73	132	2
76	132	1
77	132	1
78	132	1
79	132	1
84	132	2
89	132	1
91	132	1
92	132	1
95	132	1
99	132	2
101	132	3
102	132	1
103	132	3
105	132	1
107	132	2
110	132	3
111	132	2
112	132	3
114	132	4
117	132	1
118	132	1
119	132	2
120	132	2
121	132	2
122	132	1
123	132	2
125	132	2
126	132	1
127	132	1
128	132	3
129	132	4
130	132	2
131	132	18
43	133	1
44	133	1
45	133	1
46	133	1
48	133	1
51	133	1
52	133	2
54	133	1
57	133	1
63	133	1
64	133	1
66	133	1
68	133	1
69	133	2
72	133	1
80	133	1
83	133	2
89	133	1
90	133	2
91	133	1
93	133	2
96	133	1
97	133	1
100	133	2
102	133	1
103	133	1
104	133	1
105	133	1
108	133	2
109	133	2
112	133	2
113	133	1
114	133	3
115	133	1
116	133	3
117	133	3
118	133	1
119	133	3
120	133	2
121	133	2
122	133	2
123	133	3
125	133	3
127	133	1
128	133	2
129	133	4
130	133	6
131	133	13
132	133	51
41	134	1
44	134	1
46	134	1
48	134	1
51	134	1
52	134	1
63	134	1
64	134	2
65	134	2
66	134	1
67	134	1
68	134	1
74	134	1
78	134	1
80	134	1
83	134	1
84	134	1
85	134	1
87	134	2
88	134	1
92	134	1
93	134	1
95	134	1
97	134	1
98	134	1
99	134	2
103	134	2
104	134	1
105	134	2
106	134	1
107	134	5
108	134	1
109	134	1
110	134	1
111	134	1
112	134	1
113	134	2
115	134	1
116	134	4
117	134	3
118	134	1
119	134	2
120	134	1
121	134	1
122	134	3
123	134	5
124	134	2
125	134	2
126	134	7
127	134	3
128	134	4
129	134	3
130	134	2
131	134	10
132	134	14
133	134	21
43	135	1
45	135	1
46	135	1
48	135	1
49	135	1
53	135	1
55	135	1
62	135	1
64	135	2
66	135	1
68	135	1
69	135	1
73	135	1
79	135	1
80	135	3
83	135	1
84	135	1
86	135	1
87	135	1
89	135	1
92	135	1
98	135	1
99	135	1
102	135	1
103	135	1
105	135	3
107	135	2
109	135	2
110	135	1
113	135	1
114	135	2
117	135	4
118	135	3
120	135	1
122	135	1
124	135	1
125	135	5
126	135	1
127	135	1
128	135	2
129	135	4
130	135	1
131	135	6
132	135	9
133	135	8
134	135	20
42	136	1
45	136	2
48	136	1
54	136	1
57	136	1
60	136	2
71	136	1
72	136	2
83	136	2
85	136	1
87	136	1
89	136	1
92	136	1
94	136	1
96	136	1
98	136	1
103	136	1
111	136	1
112	136	1
113	136	1
114	136	2
119	136	1
121	136	1
122	136	2
123	136	1
124	136	1
125	136	4
128	136	2
129	136	1
130	136	2
131	136	6
132	136	10
133	136	4
134	136	18
135	136	24
42	137	1
44	137	1
47	137	1
50	137	2
51	137	1
55	137	1
60	137	1
62	137	1
64	137	1
68	137	1
69	137	1
70	137	1
71	137	1
72	137	1
74	137	1
82	137	1
85	137	1
87	137	1
88	137	2
92	137	2
95	137	1
96	137	3
97	137	2
99	137	1
100	137	2
101	137	1
102	137	2
104	137	1
106	137	1
107	137	2
108	137	1
109	137	3
111	137	4
116	137	1
117	137	4
118	137	2
119	137	1
120	137	2
122	137	1
123	137	1
127	137	1
129	137	3
130	137	2
131	137	5
132	137	2
133	137	2
134	137	3
135	137	8
136	137	21
41	138	1
44	138	1
45	138	1
46	138	1
48	138	1
50	138	1
53	138	1
54	138	1
56	138	1
59	138	1
60	138	1
64	138	2
66	138	1
67	138	1
69	138	1
70	138	2
76	138	1
79	138	1
80	138	1
83	138	1
85	138	2
87	138	1
91	138	1
94	138	1
99	138	1
101	138	2
107	138	1
112	138	1
113	138	2
114	138	1
115	138	1
116	138	1
117	138	1
118	138	1
119	138	2
121	138	3
124	138	1
125	138	3
127	138	2
128	138	1
129	138	2
130	138	3
131	138	4
132	138	4
133	138	4
134	138	4
135	138	6
136	138	13
137	138	36
45	139	2
47	139	2
57	139	1
62	139	1
64	139	1
68	139	1
69	139	1
74	139	1
79	139	1
84	139	1
100	139	1
102	139	1
103	139	1
108	139	1
109	139	3
111	139	2
113	139	2
118	139	2
119	139	3
122	139	2
125	139	2
126	139	1
128	139	1
129	139	1
130	139	3
131	139	2
132	139	3
133	139	1
134	139	5
135	139	2
136	139	6
137	139	20
138	139	53
44	140	1
46	140	1
58	140	1
66	140	1
73	140	1
75	140	1
76	140	1
77	140	1
78	140	3
80	140	1
82	140	1
83	140	1
87	140	2
88	140	2
89	140	1
90	140	1
91	140	1
94	140	1
97	140	1
99	140	2
100	140	1
101	140	1
102	140	2
104	140	2
105	140	3
106	140	1
108	140	1
110	140	1
113	140	1
117	140	3
118	140	1
120	140	1
121	140	3
123	140	1
124	140	2
125	140	2
126	140	2
127	140	1
128	140	2
129	140	1
130	140	4
131	140	5
132	140	2
134	140	8
135	140	4
136	140	4
137	140	14
138	140	18
139	140	15
44	141	1
46	141	1
62	141	1
68	141	2
77	141	1
90	141	1
101	141	2
102	141	1
104	141	1
107	141	1
109	141	2
110	141	4
111	141	1
113	141	1
116	141	2
117	141	2
119	141	1
122	141	1
123	141	1
125	141	2
126	141	1
128	141	2
129	141	4
130	141	2
131	141	2
132	141	1
133	141	3
134	141	12
135	141	1
136	141	5
137	141	5
138	141	8
139	141	7
140	141	34
47	142	1
49	142	1
53	142	1
58	142	1
60	142	1
61	142	1
63	142	1
64	142	2
66	142	1
67	142	1
69	142	2
73	142	1
75	142	1
81	142	1
88	142	1
104	142	1
105	142	1
106	142	2
108	142	4
109	142	2
110	142	2
112	142	2
115	142	1
116	142	1
117	142	3
118	142	3
119	142	1
121	142	1
122	142	1
123	142	1
124	142	1
127	142	2
128	142	1
129	142	5
130	142	2
131	142	1
132	142	1
133	142	4
134	142	1
135	142	3
136	142	4
137	142	6
138	142	5
139	142	8
140	142	14
141	142	41
42	143	1
43	143	1
45	143	1
48	143	1
51	143	1
52	143	1
53	143	2
59	143	1
60	143	1
63	143	1
65	143	2
72	143	1
75	143	2
80	143	1
82	143	1
83	143	1
86	143	1
88	143	1
93	143	1
96	143	1
103	143	3
105	143	2
106	143	2
108	143	1
110	143	2
111	143	1
112	143	2
113	143	1
116	143	1
117	143	3
118	143	1
119	143	2
122	143	2
124	143	2
131	143	2
132	143	2
133	143	1
134	143	3
135	143	2
136	143	4
137	143	6
138	143	6
139	143	3
140	143	7
141	143	16
142	143	21
42	144	1
43	144	1
45	144	3
49	144	1
50	144	1
63	144	1
64	144	1
65	144	1
68	144	1
69	144	2
76	144	1
79	144	1
85	144	1
89	144	1
91	144	1
92	144	2
98	144	1
99	144	1
100	144	1
102	144	2
103	144	4
105	144	1
106	144	2
109	144	2
110	144	1
112	144	4
113	144	2
114	144	1
115	144	1
116	144	3
117	144	1
118	144	2
119	144	2
122	144	2
123	144	1
124	144	1
125	144	1
127	144	3
129	144	4
130	144	1
131	144	3
132	144	1
133	144	1
134	144	7
135	144	1
137	144	3
138	144	3
139	144	2
140	144	6
141	144	7
142	144	12
143	144	25
41	145	1
44	145	1
48	145	1
49	145	1
50	145	1
51	145	2
55	145	1
57	145	1
62	145	1
64	145	1
65	145	1
69	145	3
71	145	1
73	145	1
74	145	1
79	145	1
84	145	1
86	145	1
91	145	1
92	145	1
97	145	2
100	145	2
101	145	1
104	145	2
108	145	1
109	145	3
112	145	1
113	145	1
114	145	1
115	145	1
117	145	1
118	145	1
119	145	3
120	145	1
122	145	1
123	145	1
124	145	1
129	145	3
130	145	3
131	145	2
133	145	7
134	145	2
135	145	4
137	145	4
138	145	6
139	145	3
140	145	9
141	145	11
142	145	10
143	145	24
144	145	70
39	146	1
41	146	1
49	146	1
51	146	1
52	146	1
56	146	1
59	146	1
60	146	1
61	146	1
63	146	1
66	146	2
67	146	1
69	146	1
70	146	1
71	146	1
72	146	1
76	146	1
79	146	2
80	146	1
82	146	1
84	146	1
86	146	2
88	146	1
90	146	2
95	146	1
98	146	1
104	146	2
108	146	1
111	146	1
113	146	1
114	146	2
115	146	1
117	146	2
118	146	1
119	146	1
120	146	1
121	146	1
122	146	1
123	146	1
124	146	1
125	146	2
127	146	4
128	146	1
129	146	2
131	146	2
132	146	4
133	146	3
134	146	1
135	146	2
136	146	1
137	146	4
138	146	3
139	146	3
140	146	4
141	146	5
142	146	3
143	146	7
144	146	16
145	146	53
47	147	1
52	147	1
57	147	2
63	147	1
65	147	1
66	147	1
71	147	1
72	147	1
79	147	1
80	147	1
81	147	1
83	147	1
84	147	1
98	147	1
99	147	1
103	147	4
105	147	2
107	147	1
109	147	2
112	147	1
116	147	1
117	147	1
118	147	2
119	147	2
120	147	2
122	147	1
124	147	2
125	147	3
128	147	2
130	147	2
131	147	3
132	147	1
133	147	1
134	147	4
135	147	1
136	147	2
137	147	1
138	147	2
139	147	3
140	147	8
141	147	3
142	147	3
143	147	10
144	147	16
145	147	13
146	147	38
43	148	1
47	148	1
48	148	1
50	148	1
51	148	1
52	148	1
57	148	1
64	148	2
69	148	1
84	148	1
87	148	1
88	148	2
94	148	1
100	148	1
101	148	1
102	148	1
103	148	2
104	148	1
105	148	3
107	148	1
108	148	1
109	148	1
111	148	1
112	148	1
113	148	1
114	148	2
116	148	1
117	148	1
119	148	4
120	148	3
122	148	2
124	148	1
128	148	1
130	148	1
131	148	1
132	148	1
133	148	2
134	148	1
136	148	1
137	148	2
138	148	2
139	148	1
140	148	2
141	148	3
142	148	2
143	148	5
144	148	3
145	148	6
146	148	12
147	148	19
48	149	3
51	149	2
52	149	1
57	149	1
60	149	1
64	149	2
99	149	1
102	149	2
103	149	1
105	149	2
108	149	2
111	149	1
113	149	2
114	149	1
118	149	1
119	149	3
120	149	2
122	149	1
132	149	1
133	149	2
137	149	1
138	149	3
139	149	2
140	149	4
141	149	1
142	149	6
143	149	1
144	149	3
145	149	3
146	149	8
147	149	10
148	149	35
42	150	1
44	150	1
46	150	1
47	150	1
57	150	1
68	150	1
71	150	1
80	150	1
81	150	1
86	150	1
88	150	1
90	150	1
95	150	1
102	150	1
103	150	1
104	150	1
105	150	2
106	150	2
110	150	1
111	150	2
114	150	1
115	150	1
116	150	1
118	150	1
121	150	2
126	150	1
127	150	1
128	150	1
129	150	2
130	150	1
131	150	3
133	150	1
134	150	1
137	150	1
138	150	3
139	150	3
140	150	4
141	150	1
142	150	1
143	150	3
144	150	5
145	150	6
146	150	1
147	150	11
148	150	6
149	150	12
43	151	2
45	151	1
46	151	1
48	151	1
50	151	1
55	151	1
65	151	1
68	151	1
73	151	1
78	151	1
80	151	1
84	151	1
88	151	1
90	151	1
101	151	1
102	151	2
104	151	1
105	151	3
106	151	1
107	151	2
110	151	2
111	151	1
112	151	1
113	151	1
115	151	3
116	151	1
117	151	1
119	151	1
120	151	3
121	151	3
123	151	1
126	151	2
127	151	1
128	151	1
129	151	1
130	151	3
131	151	2
132	151	3
136	151	2
137	151	1
138	151	5
139	151	2
140	151	2
141	151	3
142	151	3
143	151	7
144	151	1
145	151	2
146	151	1
147	151	5
148	151	8
149	151	10
150	151	36
43	152	1
44	152	1
45	152	2
47	152	1
48	152	1
49	152	1
59	152	1
60	152	1
62	152	1
69	152	1
81	152	1
82	152	1
92	152	1
99	152	1
101	152	1
102	152	1
103	152	1
104	152	2
110	152	1
111	152	1
112	152	3
114	152	1
116	152	2
117	152	1
118	152	5
119	152	2
121	152	1
123	152	1
124	152	1
125	152	3
128	152	1
129	152	2
130	152	1
131	152	2
132	152	3
133	152	2
134	152	2
135	152	1
136	152	1
137	152	4
138	152	2
139	152	2
140	152	1
141	152	2
142	152	3
143	152	1
144	152	2
145	152	6
146	152	5
147	152	4
148	152	4
149	152	3
150	152	10
151	152	38
41	153	1
47	153	1
50	153	1
55	153	1
58	153	1
64	153	1
66	153	1
68	153	1
69	153	1
70	153	1
71	153	1
72	153	1
73	153	2
74	153	1
81	153	2
82	153	1
85	153	1
86	153	1
87	153	2
92	153	1
94	153	1
95	153	1
96	153	2
97	153	1
100	153	1
101	153	1
102	153	1
103	153	3
104	153	4
106	153	2
108	153	1
111	153	2
112	153	1
113	153	1
114	153	1
115	153	2
116	153	1
117	153	2
119	153	2
120	153	3
121	153	1
122	153	1
123	153	2
125	153	2
127	153	2
129	153	1
130	153	1
131	153	1
132	153	4
133	153	2
134	153	1
135	153	1
136	153	2
137	153	3
139	153	4
140	153	6
141	153	1
142	153	2
143	153	2
144	153	3
145	153	3
146	153	3
147	153	3
148	153	6
149	153	3
150	153	9
151	153	13
152	153	41
44	154	1
45	154	2
46	154	1
50	154	2
57	154	1
58	154	1
68	154	1
69	154	2
80	154	2
86	154	1
88	154	1
98	154	1
104	154	1
107	154	1
111	154	3
112	154	3
113	154	1
115	154	2
116	154	1
119	154	1
122	154	2
123	154	1
124	154	2
125	154	1
128	154	1
129	154	2
130	154	1
131	154	1
132	154	4
133	154	1
134	154	3
135	154	3
136	154	2
137	154	3
138	154	2
140	154	1
142	154	2
143	154	2
145	154	3
146	154	2
148	154	2
149	154	1
150	154	6
151	154	7
152	154	7
153	154	25
44	155	1
47	155	1
48	155	1
62	155	1
66	155	1
71	155	1
72	155	1
73	155	2
75	155	1
85	155	1
88	155	1
91	155	1
92	155	1
94	155	1
99	155	1
100	155	1
102	155	1
103	155	3
105	155	1
106	155	1
108	155	1
109	155	1
111	155	1
113	155	3
115	155	1
116	155	3
118	155	3
120	155	1
123	155	2
125	155	1
127	155	1
129	155	2
131	155	2
132	155	2
134	155	3
138	155	1
139	155	3
140	155	1
141	155	2
142	155	4
144	155	2
145	155	2
146	155	1
147	155	2
148	155	3
149	155	1
150	155	4
151	155	5
152	155	4
153	155	11
154	155	22
43	156	2
44	156	1
46	156	1
49	156	1
51	156	1
55	156	2
63	156	1
64	156	2
67	156	1
69	156	1
72	156	3
82	156	1
85	156	1
94	156	1
96	156	1
99	156	2
100	156	1
103	156	2
104	156	1
105	156	1
106	156	1
107	156	1
108	156	1
109	156	1
110	156	2
111	156	3
112	156	4
113	156	3
114	156	1
116	156	1
117	156	2
118	156	2
119	156	2
121	156	1
122	156	2
125	156	1
126	156	2
128	156	1
129	156	1
130	156	3
131	156	5
132	156	4
133	156	1
134	156	1
135	156	1
136	156	4
137	156	1
138	156	1
140	156	2
141	156	1
142	156	2
143	156	2
144	156	2
145	156	2
146	156	1
148	156	4
149	156	2
150	156	2
151	156	2
152	156	5
153	156	2
154	156	9
155	156	19
41	157	1
44	157	1
45	157	2
47	157	1
53	157	1
61	157	1
63	157	1
65	157	2
68	157	2
70	157	1
71	157	2
72	157	1
73	157	1
74	157	1
77	157	1
79	157	1
80	157	2
82	157	1
83	157	2
85	157	1
88	157	1
91	157	1
92	157	1
94	157	1
99	157	1
100	157	1
101	157	3
102	157	1
103	157	2
104	157	1
105	157	3
107	157	2
108	157	4
109	157	1
112	157	2
114	157	3
117	157	1
118	157	2
119	157	2
120	157	1
123	157	3
124	157	3
125	157	2
126	157	3
127	157	1
128	157	3
129	157	2
132	157	2
134	157	4
136	157	2
137	157	1
138	157	1
139	157	1
140	157	2
142	157	1
143	157	1
144	157	2
145	157	2
147	157	3
148	157	3
149	157	3
150	157	2
151	157	3
152	157	5
153	157	4
154	157	2
155	157	7
156	157	30
42	158	1
43	158	1
49	158	1
50	158	2
52	158	1
53	158	1
56	158	3
60	158	1
61	158	2
64	158	1
65	158	1
67	158	1
68	158	1
69	158	1
76	158	1
78	158	1
79	158	2
80	158	3
81	158	1
82	158	1
85	158	2
86	158	2
87	158	1
88	158	1
91	158	1
93	158	1
94	158	2
97	158	2
98	158	1
101	158	1
103	158	2
104	158	1
106	158	2
109	158	2
110	158	1
112	158	1
113	158	2
114	158	1
115	158	3
116	158	2
117	158	2
118	158	2
119	158	2
120	158	3
121	158	3
122	158	1
123	158	1
125	158	1
126	158	2
127	158	4
128	158	3
132	158	2
134	158	4
135	158	2
136	158	3
137	158	2
139	158	1
140	158	4
142	158	2
143	158	2
145	158	2
147	158	1
150	158	3
151	158	1
152	158	4
153	158	1
154	158	2
155	158	3
156	158	4
157	158	19
41	159	1
43	159	2
45	159	1
50	159	4
52	159	1
53	159	1
54	159	1
55	159	1
60	159	2
63	159	1
66	159	1
67	159	1
68	159	2
69	159	1
70	159	3
74	159	4
75	159	1
76	159	1
77	159	1
78	159	1
79	159	2
81	159	1
82	159	2
83	159	2
84	159	1
85	159	2
86	159	2
87	159	2
89	159	1
90	159	1
91	159	2
92	159	1
93	159	2
94	159	3
95	159	1
97	159	1
98	159	2
99	159	4
100	159	4
104	159	1
105	159	3
109	159	4
110	159	3
111	159	1
112	159	1
113	159	1
114	159	1
115	159	3
117	159	3
118	159	1
120	159	4
121	159	2
122	159	3
123	159	1
124	159	1
125	159	1
127	159	1
128	159	5
129	159	2
130	159	1
131	159	1
132	159	1
133	159	2
134	159	2
135	159	3
136	159	2
137	159	1
140	159	2
141	159	2
142	159	5
144	159	1
145	159	1
146	159	2
150	159	2
151	159	1
153	159	3
155	159	3
156	159	2
157	159	14
158	159	18
42	160	1
43	160	2
47	160	1
52	160	2
53	160	2
55	160	1
56	160	2
58	160	1
59	160	2
60	160	2
62	160	1
63	160	1
66	160	2
67	160	1
68	160	1
69	160	1
70	160	2
74	160	1
75	160	1
76	160	4
80	160	1
81	160	2
82	160	1
84	160	3
86	160	1
87	160	1
88	160	2
90	160	3
91	160	2
92	160	2
93	160	1
94	160	2
96	160	4
98	160	2
99	160	1
100	160	2
106	160	1
107	160	1
109	160	1
110	160	1
111	160	1
113	160	1
114	160	1
115	160	1
117	160	1
118	160	1
120	160	1
121	160	1
122	160	1
123	160	1
125	160	1
126	160	2
128	160	1
129	160	1
131	160	3
132	160	2
134	160	1
135	160	1
136	160	1
138	160	1
145	160	1
146	160	1
149	160	1
150	160	1
152	160	1
154	160	1
155	160	1
156	160	1
157	160	2
158	160	11
159	160	21
41	161	3
47	161	1
48	161	1
53	161	2
54	161	1
55	161	1
56	161	1
58	161	3
61	161	1
62	161	2
64	161	2
65	161	1
68	161	1
69	161	3
75	161	2
78	161	1
82	161	2
83	161	3
84	161	2
85	161	1
86	161	1
88	161	2
89	161	1
91	161	2
92	161	1
93	161	2
94	161	4
96	161	3
97	161	2
98	161	3
99	161	1
100	161	2
101	161	2
102	161	1
108	161	2
113	161	1
114	161	1
115	161	1
116	161	1
117	161	1
120	161	2
121	161	1
123	161	1
125	161	1
126	161	7
127	161	4
128	161	2
129	161	1
130	161	2
131	161	1
132	161	1
139	161	1
143	161	1
145	161	1
156	161	1
157	161	4
158	161	4
159	161	16
160	161	34
42	162	1
46	162	1
47	162	1
49	162	1
52	162	2
53	162	1
55	162	2
57	162	2
58	162	1
62	162	1
66	162	3
67	162	1
68	162	2
69	162	1
70	162	2
74	162	1
75	162	3
79	162	1
82	162	1
83	162	2
85	162	1
87	162	1
88	162	3
89	162	3
91	162	1
92	162	2
93	162	2
94	162	1
96	162	2
97	162	2
98	162	1
100	162	2
102	162	1
103	162	2
105	162	2
107	162	1
110	162	2
111	162	1
113	162	1
114	162	1
119	162	2
120	162	2
121	162	3
123	162	1
126	162	3
127	162	2
128	162	4
135	162	3
141	162	1
143	162	1
145	162	1
146	162	1
148	162	1
154	162	2
155	162	1
157	162	2
158	162	8
159	162	12
160	162	26
161	162	24
39	163	1
42	163	1
46	163	2
49	163	2
51	163	2
53	163	1
54	163	1
57	163	2
59	163	1
60	163	1
62	163	3
65	163	2
68	163	1
69	163	1
70	163	1
71	163	1
73	163	1
74	163	1
75	163	1
76	163	1
77	163	1
78	163	2
79	163	2
80	163	1
81	163	1
85	163	1
87	163	1
88	163	2
89	163	3
90	163	2
92	163	2
93	163	2
94	163	3
95	163	2
96	163	1
98	163	1
99	163	2
100	163	2
101	163	3
103	163	5
104	163	2
106	163	2
107	163	1
108	163	1
109	163	1
110	163	1
111	163	3
113	163	2
114	163	3
115	163	2
116	163	1
119	163	2
120	163	2
121	163	1
122	163	1
123	163	2
124	163	1
125	163	2
126	163	2
127	163	4
128	163	2
129	163	1
133	163	2
134	163	2
138	163	1
141	163	2
144	163	1
149	163	1
151	163	1
152	163	1
153	163	1
155	163	1
156	163	1
157	163	4
158	163	6
159	163	12
160	163	23
161	163	13
162	163	26
41	164	2
43	164	1
46	164	1
49	164	1
51	164	1
55	164	2
56	164	2
57	164	1
58	164	1
59	164	2
63	164	2
64	164	1
66	164	1
67	164	2
68	164	1
69	164	1
72	164	1
73	164	2
75	164	1
77	164	1
78	164	3
80	164	1
84	164	2
87	164	1
88	164	1
89	164	1
91	164	2
93	164	2
94	164	1
97	164	2
100	164	1
101	164	2
103	164	2
104	164	1
106	164	1
108	164	1
109	164	1
110	164	2
111	164	4
112	164	3
113	164	2
114	164	3
116	164	1
117	164	1
118	164	1
119	164	3
121	164	3
122	164	3
123	164	1
124	164	2
125	164	2
126	164	1
127	164	1
128	164	1
129	164	1
131	164	1
132	164	3
133	164	2
134	164	3
135	164	1
139	164	1
141	164	1
143	164	1
144	164	2
146	164	2
148	164	1
152	164	1
153	164	1
156	164	2
157	164	5
158	164	4
159	164	5
160	164	7
161	164	12
162	164	9
163	164	31
39	165	1
42	165	3
46	165	1
52	165	1
55	165	1
58	165	2
59	165	1
60	165	2
62	165	2
64	165	1
66	165	1
67	165	2
68	165	1
73	165	1
74	165	1
75	165	1
76	165	1
77	165	2
78	165	4
79	165	3
81	165	2
82	165	2
83	165	2
88	165	2
90	165	1
91	165	1
92	165	2
94	165	1
95	165	1
96	165	2
97	165	1
99	165	1
100	165	2
103	165	2
104	165	1
105	165	1
109	165	1
110	165	1
112	165	1
113	165	1
114	165	4
115	165	1
117	165	1
120	165	2
121	165	1
122	165	1
124	165	1
125	165	1
126	165	4
127	165	3
128	165	3
131	165	2
133	165	2
135	165	1
140	165	1
141	165	1
143	165	1
144	165	1
145	165	2
147	165	1
148	165	1
151	165	1
154	165	1
155	165	1
156	165	1
157	165	2
158	165	3
159	165	6
160	165	2
161	165	5
162	165	7
163	165	13
164	165	9
43	166	1
44	166	1
45	166	1
54	166	1
56	166	1
58	166	3
60	166	1
61	166	1
63	166	1
64	166	1
65	166	1
66	166	1
67	166	1
68	166	1
69	166	1
70	166	2
79	166	4
82	166	2
83	166	1
85	166	3
87	166	1
92	166	1
93	166	3
94	166	1
95	166	1
96	166	1
97	166	1
98	166	2
99	166	2
100	166	2
103	166	1
104	166	1
107	166	2
109	166	4
111	166	1
116	166	2
117	166	3
118	166	1
120	166	2
121	166	1
124	166	3
126	166	1
128	166	1
129	166	1
130	166	1
132	166	1
134	166	2
142	166	1
144	166	1
146	166	1
147	166	2
154	166	2
155	166	2
156	166	1
158	166	2
159	166	5
160	166	5
161	166	5
162	166	6
163	166	6
164	166	8
165	166	25
41	167	1
42	167	1
46	167	1
49	167	1
50	167	1
51	167	1
53	167	3
54	167	2
55	167	1
56	167	1
57	167	2
61	167	1
63	167	2
66	167	1
68	167	1
69	167	2
70	167	1
76	167	2
78	167	4
81	167	3
82	167	1
83	167	1
84	167	1
85	167	2
86	167	1
89	167	1
90	167	1
93	167	5
94	167	2
95	167	2
96	167	1
97	167	2
98	167	2
99	167	2
100	167	1
106	167	1
108	167	1
110	167	3
112	167	1
113	167	3
115	167	2
116	167	2
118	167	1
120	167	2
121	167	1
124	167	1
125	167	1
126	167	2
127	167	3
128	167	3
130	167	1
135	167	1
137	167	1
138	167	1
141	167	1
142	167	1
146	167	1
147	167	2
150	167	1
155	167	1
157	167	1
158	167	2
159	167	3
160	167	2
161	167	4
162	167	10
163	167	5
164	167	6
165	167	23
166	167	23
48	168	1
51	168	2
52	168	1
53	168	3
54	168	4
62	168	1
64	168	1
66	168	1
68	168	1
69	168	3
73	168	2
75	168	3
76	168	4
77	168	1
79	168	1
80	168	2
82	168	3
84	168	1
85	168	3
86	168	1
87	168	2
88	168	2
89	168	2
90	168	2
91	168	3
92	168	1
93	168	3
94	168	2
95	168	2
96	168	4
97	168	2
98	168	2
99	168	1
100	168	2
101	168	2
104	168	1
107	168	1
109	168	1
112	168	1
113	168	3
116	168	1
117	168	1
118	168	1
121	168	1
122	168	1
123	168	1
124	168	2
125	168	1
126	168	1
127	168	4
128	168	2
129	168	1
132	168	1
133	168	1
134	168	1
135	168	2
137	168	1
138	168	1
142	168	1
145	168	1
146	168	1
153	168	1
154	168	1
157	168	2
158	168	1
160	168	10
161	168	3
162	168	6
163	168	8
164	168	5
165	168	21
166	168	14
167	168	22
44	169	2
45	169	1
46	169	1
51	169	1
53	169	1
54	169	2
55	169	3
56	169	2
58	169	1
59	169	1
60	169	1
61	169	2
62	169	2
68	169	1
69	169	3
73	169	1
74	169	1
75	169	3
76	169	2
78	169	1
79	169	2
81	169	1
82	169	2
83	169	1
84	169	1
85	169	2
88	169	1
90	169	2
91	169	2
93	169	2
94	169	2
95	169	1
97	169	1
99	169	3
100	169	3
103	169	1
105	169	2
106	169	1
107	169	2
109	169	3
111	169	1
112	169	1
114	169	4
119	169	2
120	169	2
121	169	2
122	169	1
123	169	1
124	169	1
126	169	1
127	169	2
132	169	1
133	169	1
134	169	1
139	169	1
143	169	1
145	169	1
146	169	1
147	169	1
156	169	1
158	169	1
159	169	2
160	169	2
161	169	3
162	169	10
163	169	2
164	169	4
165	169	11
166	169	9
167	169	15
168	169	24
43	170	1
45	170	1
46	170	2
52	170	1
53	170	2
55	170	1
56	170	2
57	170	4
59	170	1
61	170	1
62	170	3
66	170	1
68	170	1
72	170	1
74	170	1
75	170	2
76	170	1
77	170	1
79	170	3
81	170	2
85	170	1
87	170	2
88	170	1
90	170	2
91	170	1
92	170	2
93	170	1
94	170	3
97	170	3
98	170	1
101	170	1
103	170	1
105	170	1
108	170	1
109	170	1
112	170	2
114	170	1
115	170	1
117	170	2
118	170	2
122	170	1
124	170	1
127	170	4
128	170	3
133	170	2
134	170	1
136	170	1
137	170	1
138	170	2
143	170	1
145	170	1
153	170	2
154	170	1
156	170	2
157	170	3
158	170	2
159	170	4
160	170	4
161	170	5
162	170	1
163	170	4
164	170	3
165	170	11
166	170	9
167	170	11
168	170	15
169	170	17
43	171	1
46	171	1
47	171	1
52	171	2
53	171	2
54	171	2
56	171	1
58	171	1
59	171	1
60	171	2
66	171	1
68	171	1
69	171	1
74	171	1
75	171	1
76	171	1
80	171	1
81	171	1
84	171	2
86	171	2
87	171	1
88	171	2
90	171	1
91	171	2
93	171	3
96	171	2
97	171	1
98	171	2
99	171	1
100	171	2
103	171	2
104	171	2
105	171	1
106	171	3
108	171	2
112	171	1
113	171	3
114	171	1
120	171	1
122	171	2
123	171	1
125	171	2
127	171	2
128	171	1
133	171	1
134	171	1
136	171	1
138	171	1
139	171	1
145	171	1
146	171	1
147	171	1
154	171	1
155	171	1
158	171	3
160	171	2
161	171	3
162	171	3
163	171	3
164	171	3
165	171	7
166	171	7
167	171	11
168	171	13
169	171	16
170	171	28
41	172	1
42	172	1
43	172	1
44	172	1
52	172	1
54	172	1
55	172	1
58	172	1
59	172	1
61	172	3
62	172	3
66	172	2
69	172	2
70	172	1
72	172	2
73	172	1
74	172	1
75	172	2
76	172	3
77	172	2
78	172	1
80	172	1
82	172	1
83	172	2
84	172	1
88	172	1
89	172	1
90	172	2
92	172	2
93	172	2
94	172	5
95	172	1
96	172	3
97	172	3
98	172	1
99	172	3
100	172	1
105	172	3
108	172	1
115	172	1
116	172	1
121	172	1
122	172	1
124	172	3
126	172	1
127	172	3
128	172	1
131	172	1
132	172	1
133	172	1
134	172	1
135	172	3
145	172	2
146	172	1
153	172	1
156	172	1
158	172	4
159	172	2
160	172	6
161	172	2
162	172	1
163	172	2
164	172	7
165	172	6
166	172	6
167	172	10
168	172	10
169	172	21
170	172	17
171	172	20
45	173	1
46	173	1
52	173	1
54	173	1
55	173	1
58	173	1
61	173	1
63	173	2
68	173	1
70	173	1
71	173	1
76	173	1
78	173	2
79	173	3
81	173	1
84	173	1
87	173	1
88	173	3
90	173	1
93	173	2
94	173	1
95	173	1
97	173	1
98	173	2
99	173	1
100	173	1
101	173	1
102	173	1
104	173	1
109	173	1
115	173	1
117	173	1
119	173	1
120	173	2
121	173	1
123	173	1
124	173	1
126	173	2
129	173	1
133	173	1
134	173	1
136	173	1
139	173	1
140	173	1
141	173	1
143	173	2
146	173	1
148	173	1
153	173	1
154	173	1
158	173	7
160	173	4
161	173	5
162	173	1
163	173	3
164	173	2
165	173	12
166	173	9
167	173	15
168	173	10
169	173	11
170	173	12
171	173	16
172	173	31
41	174	1
42	174	1
45	174	1
49	174	1
51	174	2
54	174	1
55	174	2
56	174	1
58	174	2
59	174	1
60	174	1
61	174	1
63	174	1
64	174	1
65	174	1
67	174	2
69	174	1
72	174	2
75	174	1
77	174	3
78	174	1
82	174	2
87	174	2
88	174	2
89	174	2
90	174	1
91	174	2
94	174	2
95	174	2
96	174	1
97	174	1
98	174	1
99	174	1
108	174	2
110	174	1
112	174	1
116	174	1
119	174	2
120	174	1
123	174	1
125	174	2
126	174	2
130	174	1
138	174	2
141	174	1
155	174	1
156	174	1
158	174	2
159	174	2
160	174	1
161	174	8
162	174	4
163	174	2
164	174	9
165	174	9
166	174	2
167	174	9
168	174	5
169	174	9
170	174	12
171	174	9
172	174	12
173	174	18
41	175	1
43	175	1
47	175	2
48	175	1
53	175	2
54	175	2
56	175	1
57	175	1
61	175	1
62	175	1
63	175	1
64	175	1
65	175	1
68	175	2
72	175	1
73	175	1
74	175	1
76	175	1
78	175	1
79	175	5
80	175	1
82	175	1
83	175	1
84	175	2
85	175	1
86	175	2
87	175	1
89	175	1
90	175	2
91	175	2
94	175	2
95	175	2
97	175	3
98	175	1
99	175	2
100	175	4
103	175	1
105	175	1
107	175	2
108	175	1
114	175	1
115	175	1
117	175	2
118	175	2
120	175	1
121	175	1
122	175	1
123	175	1
124	175	1
125	175	2
126	175	2
127	175	3
128	175	1
132	175	1
139	175	2
142	175	1
144	175	1
146	175	1
147	175	1
157	175	1
158	175	1
159	175	5
160	175	5
161	175	5
162	175	7
163	175	5
164	175	4
165	175	3
166	175	5
167	175	7
168	175	14
169	175	14
170	175	9
171	175	5
172	175	7
173	175	15
174	175	15
43	176	1
45	176	1
46	176	1
52	176	2
53	176	2
54	176	1
55	176	2
56	176	2
59	176	1
60	176	1
61	176	1
62	176	1
63	176	1
67	176	1
68	176	1
72	176	1
74	176	1
76	176	1
77	176	1
78	176	2
79	176	2
80	176	2
81	176	1
82	176	2
83	176	1
84	176	1
85	176	2
86	176	1
87	176	2
89	176	1
90	176	2
93	176	4
94	176	2
95	176	3
96	176	4
98	176	1
99	176	1
100	176	4
104	176	2
108	176	1
109	176	3
110	176	2
111	176	1
112	176	1
114	176	2
115	176	1
118	176	1
120	176	1
121	176	2
122	176	2
123	176	1
124	176	1
125	176	1
126	176	2
127	176	2
128	176	2
129	176	1
134	176	4
136	176	1
140	176	1
143	176	1
145	176	1
146	176	2
151	176	1
154	176	1
157	176	1
158	176	1
159	176	6
160	176	1
161	176	4
162	176	6
163	176	3
164	176	4
165	176	8
166	176	5
167	176	14
168	176	7
169	176	9
170	176	10
171	176	11
172	176	14
173	176	7
174	176	14
175	176	23
41	177	1
42	177	3
43	177	1
44	177	1
50	177	1
51	177	1
52	177	1
55	177	2
59	177	1
60	177	1
61	177	1
62	177	2
63	177	2
65	177	3
67	177	1
68	177	1
69	177	3
73	177	3
74	177	1
76	177	1
77	177	1
78	177	3
81	177	1
82	177	1
83	177	2
85	177	2
86	177	1
88	177	2
89	177	1
93	177	1
95	177	1
96	177	1
99	177	1
100	177	4
101	177	2
102	177	1
104	177	2
105	177	1
107	177	1
108	177	1
109	177	1
113	177	1
114	177	1
115	177	1
116	177	1
117	177	1
118	177	3
120	177	1
121	177	2
124	177	1
125	177	2
127	177	3
130	177	1
132	177	2
136	177	1
137	177	1
138	177	1
144	177	1
145	177	1
146	177	1
147	177	1
150	177	1
155	177	1
156	177	1
157	177	1
158	177	2
159	177	4
160	177	2
161	177	3
163	177	4
164	177	5
165	177	13
166	177	5
167	177	7
168	177	11
169	177	6
171	177	8
172	177	5
173	177	11
174	177	5
175	177	14
176	177	28
41	178	1
42	178	2
46	178	3
47	178	1
49	178	1
51	178	1
53	178	1
58	178	1
59	178	1
63	178	1
64	178	1
67	178	1
68	178	1
70	178	1
71	178	1
74	178	1
76	178	1
79	178	1
80	178	2
85	178	2
87	178	1
89	178	1
90	178	2
91	178	1
92	178	2
93	178	2
94	178	1
98	178	1
106	178	2
107	178	1
108	178	2
109	178	1
112	178	2
113	178	2
114	178	3
116	178	1
117	178	1
119	178	1
120	178	1
121	178	1
122	178	3
123	178	1
124	178	2
126	178	5
128	178	1
129	178	1
130	178	1
131	178	1
132	178	1
134	178	1
136	178	2
139	178	1
142	178	1
148	178	1
149	178	1
155	178	2
157	178	3
158	178	4
159	178	2
160	178	5
162	178	1
163	178	1
164	178	3
165	178	4
166	178	3
167	178	6
168	178	3
169	178	3
170	178	4
171	178	6
172	178	2
173	178	6
174	178	4
175	178	8
176	178	13
177	178	24
43	179	2
44	179	1
47	179	2
49	179	1
51	179	1
57	179	1
58	179	1
60	179	1
63	179	1
65	179	1
69	179	1
71	179	1
73	179	1
79	179	3
82	179	1
83	179	1
88	179	2
89	179	1
90	179	1
92	179	1
98	179	1
99	179	2
101	179	3
103	179	2
104	179	1
105	179	1
108	179	1
109	179	2
110	179	1
112	179	2
113	179	1
114	179	1
115	179	1
116	179	2
118	179	1
119	179	1
120	179	1
121	179	1
123	179	2
124	179	1
125	179	1
126	179	1
127	179	1
128	179	2
132	179	1
133	179	2
136	179	1
138	179	1
140	179	1
141	179	1
142	179	1
152	179	1
154	179	1
155	179	2
156	179	1
157	179	4
158	179	6
159	179	2
160	179	2
162	179	3
163	179	2
164	179	1
165	179	2
166	179	5
167	179	4
168	179	5
169	179	3
170	179	2
171	179	3
172	179	1
173	179	4
174	179	2
175	179	6
176	179	6
177	179	11
178	179	14
42	180	2
43	180	1
44	180	1
46	180	4
51	180	2
56	180	1
62	180	1
67	180	1
72	180	1
82	180	1
84	180	1
85	180	1
86	180	3
88	180	1
92	180	1
98	180	1
101	180	4
102	180	1
103	180	2
104	180	2
105	180	1
110	180	2
111	180	1
112	180	1
113	180	1
114	180	1
115	180	1
116	180	1
117	180	2
118	180	1
119	180	3
121	180	1
122	180	2
124	180	1
125	180	1
127	180	2
130	180	2
132	180	1
133	180	1
137	180	3
138	180	1
139	180	2
141	180	1
143	180	1
144	180	1
145	180	1
148	180	1
151	180	2
154	180	2
156	180	2
158	180	2
160	180	2
161	180	2
162	180	1
163	180	3
164	180	5
165	180	2
167	180	1
168	180	2
169	180	1
171	180	3
172	180	1
173	180	4
174	180	2
176	180	3
177	180	4
178	180	6
179	180	10
46	181	1
47	181	1
48	181	1
52	181	2
53	181	2
56	181	1
57	181	1
64	181	1
67	181	1
68	181	3
70	181	2
72	181	2
73	181	1
74	181	1
77	181	1
80	181	1
81	181	1
82	181	2
83	181	2
87	181	1
90	181	1
92	181	1
96	181	1
97	181	2
98	181	1
100	181	2
101	181	1
102	181	2
103	181	3
104	181	1
106	181	1
110	181	1
111	181	1
112	181	1
113	181	2
114	181	2
116	181	1
120	181	1
122	181	1
124	181	1
125	181	4
128	181	2
129	181	1
130	181	1
131	181	1
133	181	1
134	181	1
135	181	2
137	181	1
141	181	1
144	181	1
145	181	1
150	181	1
151	181	1
152	181	1
153	181	4
154	181	2
157	181	3
158	181	2
159	181	3
161	181	1
164	181	3
165	181	4
166	181	1
167	181	4
168	181	1
169	181	1
170	181	3
171	181	4
172	181	1
175	181	4
176	181	1
177	181	3
178	181	8
179	181	19
180	181	39
42	182	2
43	182	1
45	182	1
46	182	1
52	182	1
54	182	1
56	182	1
63	182	1
65	182	1
68	182	1
69	182	1
71	182	1
75	182	2
78	182	2
81	182	1
92	182	2
95	182	1
104	182	1
105	182	1
106	182	1
109	182	1
110	182	1
112	182	1
115	182	1
116	182	1
118	182	1
119	182	2
120	182	2
125	182	2
129	182	1
130	182	1
132	182	1
133	182	1
134	182	2
135	182	1
136	182	1
139	182	2
150	182	1
151	182	1
152	182	2
153	182	1
156	182	1
157	182	2
159	182	2
160	182	1
162	182	2
163	182	3
165	182	1
166	182	1
168	182	1
170	182	2
171	182	1
172	182	1
173	182	1
174	182	2
175	182	1
176	182	2
177	182	7
178	182	1
179	182	8
180	182	13
181	182	15
47	183	2
51	183	1
55	183	2
56	183	1
59	183	1
60	183	1
61	183	1
62	183	3
64	183	1
65	183	1
66	183	4
69	183	1
72	183	1
75	183	1
79	183	1
82	183	1
85	183	1
89	183	1
94	183	2
95	183	1
100	183	1
101	183	1
102	183	2
103	183	2
104	183	2
105	183	3
106	183	1
107	183	1
108	183	1
111	183	1
114	183	1
115	183	2
116	183	2
119	183	2
120	183	1
121	183	1
124	183	3
125	183	1
126	183	2
127	183	1
129	183	1
130	183	2
132	183	1
134	183	3
135	183	1
136	183	1
137	183	1
138	183	1
139	183	1
140	183	1
142	183	2
144	183	1
145	183	1
147	183	2
148	183	2
149	183	1
150	183	2
151	183	1
152	183	2
153	183	1
154	183	1
155	183	2
156	183	1
157	183	1
158	183	2
159	183	1
160	183	2
162	183	1
163	183	2
165	183	4
166	183	2
168	183	1
169	183	1
170	183	1
171	183	1
172	183	2
173	183	3
174	183	1
175	183	2
176	183	1
177	183	5
178	183	6
179	183	7
180	183	12
181	183	14
182	183	19
46	184	2
47	184	3
49	184	1
50	184	2
51	184	2
57	184	1
59	184	1
66	184	1
68	184	1
71	184	1
73	184	1
76	184	1
79	184	1
81	184	1
89	184	1
91	184	2
96	184	1
97	184	1
101	184	3
102	184	1
103	184	1
104	184	3
106	184	1
109	184	1
110	184	1
112	184	1
113	184	1
115	184	1
116	184	1
117	184	1
119	184	2
120	184	1
122	184	1
123	184	1
126	184	1
128	184	1
129	184	2
131	184	1
132	184	2
133	184	1
137	184	2
139	184	1
140	184	4
141	184	2
142	184	1
143	184	2
144	184	1
145	184	2
147	184	1
149	184	1
152	184	3
153	184	2
156	184	1
157	184	1
165	184	1
166	184	1
167	184	1
168	184	1
170	184	1
171	184	3
172	184	1
173	184	1
175	184	1
178	184	2
179	184	3
180	184	3
181	184	3
182	184	6
183	184	47
42	185	1
43	185	1
46	185	1
47	185	1
50	185	2
52	185	2
60	185	1
62	185	1
64	185	1
66	185	1
67	185	1
70	185	2
73	185	1
74	185	1
75	185	1
77	185	1
79	185	2
81	185	1
85	185	1
86	185	2
91	185	2
95	185	1
96	185	1
97	185	1
102	185	4
103	185	1
105	185	1
106	185	1
109	185	1
110	185	1
114	185	2
115	185	2
121	185	2
122	185	1
123	185	1
126	185	1
127	185	1
131	185	1
132	185	2
138	185	1
139	185	2
140	185	1
141	185	3
145	185	1
148	185	1
151	185	2
153	185	1
154	185	2
155	185	2
157	185	2
158	185	2
159	185	3
161	185	3
162	185	1
164	185	3
166	185	1
169	185	1
170	185	2
171	185	1
172	185	2
173	185	2
174	185	1
175	185	1
176	185	5
177	185	2
179	185	2
180	185	3
181	185	6
182	185	7
183	185	13
184	185	14
44	186	1
46	186	1
47	186	1
48	186	1
59	186	1
69	186	1
70	186	1
71	186	1
75	186	1
80	186	3
81	186	1
91	186	1
93	186	1
103	186	1
104	186	2
107	186	3
108	186	1
112	186	2
113	186	1
115	186	1
116	186	1
117	186	2
119	186	2
120	186	1
122	186	1
130	186	1
131	186	3
135	186	1
136	186	2
143	186	1
145	186	1
147	186	1
148	186	1
149	186	1
150	186	1
151	186	1
152	186	1
154	186	1
155	186	2
156	186	1
157	186	1
158	186	1
161	186	1
164	186	1
169	186	1
173	186	1
175	186	1
177	186	1
178	186	2
179	186	3
180	186	1
181	186	4
182	186	2
183	186	9
184	186	6
185	186	26
42	187	1
43	187	1
45	187	1
46	187	1
47	187	1
53	187	1
56	187	1
59	187	1
63	187	1
68	187	1
76	187	1
80	187	1
85	187	1
96	187	2
101	187	1
103	187	2
104	187	1
108	187	1
109	187	2
110	187	2
112	187	3
114	187	2
115	187	2
119	187	1
120	187	1
122	187	1
124	187	4
125	187	1
128	187	1
129	187	2
130	187	1
133	187	2
134	187	2
138	187	1
139	187	2
140	187	1
141	187	1
143	187	1
144	187	1
146	187	2
147	187	1
150	187	1
154	187	1
156	187	1
158	187	1
159	187	1
161	187	1
164	187	2
165	187	1
172	187	1
173	187	1
176	187	1
178	187	1
182	187	1
183	187	1
184	187	10
185	187	15
186	187	16
46	188	1
47	188	1
62	188	1
63	188	1
64	188	1
66	188	2
68	188	2
71	188	1
74	188	1
90	188	2
94	188	1
97	188	1
100	188	1
101	188	2
102	188	4
104	188	2
105	188	3
108	188	1
109	188	2
110	188	1
111	188	1
112	188	1
113	188	1
114	188	2
116	188	2
122	188	1
123	188	1
124	188	1
125	188	2
126	188	1
130	188	3
131	188	3
132	188	2
133	188	1
134	188	1
135	188	2
137	188	2
138	188	2
139	188	1
144	188	2
145	188	1
147	188	2
149	188	1
151	188	2
154	188	3
156	188	1
157	188	1
159	188	1
164	188	1
165	188	1
166	188	1
167	188	1
168	188	1
169	188	3
171	188	1
173	188	1
174	188	1
175	188	1
176	188	1
179	188	2
180	188	5
181	188	3
182	188	2
183	188	11
184	188	5
185	188	7
186	188	4
187	188	20
42	189	1
45	189	1
46	189	1
51	189	1
54	189	1
57	189	1
62	189	1
64	189	2
66	189	1
69	189	1
70	189	1
73	189	1
77	189	1
78	189	1
80	189	3
81	189	2
90	189	1
92	189	1
94	189	1
96	189	1
97	189	3
102	189	3
103	189	2
104	189	1
106	189	1
109	189	2
110	189	1
112	189	1
113	189	3
114	189	2
115	189	3
116	189	1
117	189	1
120	189	2
121	189	1
124	189	1
127	189	1
128	189	1
131	189	1
132	189	1
133	189	1
135	189	2
136	189	2
137	189	1
140	189	2
143	189	1
145	189	1
146	189	2
147	189	3
148	189	1
151	189	2
152	189	2
153	189	1
154	189	3
155	189	4
156	189	1
157	189	4
158	189	2
159	189	2
161	189	1
163	189	2
164	189	2
165	189	1
167	189	3
169	189	1
170	189	1
172	189	1
173	189	1
175	189	1
176	189	1
177	189	2
178	189	1
179	189	2
180	189	5
181	189	1
182	189	2
183	189	9
184	189	3
185	189	13
186	189	5
187	189	9
188	189	33
39	190	1
42	190	2
43	190	1
45	190	1
48	190	1
50	190	2
51	190	1
56	190	1
57	190	1
62	190	1
64	190	1
69	190	1
72	190	1
74	190	1
75	190	1
76	190	1
80	190	1
81	190	1
86	190	1
91	190	1
93	190	1
94	190	1
97	190	2
98	190	2
100	190	1
101	190	1
103	190	4
104	190	2
105	190	2
107	190	1
111	190	1
112	190	2
115	190	2
116	190	1
118	190	2
121	190	1
123	190	2
124	190	1
126	190	3
127	190	3
128	190	4
132	190	1
134	190	1
136	190	1
137	190	2
141	190	2
142	190	1
144	190	2
145	190	1
146	190	1
147	190	1
149	190	1
151	190	2
154	190	2
155	190	1
157	190	3
158	190	1
160	190	2
161	190	2
163	190	2
164	190	2
165	190	2
166	190	3
167	190	1
168	190	4
169	190	1
170	190	2
172	190	2
174	190	2
175	190	1
176	190	3
177	190	2
178	190	2
179	190	4
180	190	1
181	190	2
182	190	3
183	190	3
184	190	4
185	190	8
186	190	4
187	190	13
188	190	14
189	190	22
51	191	1
52	191	1
56	191	1
62	191	1
65	191	1
66	191	1
77	191	1
80	191	1
82	191	1
83	191	1
91	191	1
95	191	2
96	191	1
100	191	1
104	191	1
105	191	1
108	191	1
111	191	1
113	191	2
116	191	1
118	191	1
121	191	1
122	191	2
127	191	1
128	191	3
134	191	2
135	191	2
136	191	2
139	191	1
140	191	1
142	191	1
143	191	1
146	191	2
147	191	2
152	191	2
153	191	3
154	191	1
156	191	1
157	191	2
158	191	2
159	191	1
160	191	1
161	191	1
162	191	1
163	191	2
164	191	3
165	191	1
167	191	1
169	191	2
170	191	2
172	191	5
173	191	2
175	191	2
177	191	2
178	191	5
179	191	2
180	191	1
181	191	2
182	191	7
183	191	2
184	191	4
186	191	5
187	191	2
188	191	3
189	191	13
190	191	19
45	192	2
46	192	2
47	192	1
48	192	2
50	192	2
57	192	1
58	192	1
59	192	1
61	192	2
64	192	2
66	192	1
67	192	1
69	192	1
75	192	1
76	192	1
80	192	1
81	192	1
85	192	1
86	192	1
90	192	1
94	192	1
96	192	2
97	192	1
99	192	1
100	192	1
101	192	2
102	192	2
103	192	1
104	192	1
105	192	1
106	192	2
108	192	1
110	192	1
111	192	1
112	192	1
113	192	1
116	192	1
117	192	1
118	192	1
122	192	4
124	192	2
125	192	1
127	192	1
128	192	1
132	192	1
135	192	3
136	192	1
137	192	1
138	192	1
139	192	1
140	192	1
141	192	2
142	192	1
145	192	1
146	192	1
152	192	3
153	192	1
155	192	1
161	192	1
162	192	1
163	192	2
164	192	1
165	192	2
166	192	1
168	192	1
171	192	1
173	192	1
175	192	2
176	192	2
177	192	1
179	192	2
181	192	1
182	192	3
183	192	6
184	192	1
185	192	3
186	192	3
187	192	7
188	192	4
189	192	9
190	192	8
191	192	16
43	193	1
46	193	1
48	193	2
52	193	1
68	193	1
70	193	2
71	193	1
72	193	1
74	193	1
77	193	1
79	193	1
81	193	1
83	193	1
88	193	1
90	193	1
92	193	2
95	193	1
101	193	1
102	193	1
103	193	1
104	193	1
107	193	2
108	193	2
109	193	2
111	193	1
112	193	1
113	193	1
114	193	3
115	193	1
116	193	1
118	193	1
121	193	2
124	193	1
125	193	2
129	193	2
130	193	4
138	193	1
140	193	1
143	193	1
146	193	1
148	193	2
149	193	1
150	193	1
153	193	1
154	193	3
156	193	2
157	193	1
158	193	3
159	193	1
162	193	2
163	193	3
164	193	5
166	193	1
168	193	1
169	193	2
170	193	2
171	193	1
172	193	2
173	193	2
174	193	2
175	193	1
176	193	1
177	193	2
178	193	1
179	193	2
180	193	2
181	193	3
182	193	2
183	193	6
184	193	1
185	193	4
186	193	3
187	193	2
188	193	9
189	193	5
190	193	10
191	193	12
192	193	13
40	194	1
43	194	2
46	194	3
47	194	1
50	194	1
52	194	2
53	194	1
55	194	1
57	194	1
59	194	1
60	194	1
61	194	2
63	194	2
64	194	1
67	194	1
70	194	2
71	194	2
72	194	1
75	194	1
80	194	1
81	194	1
89	194	1
90	194	2
99	194	2
101	194	2
103	194	2
106	194	2
107	194	2
109	194	1
111	194	1
114	194	1
117	194	1
124	194	1
127	194	1
132	194	1
135	194	2
137	194	1
139	194	1
141	194	1
142	194	1
144	194	1
145	194	1
149	194	1
152	194	1
153	194	2
156	194	2
157	194	1
158	194	2
159	194	2
160	194	2
161	194	2
162	194	4
163	194	3
164	194	2
165	194	1
166	194	2
168	194	1
169	194	1
170	194	1
171	194	1
172	194	2
173	194	3
174	194	3
175	194	1
176	194	2
177	194	4
178	194	2
179	194	1
180	194	5
181	194	2
182	194	3
183	194	2
184	194	4
185	194	4
186	194	3
188	194	4
189	194	8
190	194	3
191	194	10
192	194	12
193	194	13
41	195	1
43	195	1
44	195	2
45	195	1
46	195	2
47	195	1
50	195	1
51	195	2
54	195	2
55	195	1
56	195	1
58	195	1
59	195	1
62	195	1
63	195	2
64	195	2
65	195	1
68	195	1
69	195	2
70	195	1
75	195	1
78	195	2
80	195	1
82	195	1
87	195	1
89	195	2
91	195	1
92	195	1
94	195	2
95	195	4
96	195	1
98	195	1
100	195	3
103	195	2
105	195	2
106	195	1
107	195	1
109	195	2
110	195	1
113	195	1
115	195	3
116	195	1
118	195	2
119	195	1
124	195	2
125	195	3
127	195	4
128	195	1
129	195	1
132	195	1
134	195	1
138	195	1
142	195	1
147	195	1
148	195	1
149	195	1
151	195	1
153	195	2
154	195	1
156	195	1
157	195	1
158	195	1
159	195	1
160	195	2
161	195	1
162	195	4
163	195	2
165	195	2
166	195	2
167	195	5
168	195	3
169	195	2
170	195	2
171	195	2
172	195	3
173	195	2
174	195	3
175	195	3
176	195	1
177	195	1
178	195	2
179	195	2
180	195	1
181	195	2
182	195	2
183	195	2
184	195	2
185	195	1
186	195	4
187	195	1
188	195	2
189	195	1
190	195	7
191	195	11
192	195	5
193	195	7
194	195	29
41	196	1
42	196	1
49	196	1
53	196	3
54	196	1
56	196	1
57	196	1
59	196	2
60	196	1
61	196	1
63	196	1
64	196	1
65	196	1
66	196	1
67	196	1
68	196	1
73	196	1
74	196	1
75	196	2
76	196	1
77	196	1
78	196	1
82	196	1
85	196	1
86	196	1
87	196	1
88	196	1
89	196	2
90	196	1
92	196	2
94	196	3
95	196	2
96	196	1
97	196	1
99	196	2
103	196	2
104	196	1
105	196	1
108	196	1
109	196	2
110	196	1
117	196	2
123	196	1
126	196	3
127	196	3
128	196	1
129	196	1
130	196	2
132	196	1
134	196	1
135	196	1
141	196	1
144	196	1
146	196	1
151	196	1
152	196	1
155	196	1
157	196	1
158	196	5
159	196	4
160	196	2
161	196	2
162	196	1
163	196	2
165	196	4
166	196	1
167	196	1
168	196	3
169	196	3
170	196	1
171	196	3
172	196	6
173	196	2
174	196	1
175	196	2
176	196	4
177	196	3
178	196	1
180	196	1
181	196	3
183	196	4
185	196	1
187	196	1
190	196	7
191	196	6
192	196	3
193	196	6
194	196	6
195	196	15
41	197	1
42	197	1
44	197	1
45	197	1
50	197	2
51	197	1
52	197	1
54	197	1
55	197	1
56	197	2
60	197	2
61	197	1
62	197	2
63	197	1
65	197	1
66	197	2
69	197	1
70	197	1
73	197	2
75	197	1
77	197	2
78	197	2
79	197	3
81	197	1
82	197	1
83	197	1
84	197	2
86	197	1
87	197	2
88	197	1
89	197	2
90	197	2
91	197	1
93	197	1
95	197	3
96	197	2
97	197	1
98	197	1
108	197	1
110	197	1
113	197	2
114	197	1
115	197	2
120	197	3
123	197	1
124	197	1
126	197	3
127	197	3
130	197	1
143	197	2
146	197	1
154	197	1
156	197	1
158	197	1
159	197	2
160	197	7
161	197	1
162	197	3
163	197	1
164	197	1
165	197	4
166	197	5
167	197	4
168	197	1
170	197	1
171	197	2
172	197	3
173	197	6
174	197	4
175	197	2
176	197	1
177	197	3
178	197	3
179	197	1
181	197	2
184	197	1
185	197	1
189	197	5
190	197	6
191	197	7
192	197	1
193	197	2
194	197	6
195	197	9
196	197	39
41	198	1
49	198	1
54	198	1
55	198	2
56	198	1
57	198	1
59	198	1
60	198	3
61	198	2
62	198	1
63	198	1
65	198	1
66	198	1
67	198	1
68	198	3
69	198	3
72	198	1
77	198	1
78	198	3
79	198	1
80	198	2
82	198	1
83	198	1
84	198	3
85	198	1
89	198	2
92	198	2
93	198	1
94	198	2
95	198	1
96	198	1
97	198	1
98	198	1
99	198	1
101	198	1
103	198	1
104	198	1
105	198	1
109	198	1
111	198	1
116	198	1
117	198	1
121	198	1
122	198	1
123	198	4
124	198	1
125	198	1
127	198	1
128	198	1
134	198	1
141	198	1
145	198	1
147	198	1
152	198	1
156	198	1
157	198	3
158	198	1
159	198	1
160	198	3
161	198	3
162	198	2
163	198	4
166	198	1
167	198	3
169	198	3
170	198	2
171	198	5
172	198	1
173	198	3
174	198	8
175	198	2
176	198	2
177	198	2
178	198	5
179	198	2
180	198	1
181	198	3
185	198	1
188	198	1
189	198	3
190	198	1
191	198	3
193	198	4
194	198	8
195	198	9
196	198	17
197	198	28
42	199	2
46	199	1
52	199	2
54	199	3
56	199	1
57	199	1
58	199	2
59	199	1
60	199	2
62	199	2
67	199	1
73	199	1
75	199	1
76	199	1
77	199	1
78	199	1
79	199	2
81	199	1
83	199	1
88	199	1
90	199	1
91	199	1
93	199	1
95	199	2
97	199	2
98	199	1
104	199	1
105	199	1
109	199	2
116	199	1
124	199	2
126	199	1
127	199	2
128	199	1
129	199	1
137	199	1
138	199	1
147	199	1
157	199	1
159	199	1
160	199	4
161	199	3
162	199	2
163	199	3
164	199	1
165	199	1
166	199	2
167	199	3
168	199	3
169	199	1
170	199	2
172	199	5
173	199	2
175	199	3
176	199	4
177	199	3
178	199	2
179	199	2
181	199	1
182	199	1
183	199	3
185	199	1
186	199	2
190	199	4
191	199	1
192	199	2
193	199	2
194	199	4
195	199	9
196	199	13
197	199	14
198	199	27
42	200	1
49	200	1
50	200	1
51	200	1
53	200	1
59	200	3
63	200	2
65	200	1
66	200	1
74	200	2
76	200	1
78	200	1
80	200	1
82	200	2
91	200	1
95	200	1
96	200	1
97	200	1
98	200	1
99	200	2
100	200	2
103	200	2
110	200	2
117	200	1
118	200	2
121	200	2
122	200	2
123	200	1
124	200	1
127	200	1
128	200	1
131	200	2
134	200	1
135	200	1
136	200	1
138	200	2
139	200	1
141	200	1
143	200	1
154	200	1
156	200	1
157	200	1
158	200	2
159	200	2
160	200	3
161	200	2
163	200	1
164	200	1
166	200	1
167	200	1
168	200	1
169	200	1
170	200	3
171	200	2
172	200	2
173	200	2
174	200	1
175	200	1
176	200	3
179	200	2
180	200	3
182	200	3
183	200	1
184	200	1
185	200	2
186	200	1
188	200	2
190	200	1
191	200	2
192	200	5
193	200	6
194	200	11
195	200	21
196	200	14
197	200	15
198	200	20
199	200	17
43	201	2
44	201	2
45	201	1
46	201	1
48	201	1
55	201	1
73	201	1
74	201	1
75	201	1
76	201	1
78	201	2
79	201	1
87	201	1
89	201	1
94	201	1
95	201	1
100	201	1
102	201	1
103	201	1
110	201	2
111	201	2
112	201	1
113	201	3
116	201	2
118	201	1
120	201	1
121	201	2
122	201	1
123	201	2
128	201	1
129	201	2
132	201	1
135	201	1
137	201	1
140	201	1
145	201	1
147	201	1
150	201	1
153	201	3
155	201	1
156	201	3
157	201	1
158	201	1
160	201	2
162	201	2
163	201	2
164	201	1
165	201	2
167	201	1
168	201	1
169	201	1
174	201	1
175	201	1
176	201	1
177	201	1
178	201	2
179	201	6
180	201	4
181	201	2
182	201	2
183	201	1
184	201	1
185	201	2
186	201	3
188	201	1
189	201	1
190	201	3
191	201	4
192	201	4
193	201	1
194	201	1
195	201	3
197	201	1
198	201	3
199	201	7
200	201	9
45	202	1
47	202	1
49	202	1
50	202	1
51	202	1
52	202	1
55	202	2
56	202	1
62	202	2
63	202	1
65	202	1
67	202	1
68	202	1
72	202	1
73	202	1
76	202	1
79	202	1
80	202	1
83	202	2
86	202	1
88	202	1
90	202	1
94	202	1
99	202	1
101	202	2
102	202	1
103	202	1
104	202	1
105	202	1
106	202	1
107	202	2
108	202	1
112	202	1
113	202	2
115	202	2
118	202	2
120	202	1
121	202	1
122	202	1
123	202	1
125	202	1
128	202	1
131	202	1
132	202	1
136	202	1
137	202	1
138	202	1
140	202	1
149	202	1
152	202	1
156	202	1
157	202	1
158	202	2
160	202	1
161	202	1
162	202	1
163	202	1
164	202	1
167	202	1
171	202	1
172	202	2
178	202	2
179	202	2
180	202	1
181	202	2
183	202	3
184	202	1
185	202	4
186	202	1
188	202	3
189	202	1
190	202	2
191	202	1
192	202	2
193	202	2
194	202	3
195	202	8
196	202	1
198	202	6
199	202	2
200	202	4
201	202	15
42	203	1
43	203	2
51	203	1
52	203	2
53	203	1
56	203	1
65	203	2
66	203	2
69	203	2
72	203	1
78	203	1
79	203	4
82	203	1
84	203	1
85	203	1
88	203	1
90	203	1
91	203	2
94	203	1
95	203	1
96	203	1
99	203	1
103	203	1
118	203	1
119	203	1
121	203	1
126	203	1
128	203	1
131	203	1
136	203	1
146	203	1
149	203	1
151	203	1
157	203	3
160	203	3
161	203	1
162	203	1
163	203	1
165	203	3
167	203	1
168	203	2
169	203	1
171	203	1
172	203	1
173	203	1
174	203	1
175	203	2
176	203	3
177	203	3
178	203	2
179	203	2
180	203	2
185	203	2
186	203	1
188	203	1
189	203	1
190	203	1
192	203	2
193	203	3
194	203	6
195	203	4
196	203	4
197	203	6
198	203	3
199	203	1
200	203	2
201	203	1
202	203	5
41	204	1
45	204	1
49	204	1
52	204	1
53	204	1
58	204	2
60	204	1
61	204	1
62	204	1
63	204	2
69	204	1
73	204	1
74	204	1
81	204	2
83	204	2
84	204	1
86	204	1
87	204	1
89	204	1
92	204	1
94	204	1
95	204	2
96	204	1
97	204	2
98	204	1
99	204	2
101	204	1
103	204	1
108	204	1
110	204	1
114	204	1
118	204	1
120	204	1
122	204	1
123	204	1
126	204	3
127	204	1
135	204	1
159	204	4
160	204	4
162	204	1
164	204	2
165	204	1
167	204	1
168	204	3
169	204	1
170	204	1
171	204	1
173	204	2
174	204	1
175	204	3
176	204	4
177	204	1
178	204	2
179	204	3
181	204	1
182	204	1
185	204	1
188	204	1
189	204	1
190	204	3
191	204	2
193	204	1
194	204	2
195	204	4
196	204	5
197	204	2
198	204	7
199	204	4
200	204	5
201	204	4
202	204	3
203	204	18
43	205	1
44	205	1
46	205	2
50	205	1
59	205	1
60	205	2
63	205	1
70	205	2
71	205	1
75	205	1
79	205	1
80	205	2
82	205	1
84	205	3
88	205	1
90	205	1
91	205	1
93	205	1
101	205	3
103	205	1
105	205	1
109	205	1
111	205	1
113	205	1
114	205	1
118	205	1
119	205	1
120	205	2
123	205	1
124	205	2
126	205	1
127	205	1
129	205	1
130	205	1
137	205	1
140	205	2
141	205	2
145	205	2
147	205	2
148	205	1
155	205	1
156	205	2
157	205	2
159	205	1
160	205	2
161	205	1
164	205	1
168	205	2
169	205	1
172	205	3
176	205	1
178	205	2
179	205	2
180	205	1
181	205	2
182	205	2
183	205	5
185	205	1
187	205	2
188	205	1
190	205	3
191	205	1
192	205	2
193	205	1
194	205	5
195	205	2
196	205	2
198	205	1
200	205	1
201	205	4
202	205	13
203	205	3
204	205	6
46	206	1
47	206	1
48	206	1
49	206	1
50	206	1
51	206	1
60	206	1
67	206	1
69	206	1
72	206	1
74	206	1
79	206	1
81	206	1
82	206	1
96	206	1
98	206	1
101	206	1
102	206	2
103	206	1
104	206	2
106	206	1
107	206	1
110	206	1
111	206	1
112	206	1
113	206	1
120	206	2
121	206	2
122	206	2
123	206	1
124	206	1
125	206	2
127	206	2
128	206	2
129	206	2
130	206	1
132	206	1
133	206	1
135	206	1
137	206	2
139	206	1
141	206	2
143	206	1
149	206	4
150	206	1
151	206	1
152	206	5
153	206	1
154	206	1
155	206	1
156	206	1
157	206	3
160	206	1
162	206	1
163	206	2
169	206	1
171	206	2
173	206	1
174	206	1
175	206	1
177	206	2
179	206	3
180	206	1
181	206	2
182	206	2
183	206	1
186	206	2
187	206	3
190	206	6
191	206	1
193	206	2
194	206	1
195	206	3
196	206	3
198	206	1
200	206	2
201	206	3
202	206	5
203	206	3
204	206	3
205	206	29
41	207	1
44	207	2
47	207	1
49	207	1
55	207	1
57	207	1
62	207	1
63	207	1
68	207	2
71	207	1
77	207	1
81	207	2
86	207	1
102	207	1
105	207	2
107	207	1
112	207	2
114	207	1
119	207	2
120	207	3
121	207	1
122	207	2
124	207	2
125	207	1
128	207	1
130	207	1
133	207	1
136	207	1
139	207	1
143	207	1
144	207	2
145	207	1
152	207	1
155	207	6
156	207	2
157	207	2
165	207	1
174	207	1
176	207	1
179	207	1
180	207	1
183	207	1
185	207	1
186	207	2
187	207	3
188	207	3
189	207	2
192	207	3
194	207	3
200	207	1
201	207	2
202	207	2
205	207	5
206	207	17
46	208	1
47	208	1
48	208	1
52	208	1
99	208	1
101	208	2
102	208	1
103	208	1
104	208	1
105	208	1
109	208	2
110	208	2
113	208	1
114	208	1
116	208	1
119	208	1
120	208	1
125	208	1
126	208	1
129	208	1
130	208	1
131	208	2
132	208	1
134	208	2
136	208	1
139	208	1
140	208	2
144	208	1
148	208	2
149	208	1
150	208	3
151	208	2
152	208	1
153	208	2
154	208	1
155	208	1
157	208	1
160	208	1
165	208	1
166	208	1
170	208	1
175	208	1
176	208	1
180	208	1
181	208	1
184	208	2
187	208	1
188	208	2
189	208	2
190	208	2
191	208	1
193	208	3
196	208	2
197	208	1
199	208	1
202	208	1
203	208	2
204	208	1
205	208	5
206	208	13
207	208	25
51	209	1
63	209	1
64	209	1
74	209	1
76	209	1
82	209	2
101	209	1
102	209	4
104	209	1
109	209	5
112	209	1
117	209	1
118	209	1
119	209	2
123	209	1
129	209	1
130	209	1
131	209	1
132	209	1
133	209	1
139	209	1
143	209	1
144	209	1
148	209	1
152	209	1
153	209	1
154	209	1
157	209	2
159	209	1
161	209	1
168	209	1
170	209	1
177	209	1
178	209	1
180	209	1
181	209	1
182	209	1
184	209	3
186	209	1
187	209	2
189	209	2
191	209	1
193	209	2
194	209	1
195	209	1
198	209	1
199	209	1
200	209	1
201	209	1
202	209	2
203	209	1
204	209	1
205	209	3
206	209	5
207	209	6
208	209	14
51	210	1
76	210	1
77	210	1
82	210	1
95	210	1
96	210	1
100	210	1
102	210	1
107	210	1
109	210	1
122	210	2
123	210	1
127	210	1
129	210	1
131	210	1
139	210	1
142	210	1
143	210	1
148	210	1
150	210	2
152	210	1
158	210	1
163	210	1
168	210	1
170	210	1
176	210	1
179	210	1
180	210	1
182	210	1
184	210	2
185	210	2
189	210	2
190	210	2
193	210	1
194	210	1
195	210	1
200	210	1
203	210	1
205	210	3
206	210	1
207	210	2
208	210	1
209	210	11
44	211	1
47	211	1
55	211	1
60	211	1
64	211	1
75	211	1
103	211	1
104	211	2
105	211	1
129	211	1
131	211	1
136	211	1
137	211	1
138	211	2
140	211	1
141	211	1
142	211	1
143	211	1
145	211	1
150	211	1
151	211	1
152	211	1
153	211	2
162	211	1
169	211	1
173	211	1
182	211	1
184	211	1
185	211	2
187	211	1
188	211	1
190	211	2
195	211	2
200	211	1
202	211	2
204	211	1
206	211	3
207	211	3
208	211	6
209	211	11
210	211	8
47	212	1
69	212	1
72	212	1
76	212	1
92	212	1
101	212	1
103	212	1
112	212	1
118	212	1
119	212	1
130	212	1
134	212	1
137	212	1
140	212	1
141	212	3
142	212	2
188	212	1
190	212	1
192	212	1
197	212	1
199	212	1
206	212	1
208	212	3
209	212	3
210	212	2
211	212	9
47	213	1
92	213	1
103	213	1
145	213	1
146	213	1
148	213	1
150	213	2
188	213	1
211	213	1
212	213	2
39	214	1
49	214	1
81	214	1
101	214	1
115	214	1
116	214	1
117	214	1
123	214	2
127	214	1
130	214	1
133	214	2
140	214	1
144	214	1
146	214	1
150	214	2
151	214	1
155	214	1
156	214	1
159	214	1
165	214	1
178	214	1
182	214	1
183	214	1
184	214	1
186	214	1
187	214	1
188	214	1
195	214	2
201	214	1
206	214	2
207	214	2
208	214	1
210	214	1
211	214	5
212	214	5
213	214	1
43	215	1
46	215	1
49	215	1
53	215	1
54	215	1
66	215	1
70	215	1
77	215	1
88	215	1
97	215	1
101	215	1
106	215	1
111	215	1
115	215	1
117	215	1
140	215	2
142	215	1
144	215	1
145	215	1
150	215	1
152	215	1
154	215	1
156	215	1
167	215	1
177	215	1
181	215	1
183	215	1
185	215	1
186	215	1
188	215	1
190	215	1
192	215	4
197	215	1
205	215	2
206	215	1
208	215	2
209	215	2
210	215	2
211	215	2
212	215	3
213	215	1
214	215	18
