21	22	1
20	23	2
22	23	1
20	30	1
21	32	2
22	32	1
31	32	4
22	33	1
31	33	1
32	33	48
30	34	1
31	34	2
32	34	26
33	34	39
23	35	1
30	35	1
31	35	2
32	35	12
33	35	16
34	35	18
29	36	2
30	36	1
31	36	3
32	36	15
33	36	13
34	36	24
35	36	23
22	37	1
23	37	1
31	37	1
32	37	10
33	37	10
34	37	9
35	37	14
36	37	20
23	38	1
30	38	1
32	38	12
33	38	6
34	38	4
35	38	8
36	38	11
37	38	23
22	39	1
31	39	1
32	39	4
33	39	7
34	39	8
35	39	7
36	39	12
37	39	5
38	39	20
23	40	1
29	40	1
31	40	1
33	40	1
34	40	4
35	40	3
36	40	8
37	40	12
38	40	9
39	40	17
29	41	1
31	41	1
32	41	1
33	41	2
34	41	2
35	41	4
36	41	4
37	41	8
38	41	12
39	41	11
40	41	31
32	42	2
33	42	7
34	42	3
35	42	2
36	42	3
37	42	4
38	42	5
39	42	13
40	42	14
41	42	28
21	43	1
30	43	1
31	43	1
33	43	3
34	43	2
35	43	2
36	43	2
37	43	3
38	43	3
39	43	11
40	43	12
41	43	22
42	43	45
23	44	3
26	44	1
30	44	1
31	44	2
32	44	3
33	44	1
34	44	5
35	44	3
36	44	3
37	44	2
38	44	5
39	44	4
40	44	11
41	44	10
42	44	13
43	44	24
23	45	1
31	45	1
32	45	1
34	45	3
35	45	3
36	45	5
37	45	6
38	45	7
39	45	4
40	45	14
41	45	12
42	45	12
43	45	16
44	45	17
20	46	1
22	46	1
23	46	1
32	46	1
33	46	1
34	46	1
35	46	1
36	46	1
37	46	8
38	46	4
39	46	5
40	46	9
41	46	10
42	46	12
43	46	8
44	46	9
45	46	20
22	47	2
23	47	2
33	47	1
34	47	4
35	47	2
36	47	6
37	47	6
38	47	4
39	47	1
40	47	12
41	47	12
42	47	11
43	47	5
44	47	11
45	47	20
46	47	20
21	48	1
23	48	1
30	48	1
31	48	1
33	48	1
34	48	4
35	48	3
36	48	2
37	48	3
40	48	11
41	48	7
42	48	12
43	48	6
44	48	9
45	48	9
46	48	15
47	48	23
23	49	1
30	49	1
33	49	4
34	49	2
35	49	3
36	49	2
37	49	6
38	49	4
39	49	7
40	49	8
41	49	9
42	49	5
43	49	2
44	49	3
45	49	9
46	49	9
47	49	21
48	49	21
20	50	1
32	50	1
33	50	4
34	50	3
35	50	4
36	50	3
37	50	5
38	50	4
39	50	7
40	50	8
41	50	6
42	50	8
43	50	6
44	50	4
45	50	11
46	50	12
47	50	11
48	50	10
49	50	21
31	51	1
32	51	2
33	51	3
34	51	3
35	51	3
36	51	3
37	51	5
38	51	3
39	51	6
40	51	9
41	51	2
42	51	3
43	51	4
44	51	3
45	51	6
46	51	4
47	51	8
48	51	9
49	51	19
50	51	24
32	52	4
33	52	2
34	52	1
35	52	1
36	52	6
37	52	1
39	52	2
40	52	5
41	52	2
42	52	2
43	52	3
44	52	3
45	52	2
46	52	4
47	52	8
48	52	5
49	52	10
50	52	15
51	52	25
30	53	1
32	53	1
33	53	2
34	53	1
35	53	2
36	53	3
38	53	2
39	53	2
40	53	3
41	53	6
42	53	4
43	53	7
44	53	3
45	53	3
46	53	6
47	53	7
48	53	5
49	53	6
50	53	12
51	53	21
52	53	28
32	54	3
33	54	6
34	54	1
35	54	2
36	54	4
37	54	1
38	54	1
39	54	3
40	54	2
41	54	1
42	54	5
43	54	2
44	54	1
45	54	5
46	54	2
47	54	3
48	54	2
49	54	2
50	54	11
51	54	7
52	54	19
53	54	57
32	55	1
33	55	2
34	55	3
35	55	2
36	55	3
37	55	1
38	55	2
39	55	1
41	55	3
42	55	1
43	55	7
44	55	2
45	55	6
46	55	2
47	55	3
48	55	1
49	55	6
50	55	4
51	55	10
52	55	12
53	55	15
54	55	22
21	56	1
31	56	1
32	56	5
33	56	2
34	56	4
35	56	2
36	56	2
37	56	3
38	56	1
40	56	6
41	56	3
42	56	2
43	56	7
44	56	3
45	56	4
46	56	5
47	56	5
49	56	2
50	56	4
51	56	2
52	56	9
53	56	12
54	56	4
55	56	20
22	57	1
31	57	1
32	57	2
33	57	2
35	57	2
36	57	2
37	57	4
38	57	4
39	57	4
40	57	3
41	57	3
42	57	3
44	57	4
45	57	5
46	57	5
47	57	7
48	57	5
49	57	3
50	57	9
51	57	2
52	57	3
53	57	6
54	57	3
55	57	13
56	57	25
30	58	1
31	58	1
32	58	1
34	58	3
35	58	2
36	58	6
37	58	5
38	58	2
39	58	3
40	58	8
42	58	5
43	58	3
44	58	6
45	58	4
46	58	4
47	58	5
48	58	1
49	58	2
50	58	3
51	58	6
52	58	3
53	58	5
54	58	2
55	58	4
56	58	16
57	58	31
21	59	1
23	59	1
31	59	1
35	59	1
36	59	2
37	59	2
38	59	2
39	59	2
40	59	4
41	59	3
42	59	1
43	59	6
44	59	1
45	59	4
46	59	2
47	59	3
49	59	1
50	59	1
51	59	1
52	59	5
53	59	2
54	59	1
55	59	5
56	59	12
57	59	13
58	59	22
20	60	1
21	60	1
23	60	2
26	60	1
29	60	1
33	60	2
34	60	5
35	60	2
36	60	2
37	60	2
38	60	3
39	60	5
40	60	11
41	60	4
42	60	3
43	60	3
44	60	5
45	60	6
46	60	5
47	60	4
48	60	1
49	60	8
50	60	3
51	60	3
52	60	2
53	60	3
54	60	2
55	60	6
56	60	12
57	60	25
58	60	29
59	60	21
23	61	1
31	61	3
32	61	6
33	61	2
34	61	7
35	61	2
37	61	2
38	61	2
39	61	2
40	61	3
41	61	2
44	61	2
45	61	2
46	61	2
47	61	2
48	61	4
49	61	2
50	61	3
51	61	1
52	61	3
53	61	6
54	61	12
55	61	8
56	61	12
57	61	12
58	61	4
59	61	7
60	61	28
22	62	1
33	62	2
34	62	1
35	62	6
36	62	2
37	62	2
38	62	2
39	62	3
40	62	1
41	62	1
45	62	2
46	62	1
47	62	3
48	62	3
49	62	3
50	62	4
51	62	3
52	62	4
53	62	3
54	62	7
55	62	3
56	62	3
57	62	4
58	62	2
60	62	8
61	62	44
32	63	2
34	63	5
36	63	2
37	63	2
38	63	2
39	63	3
41	63	1
42	63	2
44	63	6
45	63	2
46	63	2
47	63	2
48	63	2
49	63	1
50	63	4
51	63	2
52	63	4
54	63	7
55	63	4
56	63	3
57	63	4
58	63	6
59	63	4
60	63	6
61	63	21
62	63	33
23	64	1
32	64	2
33	64	1
35	64	2
36	64	1
37	64	2
38	64	2
39	64	2
40	64	2
41	64	4
42	64	5
43	64	3
44	64	4
45	64	2
46	64	1
47	64	5
48	64	6
49	64	1
50	64	2
51	64	3
52	64	4
53	64	1
54	64	1
55	64	2
56	64	5
57	64	9
58	64	8
59	64	7
60	64	12
61	64	2
62	64	10
63	64	23
31	65	2
32	65	1
33	65	2
34	65	6
35	65	5
36	65	2
37	65	6
38	65	4
39	65	2
40	65	1
41	65	2
42	65	7
43	65	1
44	65	2
45	65	6
46	65	5
47	65	2
48	65	2
49	65	6
50	65	3
51	65	5
52	65	1
53	65	5
54	65	2
56	65	5
57	65	6
58	65	5
59	65	1
60	65	6
61	65	7
62	65	10
63	65	15
64	65	34
20	66	1
23	66	1
31	66	1
33	66	4
35	66	3
36	66	2
38	66	1
39	66	4
40	66	1
41	66	1
42	66	3
44	66	1
45	66	1
46	66	2
47	66	1
50	66	2
51	66	3
53	66	4
54	66	5
55	66	3
56	66	3
57	66	5
58	66	3
59	66	1
60	66	6
61	66	8
62	66	4
63	66	12
64	66	10
65	66	21
32	67	1
34	67	2
35	67	5
36	67	1
38	67	1
39	67	3
42	67	1
43	67	1
47	67	1
49	67	4
50	67	2
51	67	3
52	67	4
53	67	2
54	67	2
55	67	2
57	67	1
58	67	1
59	67	2
60	67	3
61	67	7
62	67	9
63	67	6
64	67	7
65	67	15
66	67	14
31	68	2
32	68	1
33	68	1
34	68	2
36	68	3
38	68	2
39	68	2
40	68	2
41	68	1
43	68	1
44	68	1
46	68	3
51	68	2
52	68	1
53	68	1
55	68	1
56	68	1
57	68	1
58	68	2
59	68	1
60	68	3
61	68	6
62	68	5
63	68	6
64	68	6
65	68	3
66	68	8
67	68	23
32	69	3
33	69	2
34	69	1
35	69	2
36	69	1
38	69	1
39	69	1
40	69	1
42	69	1
43	69	2
44	69	1
47	69	1
50	69	1
51	69	1
52	69	1
53	69	3
54	69	3
55	69	1
58	69	1
59	69	1
61	69	4
62	69	5
63	69	3
64	69	1
65	69	2
66	69	4
67	69	12
68	69	13
23	70	1
32	70	2
33	70	2
34	70	1
38	70	1
39	70	1
40	70	1
45	70	1
46	70	3
51	70	1
53	70	1
54	70	4
55	70	1
56	70	2
61	70	1
62	70	1
63	70	2
64	70	2
65	70	2
66	70	2
67	70	3
68	70	7
69	70	43
32	71	1
33	71	1
34	71	1
35	71	1
39	71	3
41	71	1
42	71	2
43	71	1
47	71	1
48	71	1
49	71	1
50	71	1
51	71	2
52	71	2
54	71	2
55	71	1
56	71	4
57	71	1
58	71	2
59	71	3
61	71	7
62	71	7
63	71	3
64	71	2
65	71	1
66	71	2
67	71	7
68	71	6
69	71	15
70	71	18
26	72	1
33	72	4
34	72	3
35	72	1
36	72	1
40	72	1
46	72	1
47	72	1
48	72	3
49	72	2
51	72	3
52	72	1
54	72	2
55	72	1
56	72	1
57	72	1
59	72	1
60	72	1
61	72	1
64	72	2
65	72	2
66	72	1
67	72	3
68	72	4
69	72	13
70	72	15
71	72	44
22	73	1
30	73	1
32	73	4
33	73	2
34	73	1
35	73	2
37	73	1
38	73	2
39	73	1
40	73	1
42	73	1
43	73	2
45	73	1
46	73	3
47	73	2
48	73	3
50	73	2
51	73	1
52	73	1
53	73	1
54	73	4
55	73	5
56	73	3
57	73	2
59	73	2
60	73	1
61	73	3
62	73	4
63	73	4
64	73	2
65	73	4
66	73	4
67	73	9
68	73	3
69	73	6
70	73	7
71	73	15
72	73	20
32	74	4
35	74	3
39	74	1
42	74	2
47	74	1
48	74	1
51	74	1
52	74	1
53	74	5
54	74	3
55	74	1
57	74	1
58	74	2
59	74	1
60	74	2
61	74	2
62	74	1
63	74	3
65	74	3
66	74	3
67	74	7
68	74	5
69	74	4
70	74	3
71	74	8
72	74	11
73	74	41
32	75	3
33	75	2
34	75	3
36	75	3
39	75	2
40	75	1
41	75	1
42	75	2
44	75	1
45	75	1
46	75	1
49	75	1
51	75	1
53	75	2
54	75	4
55	75	1
59	75	1
61	75	2
62	75	1
63	75	3
64	75	1
65	75	3
66	75	1
67	75	6
68	75	4
69	75	4
70	75	4
71	75	8
72	75	14
73	75	35
74	75	42
32	76	1
33	76	2
35	76	3
36	76	1
37	76	1
39	76	3
42	76	1
43	76	1
44	76	1
45	76	1
49	76	2
51	76	2
53	76	1
54	76	3
55	76	2
59	76	2
60	76	1
61	76	1
62	76	3
63	76	2
64	76	1
65	76	1
67	76	3
68	76	8
69	76	4
70	76	8
71	76	4
72	76	4
73	76	8
74	76	11
75	76	17
20	77	1
35	77	1
40	77	1
42	77	1
52	77	2
53	77	3
54	77	7
56	77	1
57	77	2
59	77	1
61	77	3
62	77	3
63	77	2
64	77	2
65	77	1
67	77	2
68	77	1
69	77	6
70	77	4
71	77	3
72	77	3
73	77	9
74	77	3
75	77	14
76	77	23
32	78	1
34	78	3
36	78	1
38	78	1
41	78	1
42	78	1
43	78	1
47	78	1
48	78	1
49	78	1
50	78	1
52	78	1
53	78	1
54	78	2
55	78	4
56	78	2
58	78	2
61	78	1
62	78	1
63	78	3
64	78	2
65	78	1
66	78	1
67	78	2
69	78	6
70	78	6
71	78	4
72	78	5
73	78	3
74	78	1
75	78	4
76	78	13
77	78	23
23	79	1
32	79	3
33	79	1
34	79	3
38	79	3
41	79	1
42	79	1
44	79	1
45	79	2
46	79	2
47	79	1
48	79	1
50	79	1
51	79	1
52	79	2
53	79	1
54	79	2
56	79	1
57	79	1
58	79	1
59	79	2
60	79	1
61	79	2
62	79	2
63	79	1
64	79	4
65	79	4
66	79	2
67	79	1
68	79	3
69	79	3
70	79	4
71	79	3
72	79	8
73	79	4
74	79	12
75	79	10
76	79	3
77	79	15
78	79	15
31	80	2
32	80	1
33	80	2
34	80	1
35	80	3
36	80	1
37	80	2
38	80	2
40	80	2
41	80	2
44	80	1
47	80	1
49	80	3
50	80	2
51	80	1
52	80	2
53	80	3
54	80	3
55	80	1
56	80	2
57	80	3
58	80	3
59	80	1
60	80	4
61	80	1
62	80	2
63	80	4
64	80	4
65	80	4
66	80	3
67	80	2
68	80	4
69	80	7
70	80	4
71	80	5
72	80	2
73	80	7
74	80	1
75	80	2
76	80	4
77	80	11
78	80	15
79	80	38
23	81	1
31	81	1
32	81	1
33	81	1
35	81	1
36	81	4
38	81	1
39	81	1
40	81	6
41	81	1
45	81	1
46	81	1
48	81	1
50	81	3
53	81	1
54	81	2
55	81	3
56	81	2
58	81	1
59	81	1
60	81	1
61	81	1
62	81	5
63	81	5
64	81	3
65	81	1
66	81	2
67	81	1
68	81	4
69	81	3
70	81	1
71	81	4
72	81	3
73	81	5
74	81	6
75	81	3
76	81	4
77	81	3
78	81	10
79	81	11
80	81	19
30	82	1
32	82	1
33	82	6
34	82	1
35	82	1
37	82	2
39	82	1
40	82	1
41	82	1
42	82	1
43	82	3
44	82	1
45	82	5
47	82	2
49	82	1
50	82	4
52	82	5
53	82	2
54	82	3
55	82	1
56	82	3
57	82	1
58	82	4
60	82	2
61	82	4
62	82	1
64	82	7
65	82	2
66	82	1
67	82	2
68	82	3
69	82	4
70	82	1
71	82	6
72	82	3
73	82	3
74	82	4
75	82	5
76	82	5
77	82	7
78	82	7
79	82	9
80	82	15
81	82	27
20	83	2
21	83	1
22	83	1
23	83	2
31	83	1
32	83	1
33	83	1
34	83	1
35	83	3
36	83	3
37	83	3
38	83	2
39	83	1
40	83	6
41	83	3
43	83	1
44	83	2
47	83	1
48	83	3
50	83	2
51	83	4
52	83	1
54	83	2
55	83	2
56	83	4
57	83	2
58	83	3
59	83	2
60	83	2
61	83	1
62	83	1
63	83	1
64	83	3
67	83	1
68	83	1
69	83	3
71	83	1
72	83	1
73	83	1
74	83	2
75	83	3
77	83	2
78	83	3
79	83	4
80	83	6
81	83	6
82	83	9
22	84	1
23	84	1
33	84	2
36	84	1
37	84	4
38	84	3
39	84	3
40	84	1
41	84	2
43	84	2
44	84	2
45	84	2
47	84	8
48	84	1
50	84	1
52	84	1
53	84	2
54	84	1
55	84	3
56	84	6
57	84	5
58	84	6
59	84	1
60	84	3
61	84	1
63	84	5
64	84	3
65	84	3
66	84	2
67	84	4
68	84	4
70	84	1
71	84	1
72	84	1
73	84	1
74	84	1
75	84	1
76	84	2
78	84	1
79	84	3
80	84	7
81	84	7
82	84	7
83	84	35
23	85	1
32	85	2
34	85	3
35	85	1
36	85	1
37	85	3
38	85	3
39	85	1
40	85	3
41	85	3
42	85	1
43	85	2
44	85	3
45	85	1
46	85	4
47	85	1
48	85	1
49	85	1
50	85	4
51	85	2
54	85	3
56	85	2
57	85	4
60	85	2
61	85	1
62	85	3
63	85	1
64	85	5
65	85	5
66	85	1
67	85	3
68	85	4
71	85	1
75	85	3
76	85	1
77	85	1
78	85	1
79	85	1
80	85	4
81	85	8
82	85	15
83	85	19
84	85	42
32	86	1
33	86	2
34	86	1
35	86	3
36	86	2
38	86	2
39	86	1
40	86	1
43	86	1
46	86	1
47	86	2
49	86	1
50	86	2
51	86	1
52	86	3
54	86	2
55	86	2
57	86	1
58	86	1
60	86	1
62	86	3
64	86	1
65	86	2
66	86	2
67	86	2
68	86	3
69	86	4
70	86	2
73	86	3
74	86	4
75	86	2
76	86	1
77	86	3
78	86	5
79	86	2
80	86	5
81	86	5
82	86	9
83	86	8
84	86	11
85	86	3
23	87	1
31	87	1
33	87	2
34	87	1
36	87	1
38	87	1
40	87	2
42	87	1
43	87	1
44	87	1
45	87	1
51	87	1
52	87	1
53	87	2
54	87	3
58	87	1
59	87	1
61	87	2
62	87	1
63	87	1
66	87	1
67	87	1
68	87	1
69	87	6
70	87	3
71	87	1
72	87	1
73	87	2
74	87	2
76	87	1
77	87	1
78	87	2
79	87	1
80	87	5
81	87	1
82	87	3
83	87	3
84	87	1
85	87	5
86	87	24
32	88	1
33	88	4
35	88	2
39	88	1
40	88	1
41	88	2
42	88	2
44	88	1
46	88	1
47	88	1
48	88	1
54	88	1
56	88	1
61	88	1
63	88	1
64	88	1
65	88	2
68	88	1
69	88	4
70	88	3
71	88	3
72	88	1
73	88	4
74	88	3
76	88	5
77	88	1
78	88	2
79	88	2
80	88	1
81	88	1
82	88	2
83	88	2
86	88	9
87	88	18
31	89	1
34	89	1
35	89	2
36	89	1
41	89	1
45	89	1
50	89	1
51	89	1
54	89	1
56	89	2
59	89	1
61	89	2
63	89	1
67	89	1
70	89	2
71	89	1
72	89	1
73	89	1
75	89	1
76	89	2
77	89	2
78	89	2
79	89	4
80	89	1
81	89	1
82	89	1
86	89	6
87	89	6
88	89	22
32	90	1
33	90	1
39	90	1
50	90	1
52	90	1
61	90	1
62	90	1
64	90	1
69	90	1
70	90	3
71	90	1
77	90	2
78	90	2
81	90	1
82	90	4
83	90	2
85	90	1
86	90	3
87	90	2
88	90	11
89	90	20
32	91	1
42	91	1
53	91	1
55	91	1
62	91	1
63	91	1
66	91	1
69	91	1
70	91	3
72	91	2
73	91	1
75	91	2
77	91	2
78	91	4
79	91	4
82	91	1
83	91	1
86	91	2
87	91	1
88	91	5
89	91	13
90	91	22
46	92	2
48	92	2
49	92	1
56	92	1
60	92	1
61	92	1
68	92	1
71	92	1
74	92	1
77	92	2
79	92	1
80	92	1
82	92	1
83	92	1
86	92	4
87	92	4
88	92	3
89	92	3
90	92	7
91	92	19
32	93	1
44	93	1
45	93	1
48	93	1
55	93	1
57	93	1
59	93	2
60	93	1
61	93	1
62	93	1
65	93	1
69	93	1
70	93	2
71	93	1
75	93	1
76	93	1
77	93	1
79	93	1
80	93	3
83	93	1
84	93	1
85	93	1
87	93	2
88	93	2
89	93	3
90	93	5
91	93	5
92	93	22
33	94	3
36	94	2
37	94	1
45	94	1
46	94	2
49	94	1
53	94	1
54	94	1
55	94	1
56	94	1
57	94	3
58	94	1
60	94	1
61	94	1
66	94	1
69	94	1
70	94	2
72	94	1
73	94	1
74	94	3
75	94	1
76	94	2
77	94	3
78	94	2
79	94	4
81	94	3
82	94	2
86	94	1
87	94	1
88	94	1
89	94	1
90	94	3
91	94	3
92	94	7
93	94	14
32	95	1
33	95	1
34	95	1
37	95	1
39	95	1
40	95	1
42	95	1
46	95	1
49	95	1
50	95	1
52	95	1
53	95	2
54	95	1
55	95	3
57	95	1
60	95	1
62	95	2
64	95	2
65	95	1
69	95	1
71	95	1
74	95	2
78	95	1
80	95	2
81	95	3
83	95	1
85	95	3
86	95	1
87	95	2
88	95	1
89	95	4
90	95	4
92	95	7
93	95	12
94	95	25
34	96	3
39	96	1
40	96	1
41	96	1
45	96	1
54	96	1
55	96	1
59	96	1
63	96	1
66	96	2
67	96	1
70	96	2
71	96	2
74	96	1
76	96	1
80	96	2
81	96	1
82	96	2
83	96	2
85	96	2
86	96	1
87	96	1
88	96	1
89	96	1
90	96	1
91	96	1
92	96	5
93	96	12
94	96	3
95	96	13
49	97	1
50	97	1
54	97	1
57	97	1
66	97	1
68	97	2
72	97	1
80	97	1
86	97	1
91	97	1
92	97	1
93	97	1
94	97	2
95	97	2
96	97	9
