1	2	20
1	3	10
2	3	14
1	4	4
2	4	6
3	4	33
1	5	3
2	5	3
3	5	12
4	5	23
1	6	3
2	6	9
3	6	12
4	6	9
5	6	17
1	7	2
2	7	2
3	7	4
4	7	3
5	7	8
6	7	22
1	8	2
2	8	1
3	8	3
4	8	5
5	8	1
6	8	4
7	8	22
1	9	2
2	9	2
3	9	2
4	9	3
5	9	3
6	9	4
7	9	7
8	9	15
1	10	1
3	10	1
4	10	2
6	10	4
7	10	4
8	10	12
9	10	23
1	11	1
2	11	3
3	11	4
4	11	1
5	11	1
6	11	2
7	11	4
8	11	5
9	11	9
10	11	19
1	12	2
2	12	2
3	12	4
4	12	3
6	12	1
7	12	3
8	12	3
9	12	6
10	12	5
11	12	18
3	13	1
4	13	1
5	13	2
6	13	1
7	13	1
9	13	6
10	13	3
11	13	9
12	13	12
1	14	2
3	14	6
4	14	4
5	14	2
6	14	3
7	14	1
8	14	2
9	14	3
10	14	4
11	14	7
12	14	9
13	14	50
2	15	1
3	15	3
4	15	2
6	15	1
7	15	3
8	15	2
9	15	2
10	15	4
11	15	3
12	15	7
13	15	29
14	15	57
2	16	1
3	16	1
5	16	1
6	16	1
8	16	1
9	16	2
10	16	3
11	16	3
12	16	8
13	16	14
14	16	33
15	16	47
1	17	1
2	17	1
3	17	1
4	17	1
5	17	1
6	17	1
8	17	2
9	17	1
10	17	4
11	17	4
12	17	7
13	17	11
14	17	8
15	17	13
16	17	31
2	18	2
3	18	1
5	18	1
7	18	1
9	18	3
10	18	2
11	18	2
12	18	2
13	18	12
14	18	7
15	18	9
16	18	20
17	18	35
2	19	1
4	19	1
5	19	4
6	19	1
9	19	1
10	19	1
11	19	2
12	19	4
13	19	9
14	19	4
15	19	4
16	19	8
17	19	11
18	19	24
2	20	1
3	20	1
5	20	1
7	20	1
9	20	1
10	20	3
11	20	2
12	20	2
13	20	5
14	20	4
15	20	3
16	20	9
17	20	8
18	20	10
19	20	33
1	21	1
2	21	1
3	21	3
4	21	1
5	21	1
6	21	1
9	21	3
10	21	1
11	21	3
12	21	4
13	21	4
14	21	5
15	21	6
16	21	7
17	21	7
18	21	10
19	21	15
20	21	28
1	22	1
3	22	1
4	22	1
6	22	1
7	22	2
8	22	1
9	22	3
10	22	3
11	22	1
12	22	1
13	22	4
14	22	2
15	22	2
16	22	4
17	22	13
18	22	5
19	22	8
20	22	17
21	22	27
2	23	1
3	23	1
5	23	1
7	23	2
10	23	1
11	23	1
12	23	6
13	23	4
14	23	4
15	23	3
16	23	4
17	23	11
18	23	5
19	23	10
20	23	23
21	23	28
22	23	71
2	24	1
3	24	1
5	24	2
6	24	1
7	24	2
9	24	3
11	24	1
13	24	3
14	24	4
15	24	6
16	24	3
17	24	6
18	24	8
19	24	12
20	24	18
21	24	9
22	24	22
23	24	24
6	25	1
8	25	1
11	25	1
12	25	3
13	25	7
14	25	2
15	25	2
16	25	2
17	25	6
18	25	7
19	25	7
20	25	2
21	25	8
22	25	10
23	25	10
24	25	32
3	26	1
9	26	2
10	26	2
11	26	1
12	26	1
13	26	1
14	26	2
15	26	3
16	26	5
17	26	3
18	26	10
19	26	11
20	26	12
21	26	11
22	26	8
23	26	6
24	26	18
25	26	20
3	27	3
4	27	2
6	27	2
7	27	2
8	27	1
10	27	2
11	27	1
12	27	2
13	27	2
14	27	5
15	27	1
16	27	3
17	27	5
18	27	5
19	27	6
20	27	3
21	27	8
22	27	13
23	27	7
24	27	14
25	27	9
26	27	30
1	28	1
5	28	1
7	28	1
12	28	4
13	28	2
14	28	2
15	28	6
16	28	3
17	28	2
18	28	2
19	28	2
20	28	6
21	28	5
22	28	5
23	28	8
24	28	4
25	28	9
26	28	9
27	28	31
1	29	1
3	29	2
4	29	1
5	29	1
6	29	1
9	29	2
11	29	2
12	29	2
13	29	4
14	29	1
15	29	4
16	29	8
17	29	5
18	29	4
19	29	6
20	29	3
21	29	2
22	29	6
23	29	7
24	29	2
25	29	5
26	29	8
27	29	9
28	29	15
1	30	1
3	30	1
6	30	1
7	30	2
8	30	2
9	30	2
11	30	3
12	30	1
14	30	3
15	30	1
16	30	2
17	30	3
18	30	1
19	30	1
20	30	2
21	30	3
22	30	3
23	30	8
24	30	4
25	30	2
26	30	1
27	30	10
28	30	9
29	30	43
1	31	1
5	31	2
6	31	2
8	31	1
9	31	1
10	31	1
11	31	1
12	31	1
13	31	3
14	31	7
15	31	3
16	31	4
17	31	1
18	31	3
19	31	1
20	31	2
21	31	1
22	31	2
23	31	2
24	31	2
25	31	3
26	31	1
27	31	12
28	31	5
29	31	28
30	31	28
2	32	1
4	32	2
5	32	1
6	32	1
7	32	2
8	32	2
10	32	1
12	32	3
13	32	1
14	32	7
15	32	2
16	32	2
17	32	5
18	32	8
19	32	3
20	32	2
21	32	3
22	32	6
23	32	5
24	32	6
25	32	2
26	32	2
27	32	5
28	32	8
29	32	25
30	32	30
31	32	37
2	33	1
3	33	2
4	33	2
9	33	1
10	33	1
11	33	1
12	33	7
13	33	2
14	33	1
15	33	5
16	33	4
17	33	2
18	33	1
19	33	2
21	33	4
22	33	8
23	33	6
24	33	2
25	33	2
26	33	8
27	33	6
28	33	7
29	33	17
30	33	15
31	33	21
32	33	38
3	34	1
5	34	2
6	34	2
7	34	1
9	34	1
10	34	1
12	34	1
13	34	2
14	34	1
15	34	2
16	34	2
17	34	1
18	34	3
19	34	3
20	34	3
21	34	3
22	34	3
23	34	5
24	34	2
25	34	2
26	34	4
27	34	7
28	34	8
29	34	14
30	34	5
31	34	17
32	34	18
33	34	26
3	35	2
5	35	1
8	35	1
9	35	2
10	35	3
11	35	1
12	35	1
14	35	3
15	35	4
17	35	2
18	35	4
20	35	2
21	35	4
22	35	1
23	35	2
24	35	2
25	35	6
26	35	4
27	35	5
28	35	4
29	35	5
30	35	3
31	35	4
32	35	9
33	35	7
34	35	28
3	36	2
5	36	2
10	36	4
12	36	4
14	36	3
15	36	1
16	36	3
17	36	4
19	36	1
20	36	1
21	36	1
22	36	5
23	36	3
25	36	1
26	36	3
27	36	1
28	36	4
29	36	4
30	36	2
31	36	5
32	36	6
33	36	6
34	36	7
35	36	11
5	37	1
6	37	1
9	37	1
10	37	1
11	37	3
13	37	1
15	37	1
16	37	1
17	37	2
18	37	1
19	37	1
20	37	3
21	37	2
22	37	1
23	37	3
26	37	3
27	37	2
28	37	4
29	37	6
30	37	5
31	37	3
32	37	5
33	37	2
34	37	10
35	37	6
36	37	30
3	38	1
4	38	2
6	38	1
7	38	2
8	38	3
10	38	2
11	38	1
12	38	3
15	38	2
16	38	2
17	38	2
18	38	1
19	38	1
20	38	1
21	38	3
22	38	6
24	38	3
25	38	1
26	38	1
27	38	6
28	38	5
29	38	2
32	38	2
33	38	5
34	38	4
35	38	4
36	38	15
37	38	19
1	39	1
3	39	1
6	39	2
8	39	2
9	39	1
10	39	1
12	39	3
14	39	3
15	39	1
16	39	1
17	39	1
18	39	3
19	39	1
20	39	3
21	39	3
22	39	1
23	39	1
24	39	4
25	39	1
27	39	5
28	39	1
29	39	4
31	39	2
32	39	4
33	39	3
34	39	3
35	39	9
36	39	7
37	39	14
38	39	33
1	40	1
3	40	1
6	40	2
7	40	1
8	40	1
9	40	1
10	40	2
11	40	2
12	40	3
13	40	1
14	40	5
15	40	3
16	40	5
17	40	1
18	40	2
19	40	2
20	40	2
21	40	2
22	40	1
23	40	1
24	40	1
25	40	1
26	40	3
27	40	3
28	40	1
29	40	2
30	40	1
31	40	2
32	40	5
33	40	4
34	40	10
35	40	4
36	40	4
37	40	6
38	40	22
39	40	32
1	41	2
5	41	1
7	41	2
8	41	1
11	41	1
12	41	3
13	41	3
14	41	2
15	41	3
16	41	1
17	41	3
19	41	2
20	41	2
21	41	1
22	41	3
23	41	5
24	41	3
26	41	1
27	41	1
28	41	4
29	41	3
30	41	1
32	41	3
33	41	1
34	41	1
35	41	1
36	41	7
37	41	7
38	41	4
39	41	7
40	41	21
2	42	1
3	42	1
4	42	1
6	42	1
10	42	1
11	42	1
12	42	3
13	42	1
14	42	2
15	42	2
16	42	2
17	42	1
19	42	1
20	42	2
21	42	3
22	42	2
23	42	1
24	42	1
25	42	4
26	42	2
27	42	2
28	42	2
29	42	1
30	42	3
31	42	2
32	42	5
33	42	4
34	42	2
35	42	3
36	42	5
37	42	6
38	42	5
39	42	7
40	42	10
41	42	36
1	43	1
2	43	1
4	43	1
5	43	3
6	43	1
7	43	2
8	43	3
9	43	1
10	43	2
11	43	3
12	43	4
13	43	1
14	43	1
15	43	2
16	43	3
17	43	2
18	43	1
19	43	3
20	43	1
21	43	1
22	43	2
23	43	1
25	43	4
26	43	1
27	43	4
28	43	3
29	43	4
30	43	2
32	43	4
33	43	2
34	43	3
36	43	2
37	43	5
38	43	5
39	43	9
40	43	4
41	43	13
42	43	38
1	44	2
6	44	1
8	44	1
9	44	1
13	44	2
14	44	2
15	44	1
16	44	2
18	44	3
19	44	3
20	44	2
21	44	3
22	44	1
23	44	3
24	44	6
25	44	2
26	44	2
27	44	3
28	44	2
29	44	1
30	44	2
32	44	3
33	44	1
34	44	3
35	44	3
38	44	3
39	44	5
40	44	4
41	44	3
42	44	17
43	44	17
1	45	1
4	45	1
5	45	1
8	45	1
14	45	1
15	45	2
16	45	3
17	45	3
18	45	4
19	45	1
20	45	1
21	45	2
22	45	2
24	45	3
25	45	4
26	45	4
28	45	1
29	45	4
30	45	3
31	45	2
32	45	1
34	45	2
36	45	3
37	45	5
38	45	1
39	45	3
40	45	2
41	45	1
42	45	8
43	45	4
44	45	22
6	46	1
9	46	1
10	46	1
13	46	2
15	46	6
16	46	2
17	46	3
18	46	5
19	46	2
20	46	2
21	46	2
22	46	3
23	46	2
24	46	4
25	46	4
26	46	6
27	46	5
28	46	3
29	46	3
30	46	2
31	46	1
32	46	3
33	46	1
34	46	1
35	46	1
36	46	3
37	46	2
38	46	2
39	46	2
40	46	4
41	46	1
42	46	9
43	46	8
44	46	12
45	46	22
3	47	1
7	47	1
8	47	1
10	47	2
11	47	4
12	47	4
13	47	1
14	47	1
15	47	1
16	47	4
17	47	2
19	47	4
20	47	4
21	47	4
23	47	1
24	47	1
25	47	3
26	47	2
27	47	5
29	47	1
30	47	1
31	47	1
32	47	2
33	47	2
35	47	3
36	47	1
37	47	4
38	47	4
39	47	2
40	47	2
41	47	7
42	47	5
43	47	6
44	47	7
45	47	9
46	47	26
5	48	1
7	48	1
9	48	1
11	48	1
12	48	1
13	48	1
15	48	2
16	48	3
17	48	2
18	48	1
20	48	1
22	48	1
24	48	1
25	48	2
26	48	1
27	48	6
28	48	1
30	48	4
33	48	4
35	48	1
36	48	1
37	48	1
38	48	1
39	48	3
40	48	6
41	48	7
42	48	5
43	48	6
44	48	3
45	48	10
46	48	7
47	48	14
7	49	1
8	49	2
9	49	1
10	49	1
11	49	3
12	49	1
13	49	2
14	49	2
15	49	2
16	49	1
18	49	3
19	49	1
20	49	4
21	49	2
22	49	5
23	49	1
24	49	2
26	49	3
27	49	5
29	49	3
32	49	2
33	49	2
34	49	2
35	49	5
36	49	2
39	49	1
40	49	5
41	49	2
42	49	5
43	49	5
44	49	2
45	49	5
46	49	4
47	49	6
48	49	20
3	50	1
4	50	1
11	50	3
12	50	2
13	50	2
14	50	3
16	50	3
18	50	2
19	50	2
21	50	2
22	50	4
23	50	1
25	50	3
26	50	1
27	50	2
28	50	1
29	50	2
30	50	2
31	50	1
32	50	1
33	50	1
34	50	1
35	50	5
36	50	2
38	50	3
39	50	2
40	50	2
42	50	2
43	50	3
44	50	7
45	50	1
46	50	5
47	50	4
48	50	3
49	50	29
6	51	2
7	51	1
8	51	3
12	51	1
15	51	1
18	51	2
19	51	2
20	51	5
21	51	3
22	51	2
24	51	1
25	51	1
27	51	1
30	51	1
32	51	1
33	51	2
34	51	1
36	51	2
37	51	1
38	51	4
40	51	2
41	51	2
42	51	3
43	51	4
44	51	3
45	51	1
46	51	3
47	51	8
48	51	6
49	51	6
50	51	14
3	52	1
5	52	1
10	52	1
12	52	1
13	52	1
14	52	2
15	52	1
17	52	1
18	52	1
19	52	1
20	52	1
22	52	1
23	52	1
26	52	1
28	52	1
30	52	1
34	52	1
36	52	3
37	52	1
40	52	1
42	52	1
43	52	1
44	52	2
45	52	4
47	52	5
48	52	3
49	52	1
50	52	6
51	52	17
17	53	1
26	53	1
30	53	1
33	53	2
35	53	1
42	53	1
43	53	1
48	53	2
51	53	1
52	53	2
15	60	1
20	60	1
24	60	1
25	60	1
26	60	1
27	60	1
28	60	2
37	60	1
38	60	1
41	60	1
44	60	1
45	60	1
47	60	2
48	60	2
49	60	2
50	60	1
51	60	1
2	61	1
8	61	1
10	61	1
11	61	1
12	61	2
13	61	3
15	61	1
16	61	1
17	61	1
18	61	1
20	61	2
21	61	1
22	61	1
23	61	1
24	61	2
25	61	1
27	61	2
28	61	2
29	61	2
31	61	1
32	61	1
34	61	2
36	61	1
37	61	1
40	61	2
41	61	3
42	61	3
48	61	2
49	61	1
50	61	1
51	61	2
52	61	2
60	61	2
2	62	1
6	62	1
8	62	1
9	62	2
10	62	1
11	62	1
12	62	1
13	62	1
14	62	1
18	62	2
22	62	1
23	62	1
28	62	1
32	62	1
35	62	1
36	62	1
37	62	1
38	62	1
39	62	1
40	62	2
41	62	1
42	62	1
43	62	2
48	62	1
49	62	1
50	62	1
51	62	1
52	62	2
60	62	4
61	62	16
1	63	2
5	63	1
6	63	1
7	63	1
9	63	2
11	63	1
12	63	1
14	63	1
15	63	1
17	63	1
23	63	1
26	63	1
33	63	1
34	63	1
35	63	1
39	63	1
40	63	1
42	63	2
48	63	1
49	63	1
61	63	6
62	63	18
2	64	1
3	64	2
5	64	1
7	64	1
8	64	2
9	64	1
12	64	1
13	64	1
14	64	1
16	64	1
19	64	2
22	64	1
29	64	1
34	64	1
36	64	1
37	64	2
38	64	1
40	64	1
41	64	1
42	64	2
49	64	2
52	64	2
60	64	1
61	64	2
62	64	6
63	64	7
1	65	1
5	65	1
6	65	1
8	65	3
10	65	1
11	65	1
14	65	1
21	65	1
23	65	1
27	65	3
28	65	1
29	65	1
32	65	2
36	65	1
39	65	1
40	65	1
41	65	1
42	65	2
44	65	1
50	65	1
51	65	1
61	65	1
62	65	6
63	65	8
64	65	7
1	66	1
3	66	3
4	66	1
6	66	4
7	66	1
8	66	1
12	66	1
17	66	2
22	66	1
26	66	1
33	66	1
34	66	1
40	66	1
43	66	2
49	66	1
51	66	1
61	66	2
62	66	3
63	66	5
64	66	7
65	66	25
3	67	3
4	67	1
6	67	1
7	67	1
8	67	2
10	67	1
18	67	2
22	67	1
24	67	2
33	67	1
37	67	1
41	67	1
42	67	1
47	67	1
61	67	2
62	67	5
63	67	3
64	67	3
65	67	6
66	67	28
3	68	3
4	68	1
7	68	1
17	68	1
21	68	1
27	68	1
28	68	1
29	68	1
38	68	1
40	68	2
52	68	1
61	68	1
62	68	1
63	68	2
64	68	5
65	68	6
66	68	7
67	68	22
4	69	2
5	69	1
6	69	1
8	69	1
12	69	1
16	69	1
19	69	1
20	69	1
21	69	1
32	69	1
34	69	2
41	69	1
45	69	1
50	69	2
51	69	2
63	69	6
64	69	1
66	69	5
67	69	10
68	69	30
4	70	1
5	70	2
6	70	1
9	70	1
14	70	1
17	70	1
22	70	1
23	70	1
31	70	1
34	70	1
36	70	1
38	70	1
43	70	1
44	70	1
46	70	1
47	70	1
48	70	1
60	70	1
62	70	2
63	70	3
64	70	1
65	70	1
66	70	6
67	70	7
68	70	9
69	70	19
3	71	2
4	71	1
5	71	2
7	71	2
11	71	2
23	71	1
28	71	1
32	71	1
37	71	1
38	71	1
40	71	1
43	71	1
44	71	1
49	71	1
50	71	2
61	71	2
62	71	1
63	71	2
64	71	3
65	71	2
66	71	4
67	71	4
68	71	8
69	71	11
70	71	18
3	72	1
7	72	1
10	72	2
11	72	1
12	72	1
23	72	1
29	72	1
31	72	2
37	72	2
38	72	1
39	72	2
42	72	3
43	72	1
45	72	1
48	72	1
51	72	2
52	72	1
61	72	1
62	72	1
63	72	3
64	72	1
65	72	7
66	72	4
67	72	2
68	72	4
69	72	4
70	72	5
71	72	10
1	73	1
3	73	1
6	73	2
10	73	1
12	73	2
15	73	1
16	73	1
17	73	1
22	73	3
23	73	1
27	73	1
29	73	3
30	73	1
32	73	1
34	73	1
37	73	2
42	73	1
43	73	1
46	73	1
48	73	1
50	73	1
62	73	2
63	73	2
64	73	2
66	73	3
67	73	4
68	73	2
69	73	1
70	73	6
71	73	13
72	73	25
2	74	1
6	74	2
9	74	2
11	74	1
12	74	1
15	74	2
20	74	2
27	74	1
28	74	1
29	74	1
30	74	1
31	74	2
34	74	1
35	74	1
39	74	2
42	74	1
43	74	1
48	74	1
51	74	1
61	74	3
62	74	2
63	74	3
64	74	1
65	74	4
67	74	3
68	74	5
69	74	1
70	74	2
71	74	3
72	74	17
73	74	28
2	75	1
4	75	1
5	75	1
6	75	3
7	75	1
10	75	1
12	75	2
16	75	1
18	75	1
21	75	1
22	75	1
23	75	1
28	75	1
31	75	1
36	75	1
37	75	2
38	75	2
39	75	1
41	75	1
43	75	2
44	75	1
45	75	1
46	75	1
48	75	1
50	75	2
61	75	3
62	75	4
63	75	1
64	75	5
65	75	4
66	75	1
68	75	4
69	75	1
70	75	4
71	75	3
72	75	8
73	75	12
74	75	12
3	76	2
4	76	1
5	76	1
6	76	1
10	76	1
12	76	2
13	76	1
16	76	1
17	76	3
21	76	2
22	76	1
23	76	1
26	76	1
29	76	1
30	76	1
32	76	2
33	76	3
34	76	1
38	76	1
39	76	1
42	76	2
45	76	2
47	76	1
49	76	2
50	76	3
51	76	1
60	76	2
61	76	2
63	76	1
64	76	2
65	76	3
66	76	1
68	76	1
69	76	1
70	76	3
71	76	2
72	76	1
73	76	7
74	76	10
75	76	26
3	77	2
6	77	1
9	77	3
11	77	1
13	77	1
14	77	1
15	77	2
16	77	1
17	77	3
21	77	2
22	77	4
23	77	1
24	77	1
26	77	1
27	77	1
29	77	2
31	77	1
32	77	1
33	77	2
34	77	2
35	77	3
36	77	2
39	77	1
41	77	2
43	77	1
44	77	2
45	77	2
46	77	1
47	77	3
49	77	3
50	77	3
51	77	3
52	77	2
60	77	1
62	77	8
63	77	1
65	77	2
72	77	1
73	77	2
74	77	1
75	77	9
76	77	31
3	78	1
4	78	2
5	78	1
7	78	1
8	78	2
10	78	1
12	78	1
13	78	2
14	78	2
15	78	1
16	78	1
17	78	2
19	78	1
20	78	1
21	78	1
22	78	2
23	78	2
24	78	1
25	78	1
26	78	2
28	78	1
30	78	1
31	78	1
33	78	3
35	78	1
36	78	2
37	78	1
38	78	1
39	78	1
40	78	1
42	78	1
43	78	3
44	78	2
45	78	1
46	78	1
47	78	2
52	78	2
61	78	3
62	78	2
63	78	1
65	78	1
68	78	1
70	78	1
72	78	3
73	78	3
74	78	3
75	78	6
76	78	17
77	78	36
3	79	2
10	79	1
12	79	2
13	79	1
14	79	1
17	79	1
19	79	1
20	79	2
21	79	1
24	79	2
25	79	1
32	79	2
33	79	3
35	79	2
36	79	2
39	79	2
40	79	3
41	79	1
42	79	2
43	79	2
44	79	1
45	79	3
46	79	2
47	79	3
48	79	3
49	79	2
50	79	2
61	79	1
62	79	1
63	79	2
64	79	2
67	79	1
68	79	1
70	79	2
71	79	1
72	79	2
73	79	1
74	79	2
75	79	6
76	79	16
77	79	24
78	79	27
3	80	1
4	80	2
9	80	1
10	80	2
14	80	1
20	80	3
21	80	5
23	80	2
27	80	2
28	80	1
30	80	1
31	80	1
32	80	1
33	80	1
34	80	2
35	80	1
37	80	1
39	80	2
41	80	2
43	80	2
48	80	1
49	80	1
51	80	1
53	80	1
60	80	1
61	80	2
62	80	4
63	80	1
64	80	2
65	80	1
68	80	1
70	80	1
71	80	1
72	80	3
73	80	2
74	80	4
75	80	4
76	80	12
77	80	16
78	80	19
79	80	21
2	81	2
5	81	1
6	81	3
8	81	1
9	81	1
10	81	1
11	81	1
12	81	2
14	81	2
15	81	1
16	81	1
17	81	2
21	81	1
22	81	1
23	81	1
26	81	1
27	81	1
28	81	2
29	81	2
30	81	1
31	81	1
34	81	2
35	81	1
36	81	3
37	81	1
39	81	1
40	81	3
42	81	1
43	81	1
44	81	1
45	81	2
46	81	3
47	81	2
48	81	3
49	81	1
50	81	1
52	81	2
60	81	1
61	81	1
62	81	3
63	81	2
67	81	1
73	81	2
74	81	3
75	81	4
76	81	8
77	81	5
78	81	13
79	81	14
80	81	29
4	82	1
5	82	1
8	82	1
10	82	2
11	82	1
15	82	1
16	82	1
17	82	2
18	82	3
19	82	1
20	82	1
22	82	1
24	82	2
25	82	1
26	82	1
28	82	1
29	82	1
30	82	1
32	82	4
34	82	2
35	82	2
38	82	2
39	82	1
40	82	1
41	82	1
42	82	2
43	82	3
44	82	2
45	82	4
46	82	2
47	82	4
48	82	3
49	82	1
50	82	2
51	82	2
60	82	2
61	82	5
62	82	1
63	82	1
64	82	1
67	82	2
69	82	1
70	82	2
75	82	4
76	82	2
77	82	11
78	82	3
79	82	7
80	82	8
81	82	24
1	83	1
7	83	1
10	83	1
14	83	3
15	83	1
17	83	1
18	83	4
21	83	1
22	83	2
23	83	3
24	83	5
25	83	2
26	83	1
29	83	4
33	83	1
34	83	1
35	83	2
37	83	2
39	83	2
42	83	1
44	83	2
45	83	2
46	83	2
47	83	2
48	83	3
49	83	3
50	83	1
51	83	1
60	83	3
62	83	1
63	83	1
72	83	1
74	83	2
75	83	4
76	83	3
77	83	5
78	83	3
79	83	5
80	83	4
81	83	9
82	83	31
8	84	1
10	84	1
12	84	1
14	84	2
15	84	3
16	84	2
17	84	2
18	84	3
19	84	3
20	84	4
21	84	2
22	84	2
24	84	2
25	84	2
26	84	6
30	84	1
31	84	1
33	84	1
35	84	2
40	84	1
41	84	1
43	84	1
44	84	1
45	84	3
46	84	4
47	84	1
48	84	2
49	84	5
50	84	1
51	84	3
60	84	2
64	84	1
67	84	1
73	84	2
74	84	1
75	84	2
76	84	3
77	84	5
78	84	6
79	84	1
80	84	6
81	84	9
82	84	14
83	84	39
1	85	1
3	85	1
5	85	1
11	85	3
12	85	1
14	85	3
17	85	2
19	85	1
20	85	1
21	85	1
23	85	1
32	85	1
34	85	1
39	85	2
41	85	3
42	85	1
43	85	3
44	85	1
45	85	1
49	85	1
50	85	4
51	85	3
61	85	2
62	85	3
63	85	4
65	85	3
66	85	1
67	85	1
68	85	1
72	85	1
73	85	1
74	85	4
75	85	2
76	85	5
77	85	1
79	85	2
80	85	3
81	85	4
82	85	5
83	85	2
84	85	12
4	86	2
5	86	1
8	86	1
9	86	1
13	86	1
14	86	1
16	86	1
17	86	1
18	86	2
20	86	1
21	86	1
22	86	1
33	86	1
34	86	1
37	86	1
39	86	1
41	86	1
42	86	1
43	86	2
46	86	1
48	86	2
49	86	1
51	86	1
52	86	1
60	86	1
62	86	2
63	86	1
65	86	2
67	86	4
68	86	2
69	86	1
70	86	1
72	86	1
73	86	1
74	86	2
75	86	1
76	86	3
78	86	2
79	86	2
80	86	5
81	86	7
82	86	1
83	86	3
84	86	6
85	86	24
1	87	1
2	87	1
4	87	1
5	87	1
9	87	1
14	87	1
17	87	1
19	87	1
20	87	2
30	87	1
32	87	1
33	87	1
40	87	1
42	87	2
44	87	1
52	87	2
61	87	1
62	87	3
64	87	2
66	87	1
67	87	1
68	87	2
69	87	1
72	87	2
73	87	1
74	87	1
76	87	1
77	87	1
78	87	1
79	87	4
80	87	8
81	87	4
82	87	1
83	87	1
84	87	5
85	87	8
86	87	13
5	88	1
6	88	1
8	88	1
10	88	1
12	88	1
13	88	1
15	88	1
16	88	2
18	88	1
19	88	1
20	88	1
25	88	3
28	88	2
29	88	3
32	88	1
33	88	2
36	88	2
38	88	3
40	88	2
41	88	1
47	88	1
48	88	3
49	88	1
52	88	2
61	88	2
63	88	2
66	88	1
68	88	1
71	88	2
72	88	2
73	88	2
74	88	2
75	88	3
76	88	1
78	88	2
79	88	4
80	88	2
81	88	2
82	88	4
83	88	2
84	88	4
85	88	6
86	88	6
87	88	22
4	89	1
8	89	1
9	89	2
12	89	2
13	89	1
14	89	1
20	89	1
21	89	1
22	89	1
23	89	1
29	89	1
30	89	1
32	89	1
35	89	2
38	89	1
41	89	2
42	89	1
49	89	2
60	89	1
61	89	2
62	89	2
63	89	3
64	89	2
65	89	1
66	89	1
67	89	1
70	89	1
72	89	1
73	89	4
74	89	2
76	89	1
77	89	1
78	89	1
79	89	1
80	89	3
81	89	3
82	89	1
83	89	2
85	89	5
86	89	4
87	89	8
88	89	20
1	90	1
2	90	1
3	90	1
4	90	1
6	90	1
8	90	1
9	90	1
10	90	2
21	90	1
23	90	1
28	90	2
31	90	1
37	90	1
38	90	1
46	90	1
48	90	1
61	90	1
63	90	2
64	90	1
67	90	3
68	90	2
69	90	1
72	90	2
73	90	1
75	90	4
78	90	1
80	90	2
81	90	1
84	90	4
85	90	4
86	90	1
87	90	2
88	90	20
89	90	23
1	91	1
4	91	2
5	91	1
7	91	2
10	91	2
12	91	1
18	91	1
21	91	1
23	91	1
26	91	2
28	91	1
29	91	1
30	91	1
31	91	1
32	91	1
33	91	2
35	91	2
36	91	1
37	91	1
40	91	1
41	91	1
42	91	1
43	91	1
44	91	1
48	91	1
49	91	1
61	91	2
62	91	4
63	91	1
65	91	1
67	91	1
68	91	3
69	91	1
71	91	1
72	91	3
73	91	1
74	91	5
76	91	3
77	91	1
78	91	1
79	91	2
81	91	1
84	91	2
85	91	2
86	91	1
87	91	7
88	91	9
89	91	5
90	91	18
1	92	1
2	92	2
3	92	1
5	92	2
6	92	1
9	92	1
12	92	1
13	92	1
17	92	1
19	92	1
22	92	1
25	92	2
30	92	1
36	92	1
37	92	1
49	92	1
63	92	1
64	92	1
66	92	1
67	92	3
69	92	3
72	92	1
73	92	1
74	92	2
75	92	3
76	92	5
78	92	2
80	92	3
82	92	1
83	92	1
84	92	1
87	92	1
88	92	2
89	92	5
90	92	12
91	92	29
1	93	1
2	93	2
3	93	1
11	93	1
12	93	1
14	93	1
22	93	1
27	93	2
31	93	1
50	93	2
51	93	1
61	93	1
62	93	1
63	93	1
65	93	1
66	93	3
68	93	2
69	93	2
70	93	2
73	93	1
75	93	1
78	93	1
81	93	2
82	93	1
83	93	1
86	93	1
87	93	2
88	93	5
89	93	3
90	93	6
91	93	6
92	93	25
1	94	2
2	94	1
3	94	1
5	94	1
11	94	3
14	94	1
16	94	1
20	94	1
21	94	1
24	94	1
26	94	1
28	94	1
30	94	2
31	94	1
32	94	1
34	94	1
35	94	1
36	94	1
38	94	1
41	94	3
44	94	2
49	94	1
62	94	2
64	94	1
65	94	3
67	94	1
68	94	1
70	94	2
71	94	1
73	94	3
74	94	2
75	94	2
76	94	1
77	94	3
78	94	2
79	94	2
80	94	1
82	94	1
84	94	1
85	94	1
86	94	1
87	94	1
88	94	2
89	94	5
90	94	8
91	94	7
92	94	11
93	94	17
3	95	1
7	95	1
13	95	1
14	95	2
19	95	1
20	95	1
24	95	1
32	95	1
38	95	1
45	95	1
64	95	1
65	95	1
66	95	2
67	95	1
69	95	1
71	95	3
72	95	1
77	95	1
78	95	2
79	95	1
86	95	2
87	95	2
88	95	3
90	95	2
91	95	8
92	95	11
93	95	11
94	95	22
2	96	1
5	96	1
6	96	1
8	96	1
12	96	1
14	96	1
15	96	1
18	96	1
21	96	1
22	96	1
23	96	1
30	96	1
35	96	1
42	96	1
45	96	1
62	96	2
63	96	1
64	96	1
65	96	2
66	96	1
69	96	1
70	96	6
71	96	1
73	96	1
76	96	4
80	96	1
82	96	1
85	96	1
86	96	1
87	96	2
88	96	2
89	96	2
90	96	3
91	96	8
92	96	7
93	96	12
94	96	12
95	96	19
3	97	2
4	97	1
5	97	3
6	97	3
7	97	1
8	97	1
14	97	2
16	97	1
27	97	1
30	97	2
34	97	1
39	97	1
40	97	2
42	97	1
49	97	1
51	97	1
61	97	1
63	97	2
65	97	1
66	97	1
67	97	1
68	97	2
69	97	1
72	97	1
73	97	1
75	97	1
77	97	1
79	97	2
81	97	1
83	97	2
84	97	1
85	97	4
86	97	3
87	97	3
88	97	6
89	97	2
90	97	2
91	97	6
92	97	5
93	97	5
94	97	6
95	97	6
96	97	24
1	98	2
2	98	2
4	98	2
8	98	1
10	98	1
13	98	1
20	98	1
26	98	1
27	98	1
30	98	2
34	98	1
37	98	2
40	98	1
49	98	2
62	98	2
63	98	1
66	98	1
70	98	2
71	98	1
72	98	1
74	98	1
75	98	2
80	98	2
82	98	1
86	98	2
88	98	1
89	98	1
91	98	4
92	98	2
93	98	3
94	98	6
95	98	3
96	98	11
97	98	21
5	99	1
7	99	2
9	99	1
10	99	1
15	99	1
21	99	3
23	99	1
24	99	1
36	99	1
41	99	2
42	99	1
43	99	2
50	99	1
51	99	1
61	99	2
62	99	1
65	99	3
66	99	2
67	99	1
68	99	1
69	99	2
70	99	1
71	99	2
72	99	1
74	99	1
75	99	1
76	99	1
80	99	1
81	99	1
84	99	2
86	99	1
87	99	3
88	99	3
90	99	1
91	99	1
92	99	1
94	99	2
95	99	5
96	99	3
97	99	11
98	99	21
3	100	1
4	100	1
5	100	1
6	100	2
10	100	1
13	100	1
15	100	1
16	100	1
17	100	1
20	100	2
22	100	1
23	100	2
33	100	1
35	100	2
36	100	1
37	100	1
39	100	3
42	100	3
43	100	1
44	100	1
47	100	2
48	100	1
51	100	1
60	100	1
62	100	1
63	100	1
65	100	1
69	100	1
73	100	2
74	100	2
75	100	1
76	100	3
77	100	1
79	100	2
80	100	2
81	100	3
82	100	1
83	100	1
85	100	1
86	100	1
87	100	2
88	100	1
89	100	2
90	100	1
91	100	1
92	100	1
93	100	1
94	100	3
95	100	1
96	100	2
97	100	1
98	100	9
99	100	18
1	101	1
2	101	1
5	101	1
8	101	1
9	101	2
14	101	1
15	101	2
16	101	1
17	101	1
18	101	1
21	101	1
24	101	1
26	101	2
31	101	1
33	101	1
35	101	1
38	101	2
40	101	1
43	101	1
44	101	1
49	101	3
51	101	1
53	101	1
60	101	1
63	101	1
66	101	1
68	101	1
70	101	1
74	101	2
75	101	1
76	101	1
77	101	2
78	101	1
79	101	1
81	101	3
82	101	3
83	101	1
84	101	1
88	101	2
89	101	4
91	101	2
92	101	4
93	101	1
94	101	1
95	101	2
96	101	2
97	101	4
98	101	2
99	101	9
100	101	29
5	102	1
9	102	1
11	102	1
15	102	1
16	102	2
17	102	1
18	102	1
20	102	1
23	102	2
24	102	3
30	102	1
34	102	3
36	102	2
37	102	3
39	102	1
42	102	2
44	102	1
48	102	1
49	102	1
52	102	1
61	102	2
62	102	1
65	102	1
66	102	1
67	102	1
70	102	3
72	102	1
74	102	1
75	102	4
76	102	2
77	102	2
78	102	3
79	102	1
80	102	1
81	102	3
82	102	3
83	102	2
84	102	2
85	102	3
86	102	3
87	102	1
88	102	1
89	102	3
92	102	2
95	102	2
98	102	2
99	102	2
100	102	14
101	102	21
9	103	1
11	103	1
12	103	1
15	103	1
17	103	1
18	103	1
20	103	1
22	103	1
23	103	3
27	103	5
29	103	1
30	103	1
32	103	1
33	103	2
34	103	1
37	103	3
38	103	2
39	103	1
41	103	1
43	103	1
44	103	2
47	103	3
49	103	1
51	103	2
52	103	2
53	103	1
60	103	1
63	103	1
64	103	1
66	103	1
67	103	1
69	103	1
72	103	1
73	103	1
74	103	1
75	103	2
77	103	2
78	103	1
80	103	3
81	103	1
82	103	3
83	103	2
84	103	1
85	103	2
86	103	1
87	103	2
89	103	1
90	103	2
91	103	2
92	103	1
93	103	1
94	103	3
96	103	3
97	103	1
98	103	2
99	103	3
100	103	4
101	103	7
102	103	27
4	104	1
9	104	1
10	104	1
11	104	2
12	104	2
16	104	3
18	104	1
20	104	2
22	104	3
23	104	1
26	104	1
27	104	2
28	104	2
29	104	2
30	104	1
31	104	1
32	104	1
33	104	2
35	104	2
36	104	2
37	104	1
39	104	1
40	104	1
41	104	1
43	104	3
44	104	1
45	104	1
46	104	2
47	104	1
50	104	1
51	104	3
52	104	1
53	104	1
61	104	1
64	104	1
68	104	2
69	104	1
70	104	1
72	104	3
74	104	1
75	104	2
76	104	1
77	104	2
78	104	3
79	104	4
80	104	1
81	104	2
82	104	1
84	104	5
85	104	2
86	104	3
88	104	2
90	104	1
91	104	3
92	104	2
93	104	1
94	104	5
95	104	1
96	104	2
97	104	1
98	104	3
99	104	6
100	104	6
101	104	6
102	104	21
103	104	44
2	105	1
3	105	2
5	105	3
11	105	1
14	105	1
15	105	1
18	105	1
20	105	3
24	105	1
30	105	3
34	105	1
35	105	2
36	105	1
39	105	2
40	105	2
42	105	1
44	105	1
45	105	2
49	105	1
61	105	3
62	105	1
66	105	3
67	105	2
70	105	1
72	105	1
75	105	2
76	105	2
78	105	1
79	105	1
80	105	2
81	105	1
82	105	1
84	105	1
85	105	1
86	105	1
89	105	1
90	105	1
92	105	1
93	105	1
95	105	1
96	105	2
98	105	2
99	105	1
100	105	4
101	105	3
102	105	6
103	105	12
104	105	25
1	106	1
2	106	1
5	106	1
8	106	1
9	106	1
10	106	1
11	106	2
12	106	1
13	106	1
14	106	2
17	106	2
18	106	2
19	106	1
20	106	1
22	106	3
23	106	1
24	106	2
25	106	2
27	106	2
28	106	1
29	106	2
30	106	3
32	106	1
35	106	1
36	106	3
37	106	2
41	106	2
42	106	2
43	106	1
45	106	1
46	106	2
49	106	3
50	106	3
51	106	1
60	106	1
61	106	1
62	106	2
64	106	1
67	106	2
69	106	1
71	106	1
73	106	1
74	106	1
75	106	1
77	106	4
78	106	3
79	106	2
81	106	3
82	106	1
83	106	4
84	106	9
85	106	1
86	106	1
88	106	4
89	106	2
91	106	2
93	106	2
94	106	1
95	106	1
96	106	1
97	106	1
98	106	2
99	106	4
100	106	2
101	106	8
102	106	14
103	106	14
104	106	31
105	106	37
1	107	1
5	107	1
11	107	1
13	107	2
15	107	2
17	107	3
18	107	2
19	107	1
21	107	1
25	107	2
27	107	1
28	107	1
30	107	1
31	107	1
32	107	1
35	107	1
41	107	1
43	107	2
44	107	1
45	107	1
48	107	1
49	107	2
50	107	3
53	107	1
60	107	1
61	107	1
68	107	1
73	107	1
74	107	1
75	107	1
76	107	4
77	107	1
78	107	3
79	107	3
80	107	3
81	107	2
82	107	5
83	107	2
84	107	3
85	107	1
86	107	1
89	107	1
90	107	1
92	107	1
95	107	1
96	107	1
99	107	1
100	107	6
101	107	4
102	107	7
103	107	19
104	107	18
105	107	7
106	107	42
4	108	1
12	108	1
18	108	1
19	108	3
20	108	1
21	108	1
22	108	1
23	108	3
24	108	1
25	108	1
26	108	2
28	108	1
33	108	1
35	108	2
39	108	2
40	108	1
43	108	1
44	108	3
45	108	1
49	108	2
51	108	1
59	108	2
61	108	3
67	108	2
69	108	1
75	108	1
76	108	1
77	108	1
78	108	1
79	108	5
80	108	1
81	108	2
82	108	2
83	108	4
84	108	2
85	108	2
89	108	1
90	108	1
92	108	1
93	108	1
95	108	1
97	108	1
99	108	2
100	108	1
102	108	3
103	108	12
104	108	10
105	108	6
106	108	12
107	108	25
1	109	1
5	109	1
15	109	1
17	109	1
18	109	3
19	109	3
20	109	2
23	109	2
24	109	1
26	109	2
27	109	1
28	109	2
29	109	1
30	109	3
31	109	1
32	109	1
33	109	1
34	109	1
35	109	1
36	109	1
37	109	1
40	109	2
41	109	2
42	109	2
43	109	1
44	109	1
46	109	1
47	109	2
48	109	1
49	109	1
50	109	1
60	109	2
61	109	2
64	109	1
65	109	2
75	109	3
76	109	1
77	109	1
78	109	1
79	109	5
80	109	3
81	109	2
82	109	6
83	109	3
84	109	1
85	109	1
90	109	3
92	109	1
94	109	3
96	109	1
98	109	1
100	109	1
101	109	3
102	109	3
103	109	4
104	109	9
105	109	3
106	109	11
107	109	21
108	109	38
10	110	1
12	110	1
14	110	2
17	110	1
20	110	1
21	110	1
24	110	1
25	110	2
27	110	2
29	110	1
32	110	1
33	110	1
35	110	2
37	110	1
38	110	1
39	110	1
42	110	1
43	110	1
44	110	3
45	110	1
50	110	1
51	110	2
52	110	1
60	110	2
61	110	1
62	110	1
64	110	1
74	110	1
75	110	1
76	110	2
78	110	1
79	110	3
80	110	2
81	110	4
82	110	5
83	110	3
84	110	4
86	110	1
87	110	3
88	110	1
90	110	1
91	110	3
92	110	1
96	110	1
100	110	4
101	110	3
102	110	2
103	110	5
104	110	1
105	110	4
106	110	15
107	110	12
108	110	15
109	110	20
3	111	1
6	111	1
11	111	2
14	111	2
15	111	2
21	111	1
25	111	4
26	111	2
30	111	1
32	111	1
36	111	1
38	111	1
43	111	1
44	111	1
47	111	1
49	111	3
50	111	3
51	111	2
53	111	1
60	111	2
63	111	1
65	111	1
75	111	1
76	111	3
79	111	2
80	111	1
81	111	3
82	111	2
84	111	2
85	111	3
86	111	1
88	111	1
91	111	1
94	111	3
96	111	2
97	111	1
99	111	1
100	111	1
101	111	5
102	111	5
103	111	1
104	111	2
105	111	4
106	111	6
107	111	9
108	111	9
109	111	6
110	111	16
5	112	1
6	112	1
8	112	1
10	112	2
12	112	4
13	112	1
14	112	1
15	112	1
18	112	1
19	112	1
20	112	2
24	112	1
26	112	1
30	112	1
31	112	1
34	112	1
36	112	3
43	112	2
45	112	2
46	112	1
47	112	3
49	112	1
50	112	1
51	112	1
52	112	1
61	112	1
63	112	1
65	112	1
70	112	1
72	112	1
75	112	1
77	112	1
78	112	2
80	112	4
81	112	1
83	112	1
84	112	2
85	112	3
86	112	1
87	112	2
88	112	3
90	112	1
96	112	1
98	112	3
99	112	1
100	112	1
101	112	1
102	112	2
103	112	3
104	112	7
105	112	4
106	112	8
107	112	5
108	112	6
109	112	1
110	112	10
111	112	20
2	113	2
3	113	1
4	113	2
13	113	1
14	113	3
15	113	1
16	113	1
20	113	1
21	113	1
25	113	2
26	113	1
29	113	1
30	113	1
36	113	2
37	113	1
38	113	2
39	113	1
42	113	2
46	113	1
50	113	1
61	113	1
62	113	1
63	113	1
64	113	2
67	113	1
69	113	1
70	113	1
74	113	1
75	113	1
77	113	1
78	113	2
79	113	1
80	113	1
81	113	3
82	113	1
83	113	1
84	113	1
85	113	1
87	113	3
90	113	1
91	113	2
95	113	1
97	113	1
100	113	1
101	113	1
102	113	3
103	113	3
104	113	3
106	113	4
108	113	3
109	113	4
110	113	4
111	113	3
112	113	19
3	114	1
6	114	1
7	114	1
8	114	1
9	114	1
10	114	1
12	114	1
13	114	3
17	114	1
18	114	1
21	114	2
24	114	1
25	114	1
26	114	1
27	114	1
28	114	1
30	114	1
31	114	3
32	114	1
33	114	2
38	114	1
40	114	1
47	114	1
49	114	1
50	114	1
51	114	3
60	114	3
62	114	1
63	114	1
64	114	2
72	114	1
73	114	1
74	114	2
75	114	1
76	114	2
77	114	3
78	114	3
79	114	1
80	114	3
81	114	2
82	114	3
83	114	2
84	114	1
85	114	1
86	114	2
87	114	1
88	114	1
89	114	4
92	114	1
94	114	1
95	114	2
96	114	4
97	114	2
99	114	1
100	114	2
101	114	2
102	114	2
103	114	1
104	114	4
105	114	1
106	114	2
107	114	3
108	114	4
109	114	3
110	114	2
111	114	3
112	114	9
113	114	29
2	115	1
3	115	2
7	115	1
12	115	1
15	115	1
19	115	1
20	115	1
21	115	1
22	115	1
24	115	1
25	115	1
28	115	3
34	115	1
36	115	3
37	115	2
38	115	2
41	115	1
42	115	1
46	115	1
49	115	1
50	115	1
52	115	1
61	115	1
63	115	2
69	115	1
70	115	1
72	115	1
75	115	2
76	115	2
77	115	2
78	115	3
79	115	1
80	115	4
81	115	2
84	115	1
85	115	2
87	115	3
88	115	2
89	115	2
90	115	2
91	115	1
92	115	2
93	115	2
95	115	2
97	115	1
98	115	1
99	115	2
100	115	2
103	115	4
104	115	3
106	115	2
107	115	1
108	115	1
109	115	3
111	115	8
112	115	6
113	115	14
114	115	22
1	116	1
2	116	1
4	116	1
6	116	1
7	116	2
11	116	2
12	116	1
13	116	3
14	116	1
15	116	1
19	116	2
22	116	1
27	116	1
28	116	1
29	116	1
30	116	2
35	116	1
36	116	1
38	116	2
40	116	1
43	116	2
44	116	2
46	116	1
47	116	1
50	116	2
51	116	1
52	116	1
61	116	2
62	116	1
63	116	3
65	116	1
68	116	3
69	116	1
71	116	1
74	116	2
77	116	1
79	116	3
80	116	2
81	116	1
82	116	1
83	116	2
84	116	1
85	116	2
86	116	3
87	116	1
88	116	1
89	116	2
91	116	1
92	116	1
94	116	1
95	116	1
97	116	1
98	116	3
99	116	3
100	116	1
102	116	3
103	116	1
104	116	3
105	116	2
106	116	1
107	116	3
108	116	4
109	116	1
110	116	4
111	116	2
112	116	11
113	116	5
114	116	27
115	116	25
3	117	1
4	117	2
10	117	2
15	117	1
16	117	2
17	117	2
20	117	1
22	117	1
23	117	1
25	117	1
28	117	2
29	117	1
31	117	1
32	117	2
38	117	1
39	117	1
41	117	4
43	117	3
44	117	1
46	117	1
47	117	1
49	117	2
50	117	4
51	117	4
52	117	2
60	117	1
62	117	1
63	117	1
64	117	1
71	117	1
74	117	1
75	117	1
76	117	2
77	117	1
78	117	1
79	117	3
80	117	2
81	117	4
83	117	3
84	117	3
85	117	2
91	117	1
93	117	2
94	117	4
96	117	2
97	117	1
98	117	1
100	117	2
101	117	1
102	117	2
103	117	2
104	117	3
105	117	3
106	117	1
107	117	5
108	117	8
110	117	4
111	117	4
112	117	4
113	117	6
114	117	10
115	117	9
116	117	13
11	118	1
16	118	1
17	118	3
19	118	2
21	118	3
23	118	1
25	118	1
27	118	3
28	118	1
29	118	1
32	118	1
33	118	1
34	118	1
35	118	3
36	118	1
37	118	1
38	118	1
39	118	1
40	118	1
42	118	2
44	118	2
45	118	2
46	118	1
47	118	1
48	118	2
50	118	2
51	118	1
60	118	2
61	118	3
62	118	2
64	118	2
66	118	1
72	118	1
73	118	2
74	118	2
75	118	1
77	118	6
78	118	3
79	118	1
80	118	2
81	118	2
82	118	6
83	118	2
84	118	5
85	118	3
88	118	2
91	118	2
94	118	2
97	118	1
100	118	1
101	118	1
102	118	1
103	118	1
104	118	2
105	118	2
106	118	3
107	118	3
108	118	3
109	118	5
110	118	9
111	118	3
112	118	3
113	118	1
114	118	2
115	118	6
116	118	3
117	118	11
1	119	1
2	119	1
4	119	1
5	119	1
11	119	1
12	119	1
13	119	1
15	119	2
18	119	1
21	119	5
22	119	1
24	119	1
25	119	1
26	119	1
27	119	1
28	119	2
29	119	1
32	119	2
34	119	1
39	119	1
41	119	1
42	119	1
44	119	1
45	119	4
46	119	5
47	119	1
49	119	3
50	119	1
51	119	1
53	119	1
60	119	2
61	119	1
63	119	1
64	119	1
65	119	1
66	119	1
71	119	1
75	119	1
76	119	1
77	119	1
78	119	1
79	119	1
82	119	8
83	119	3
84	119	2
85	119	2
87	119	2
89	119	1
91	119	3
92	119	1
93	119	1
97	119	2
99	119	1
102	119	1
103	119	3
105	119	1
106	119	3
107	119	6
108	119	1
109	119	3
110	119	4
111	119	3
112	119	2
113	119	3
114	119	1
115	119	1
116	119	4
117	119	8
118	119	19
2	120	1
8	120	1
10	120	1
12	120	1
14	120	1
20	120	1
21	120	2
22	120	1
23	120	2
25	120	3
27	120	1
28	120	1
30	120	1
31	120	1
33	120	1
39	120	1
41	120	1
44	120	2
45	120	2
47	120	1
48	120	2
50	120	1
60	120	1
61	120	1
64	120	2
68	120	1
70	120	1
72	120	1
73	120	1
79	120	2
80	120	1
81	120	1
82	120	5
83	120	3
84	120	6
94	120	1
96	120	2
97	120	1
98	120	1
102	120	1
103	120	3
104	120	1
106	120	3
107	120	2
108	120	3
109	120	5
110	120	7
111	120	5
112	120	3
114	120	1
116	120	1
117	120	4
118	120	15
119	120	19
13	121	1
15	121	1
18	121	1
20	121	4
22	121	1
23	121	1
24	121	2
25	121	2
32	121	1
34	121	1
37	121	1
39	121	1
43	121	1
44	121	1
45	121	1
46	121	1
48	121	2
50	121	1
60	121	1
62	121	1
72	121	1
77	121	1
78	121	1
79	121	1
82	121	2
83	121	2
84	121	2
88	121	1
90	121	1
91	121	1
100	121	2
101	121	1
103	121	1
104	121	1
105	121	1
107	121	3
108	121	4
110	121	3
111	121	1
112	121	3
113	121	1
114	121	1
115	121	1
117	121	6
118	121	11
119	121	7
120	121	22
7	122	1
13	122	1
14	122	1
16	122	1
17	122	1
18	122	1
23	122	1
30	122	1
32	122	1
35	122	1
39	122	1
40	122	2
41	122	1
42	122	2
47	122	1
50	122	2
51	122	1
61	122	4
62	122	1
64	122	1
67	122	1
72	122	1
79	122	2
81	122	1
83	122	1
84	122	1
85	122	2
89	122	1
93	122	1
94	122	1
97	122	1
99	122	1
101	122	2
104	122	3
105	122	1
106	122	4
107	122	1
110	122	1
112	122	2
114	122	4
115	122	3
116	122	5
117	122	4
118	122	2
119	122	3
120	122	2
121	122	4
1	123	1
7	123	1
9	123	2
20	123	1
23	123	3
33	123	1
34	123	1
38	123	1
45	123	1
46	123	1
47	123	1
48	123	1
49	123	1
50	123	1
61	123	1
62	123	1
63	123	2
65	123	1
66	123	1
74	123	1
75	123	1
76	123	1
77	123	1
79	123	1
81	123	2
82	123	2
84	123	2
86	123	1
88	123	1
89	123	1
90	123	2
91	123	2
99	123	2
101	123	1
104	123	2
105	123	1
109	123	2
112	123	1
114	123	2
115	123	4
116	123	4
117	123	4
118	123	2
119	123	2
120	123	2
122	123	6
3	124	1
4	124	1
6	124	2
7	124	1
11	124	1
12	124	1
14	124	1
27	124	1
29	124	1
32	124	2
34	124	1
36	124	1
43	124	3
61	124	1
62	124	1
63	124	1
64	124	1
65	124	1
66	124	1
67	124	1
68	124	3
70	124	1
72	124	1
74	124	1
75	124	2
76	124	1
77	124	2
78	124	1
79	124	1
80	124	1
84	124	2
85	124	1
86	124	1
88	124	1
89	124	1
90	124	2
92	124	2
94	124	2
95	124	1
96	124	1
97	124	2
98	124	1
100	124	1
102	124	1
103	124	1
111	124	2
113	124	1
114	124	1
115	124	3
116	124	2
117	124	1
119	124	1
120	124	1
121	124	1
122	124	2
123	124	7
4	125	2
7	125	1
10	125	1
25	125	1
31	125	1
36	125	1
37	125	1
41	125	1
42	125	1
69	125	2
72	125	1
77	125	1
79	125	1
81	125	1
89	125	2
95	125	2
96	125	2
98	125	1
116	125	1
117	125	1
121	125	1
123	125	5
124	125	5
1	126	1
3	126	1
4	126	1
7	126	2
8	126	2
9	126	2
11	126	1
16	126	1
24	126	1
29	126	1
37	126	1
43	126	2
60	126	1
63	126	1
65	126	2
68	126	1
69	126	1
73	126	1
75	126	1
77	126	1
82	126	1
90	126	2
97	126	1
100	126	1
101	126	1
104	126	1
106	126	1
108	126	1
112	126	1
117	126	1
121	126	3
123	126	1
124	126	8
125	126	10
