35	36	6
35	37	3
36	37	14
36	38	1
37	38	9
35	39	1
36	39	3
37	39	5
38	39	2
36	40	3
37	40	1
38	40	2
39	40	18
37	41	2
39	41	3
40	41	5
35	42	2
36	42	1
39	42	2
40	42	2
41	42	5
35	43	1
36	43	1
37	43	1
39	43	5
40	43	4
41	43	2
42	43	12
35	44	1
36	44	1
39	44	1
41	44	1
43	44	1
36	45	1
37	45	1
40	45	2
41	45	2
43	45	4
44	45	3
36	46	1
37	46	1
38	46	2
39	46	2
40	46	3
41	46	1
42	46	1
43	46	4
45	46	24
37	47	1
39	47	1
41	47	2
42	47	1
43	47	4
44	47	2
45	47	6
46	47	17
36	48	2
37	48	1
39	48	1
42	48	1
43	48	1
45	48	4
46	48	7
47	48	15
37	49	2
39	49	2
40	49	2
41	49	1
43	49	1
45	49	5
46	49	2
47	49	7
48	49	6
36	50	2
37	50	1
39	50	3
40	50	1
41	50	1
42	50	1
43	50	1
45	50	3
46	50	1
47	50	1
48	50	2
49	50	13
39	51	3
40	51	1
42	51	1
44	51	1
45	51	2
48	51	1
49	51	2
50	51	7
34	52	1
36	52	1
37	52	2
39	52	1
40	52	1
45	52	1
48	52	1
50	52	4
51	52	7
35	53	2
36	53	1
38	53	3
39	53	3
40	53	1
42	53	2
43	53	1
45	53	2
48	53	1
49	53	1
50	53	3
51	53	9
52	53	25
36	54	1
37	54	2
38	54	2
39	54	5
40	54	2
41	54	1
44	54	1
47	54	2
48	54	1
49	54	1
51	54	6
52	54	11
53	54	29
35	55	2
36	55	2
37	55	2
39	55	1
41	55	1
46	55	1
47	55	2
48	55	2
49	55	1
50	55	1
51	55	3
52	55	8
53	55	12
54	55	14
36	56	1
39	56	1
48	56	1
50	56	1
51	56	1
53	56	4
54	56	1
55	56	15
35	57	1
36	57	1
37	57	4
39	57	4
40	57	1
42	57	1
43	57	4
47	57	1
48	57	1
51	57	2
52	57	4
53	57	6
54	57	10
55	57	18
56	57	11
35	58	1
36	58	1
45	58	3
46	58	1
48	58	2
49	58	2
50	58	2
51	58	5
52	58	6
53	58	3
54	58	11
55	58	11
56	58	9
57	58	29
35	59	1
36	59	2
39	59	1
41	59	1
42	59	2
45	59	1
46	59	1
47	59	2
48	59	1
50	59	3
51	59	2
52	59	4
53	59	3
54	59	7
56	59	5
57	59	9
58	59	23
33	60	1
37	60	2
42	60	2
43	60	2
45	60	1
48	60	1
50	60	3
51	60	1
52	60	2
53	60	3
54	60	3
56	60	2
57	60	3
58	60	8
59	60	19
36	61	1
37	61	1
40	61	1
44	61	2
45	61	1
46	61	1
47	61	2
49	61	1
50	61	3
51	61	2
52	61	1
53	61	1
54	61	2
55	61	1
57	61	3
58	61	9
59	61	5
60	61	14
36	62	1
39	62	2
41	62	1
42	62	1
45	62	1
47	62	2
49	62	2
51	62	1
53	62	1
54	62	1
55	62	3
56	62	1
58	62	5
59	62	1
60	62	13
61	62	21
36	63	1
37	63	1
38	63	2
39	63	3
45	63	1
47	63	1
48	63	2
50	63	1
51	63	1
52	63	1
53	63	4
54	63	2
55	63	1
57	63	1
58	63	2
60	63	5
61	63	16
62	63	7
41	64	1
47	64	1
49	64	3
50	64	1
51	64	1
53	64	1
54	64	1
56	64	1
57	64	2
58	64	2
60	64	6
61	64	10
62	64	7
63	64	17
36	65	1
39	65	1
43	65	1
45	65	1
47	65	1
49	65	1
51	65	1
52	65	1
53	65	2
54	65	2
55	65	2
57	65	1
58	65	3
59	65	4
60	65	4
61	65	5
62	65	5
63	65	7
64	65	13
35	66	3
36	66	1
37	66	1
40	66	1
41	66	1
42	66	1
45	66	1
46	66	1
47	66	1
48	66	1
51	66	1
52	66	2
53	66	2
55	66	1
56	66	4
57	66	5
58	66	3
59	66	3
60	66	2
61	66	4
62	66	2
63	66	7
64	66	6
65	66	13
36	67	1
37	67	1
40	67	2
42	67	1
46	67	1
50	67	3
51	67	1
52	67	1
53	67	3
54	67	2
55	67	5
56	67	1
57	67	1
58	67	4
59	67	2
60	67	2
61	67	3
63	67	2
64	67	3
65	67	9
66	67	21
36	68	1
37	68	1
49	68	1
53	68	2
55	68	6
56	68	5
58	68	2
59	68	1
60	68	3
61	68	1
62	68	3
63	68	1
64	68	1
65	68	6
66	68	8
67	68	18
35	69	2
37	69	1
39	69	2
40	69	2
42	69	2
43	69	1
45	69	1
47	69	2
48	69	1
50	69	1
51	69	3
52	69	4
54	69	2
55	69	1
56	69	1
58	69	2
59	69	2
61	69	1
62	69	1
63	69	3
64	69	1
65	69	1
66	69	6
67	69	7
68	69	51
35	70	2
36	70	3
39	70	1
47	70	1
49	70	1
50	70	2
51	70	1
52	70	1
53	70	2
54	70	4
55	70	2
56	70	5
57	70	1
58	70	6
59	70	1
60	70	1
63	70	3
64	70	1
65	70	2
66	70	7
67	70	8
68	70	12
69	70	27
35	71	1
36	71	3
37	71	2
46	71	1
48	71	2
50	71	2
51	71	1
53	71	1
54	71	1
55	71	2
56	71	2
57	71	3
58	71	2
61	71	1
62	71	1
63	71	2
64	71	1
65	71	4
66	71	2
67	71	5
68	71	15
69	71	14
70	71	25
36	72	2
37	72	2
40	72	2
46	72	1
48	72	1
49	72	1
50	72	1
51	72	1
52	72	1
53	72	2
55	72	3
56	72	3
58	72	1
59	72	3
60	72	1
61	72	2
62	72	3
63	72	2
64	72	4
65	72	4
66	72	2
67	72	6
68	72	5
69	72	4
70	72	15
71	72	19
35	73	1
38	73	1
40	73	4
45	73	1
49	73	1
50	73	2
51	73	2
52	73	4
53	73	2
54	73	1
58	73	1
59	73	2
60	73	1
61	73	4
62	73	2
63	73	2
64	73	2
65	73	2
66	73	7
67	73	4
68	73	5
69	73	9
70	73	10
71	73	7
72	73	41
37	74	1
39	74	1
41	74	1
45	74	2
50	74	1
52	74	1
53	74	1
55	74	1
56	74	1
57	74	2
58	74	3
60	74	2
61	74	3
62	74	1
63	74	3
64	74	2
65	74	2
69	74	1
70	74	3
71	74	2
72	74	9
73	74	14
37	75	1
39	75	1
41	75	2
44	75	1
45	75	1
46	75	2
50	75	1
52	75	1
54	75	1
57	75	1
59	75	1
60	75	1
61	75	1
62	75	1
64	75	2
65	75	2
66	75	3
67	75	2
69	75	2
70	75	2
71	75	1
72	75	2
73	75	8
74	75	18
36	76	1
37	76	1
38	76	1
39	76	1
40	76	1
42	76	1
45	76	1
53	76	1
57	76	1
59	76	1
62	76	2
63	76	1
64	76	2
65	76	1
66	76	1
68	76	2
70	76	2
71	76	2
72	76	1
73	76	4
74	76	5
75	76	25
41	77	1
58	77	1
59	77	1
61	77	2
63	77	1
64	77	2
65	77	1
67	77	1
73	77	3
74	77	3
75	77	6
76	77	7
39	78	1
40	78	1
44	78	1
45	78	1
53	78	1
55	78	1
60	78	3
61	78	2
62	78	2
64	78	1
65	78	1
66	78	2
68	78	1
70	78	1
72	78	1
73	78	1
74	78	2
75	78	7
76	78	3
77	78	18
39	79	1
43	79	1
45	79	2
46	79	1
48	79	1
54	79	1
58	79	1
59	79	1
63	79	2
64	79	2
71	79	1
73	79	2
74	79	1
75	79	1
76	79	6
77	79	13
78	79	14
45	80	1
46	80	1
51	80	1
56	80	1
58	80	1
61	80	1
64	80	1
66	80	1
68	80	1
70	80	2
71	80	1
74	80	1
75	80	1
77	80	2
78	80	6
79	80	20
35	81	1
36	81	1
37	81	2
41	81	1
47	81	1
52	81	1
54	81	1
63	81	3
65	81	2
66	81	1
67	81	1
68	81	1
69	81	2
70	81	2
71	81	2
72	81	2
73	81	3
75	81	3
76	81	3
77	81	4
78	81	2
79	81	4
80	81	16
36	82	1
43	82	3
45	82	1
46	82	4
49	82	1
50	82	2
53	82	1
54	82	1
55	82	1
59	82	1
61	82	1
63	82	2
66	82	2
67	82	3
69	82	1
70	82	1
72	82	1
73	82	1
74	82	5
75	82	4
76	82	2
77	82	4
78	82	1
79	82	12
80	82	16
81	82	40
36	83	1
39	83	2
40	83	2
42	83	1
45	83	1
48	83	1
50	83	1
52	83	1
59	83	2
60	83	2
61	83	1
62	83	1
64	83	2
66	83	1
67	83	1
68	83	1
70	83	2
73	83	1
76	83	1
77	83	1
78	83	3
79	83	3
80	83	9
81	83	10
82	83	54
37	84	1
43	84	1
52	84	1
53	84	1
58	84	2
65	84	1
73	84	3
76	84	1
77	84	2
79	84	4
80	84	2
81	84	6
82	84	8
83	84	28
36	85	1
44	85	1
57	85	2
58	85	1
60	85	2
65	85	1
68	85	1
69	85	2
70	85	1
72	85	1
74	85	2
75	85	3
76	85	1
77	85	1
78	85	3
79	85	3
80	85	2
81	85	1
82	85	2
83	85	7
84	85	8
43	86	2
53	86	1
54	86	1
55	86	1
59	86	2
60	86	1
63	86	1
64	86	1
65	86	2
69	86	1
75	86	1
76	86	2
78	86	2
80	86	1
81	86	1
82	86	3
83	86	1
84	86	7
85	86	26
39	87	2
40	87	1
48	87	1
49	87	1
50	87	1
51	87	1
54	87	1
59	87	1
62	87	1
64	87	1
67	87	1
68	87	1
69	87	3
71	87	1
72	87	2
73	87	3
74	87	2
75	87	2
78	87	2
79	87	1
81	87	1
82	87	2
83	87	3
84	87	2
85	87	9
86	87	10
37	88	1
39	88	1
40	88	1
42	88	1
48	88	1
52	88	2
53	88	1
54	88	1
57	88	1
61	88	1
62	88	1
63	88	1
64	88	2
66	88	1
71	88	1
73	88	5
74	88	2
75	88	2
76	88	1
78	88	3
81	88	1
82	88	2
83	88	1
85	88	4
86	88	4
87	88	15
39	89	2
40	89	1
46	89	2
47	89	2
51	89	2
53	89	2
54	89	2
56	89	1
57	89	1
59	89	2
60	89	1
61	89	2
62	89	1
64	89	2
65	89	2
68	89	1
69	89	3
70	89	1
71	89	1
72	89	2
73	89	3
74	89	1
75	89	1
76	89	1
77	89	2
78	89	1
79	89	1
81	89	3
82	89	2
83	89	2
86	89	4
87	89	12
88	89	15
36	90	2
37	90	1
38	90	1
42	90	1
43	90	2
47	90	1
48	90	1
52	90	1
53	90	1
54	90	2
57	90	1
61	90	2
62	90	2
63	90	2
64	90	3
65	90	1
66	90	1
67	90	1
69	90	1
70	90	3
71	90	1
73	90	5
75	90	3
79	90	1
82	90	1
83	90	1
86	90	2
87	90	2
88	90	6
89	90	12
36	91	1
40	91	1
51	91	1
55	91	1
56	91	1
58	91	1
61	91	1
63	91	2
64	91	1
65	91	1
66	91	1
67	91	1
68	91	1
72	91	1
73	91	1
76	91	1
77	91	1
78	91	3
79	91	1
81	91	1
82	91	2
86	91	1
88	91	5
89	91	5
90	91	7
36	92	2
39	92	2
41	92	1
42	92	1
43	92	3
49	92	3
51	92	2
54	92	1
56	92	1
57	92	1
58	92	2
59	92	1
60	92	1
61	92	1
63	92	4
64	92	2
65	92	1
66	92	2
68	92	1
69	92	1
70	92	3
73	92	3
75	92	1
80	92	1
81	92	4
82	92	2
84	92	2
86	92	2
87	92	1
88	92	5
89	92	6
90	92	7
91	92	11
39	93	1
40	93	1
43	93	3
45	93	2
50	93	1
51	93	1
53	93	2
54	93	2
56	93	1
57	93	1
58	93	1
59	93	2
60	93	3
61	93	2
63	93	1
64	93	1
68	93	3
69	93	2
72	93	2
73	93	3
74	93	1
75	93	3
76	93	1
77	93	1
78	93	1
81	93	1
82	93	1
83	93	2
84	93	1
85	93	2
86	93	2
87	93	3
88	93	1
89	93	5
90	93	2
91	93	8
92	93	14
36	94	1
37	94	1
38	94	1
40	94	1
42	94	1
50	94	1
52	94	1
54	94	1
55	94	1
57	94	2
59	94	1
63	94	1
64	94	1
65	94	1
66	94	2
68	94	1
69	94	1
72	94	1
75	94	2
76	94	1
77	94	1
79	94	1
84	94	1
85	94	1
86	94	2
88	94	1
89	94	4
90	94	4
91	94	1
92	94	9
93	94	12
37	95	1
39	95	2
40	95	3
41	95	1
42	95	1
43	95	1
45	95	1
48	95	2
49	95	1
52	95	1
53	95	1
54	95	1
55	95	2
56	95	1
57	95	2
58	95	2
59	95	4
64	95	1
65	95	3
67	95	2
68	95	2
69	95	2
70	95	1
71	95	3
72	95	1
73	95	1
75	95	1
77	95	1
78	95	1
81	95	1
82	95	2
86	95	2
88	95	1
89	95	4
90	95	1
91	95	4
92	95	4
93	95	3
94	95	7
37	96	2
53	96	2
54	96	3
55	96	1
56	96	3
57	96	2
58	96	2
59	96	1
61	96	1
62	96	1
65	96	1
67	96	2
68	96	1
69	96	4
70	96	1
71	96	1
72	96	1
73	96	1
74	96	1
80	96	1
81	96	2
88	96	1
89	96	1
91	96	1
92	96	2
93	96	2
94	96	4
95	96	9
35	97	2
45	97	1
48	97	1
49	97	1
53	97	1
54	97	2
55	97	1
56	97	3
57	97	2
59	97	1
61	97	1
62	97	1
67	97	1
68	97	3
69	97	5
70	97	2
71	97	3
72	97	2
73	97	1
75	97	2
84	97	1
90	97	2
91	97	1
92	97	1
94	97	1
95	97	7
96	97	20
35	98	1
36	98	2
47	98	1
50	98	1
54	98	1
55	98	2
56	98	1
57	98	3
58	98	1
59	98	1
60	98	1
61	98	1
67	98	1
68	98	3
69	98	1
70	98	3
71	98	1
73	98	1
75	98	1
81	98	1
88	98	1
91	98	2
92	98	1
93	98	1
94	98	3
95	98	4
96	98	5
97	98	31
54	99	2
55	99	3
56	99	1
57	99	2
61	99	1
66	99	2
67	99	2
68	99	1
69	99	2
72	99	1
74	99	1
84	99	1
89	99	1
90	99	3
91	99	2
92	99	1
93	99	2
95	99	5
96	99	9
97	99	11
98	99	6
35	100	2
37	100	1
39	100	2
45	100	1
46	100	1
52	100	2
53	100	2
55	100	2
56	100	1
57	100	5
58	100	2
66	100	1
67	100	1
68	100	2
69	100	5
70	100	3
71	100	2
72	100	1
79	100	1
81	100	2
84	100	1
88	100	2
90	100	3
91	100	1
92	100	2
93	100	1
94	100	5
95	100	2
96	100	10
97	100	12
98	100	11
99	100	8
41	101	1
46	101	1
47	101	1
52	101	1
55	101	2
58	101	1
62	101	1
63	101	1
67	101	2
68	101	1
69	101	1
70	101	2
71	101	4
72	101	3
73	101	1
78	101	1
81	101	1
82	101	1
83	101	1
88	101	2
89	101	1
90	101	1
91	101	1
92	101	1
93	101	3
94	101	3
95	101	3
97	101	5
98	101	3
99	101	4
100	101	7
39	102	1
43	102	1
45	102	1
52	102	2
53	102	2
54	102	3
55	102	1
57	102	1
59	102	2
60	102	2
61	102	1
63	102	1
64	102	2
71	102	2
74	102	2
75	102	1
76	102	1
78	102	2
79	102	1
82	102	1
84	102	1
88	102	2
94	102	1
95	102	1
100	102	6
101	102	7
42	103	1
43	103	1
48	103	1
49	103	1
55	103	1
60	103	1
63	103	1
65	103	1
73	103	1
74	103	1
79	103	1
85	103	1
88	103	3
89	103	1
90	103	1
95	103	2
99	103	1
101	103	7
102	103	8
