1	2	27
1	3	5
2	3	25
1	4	6
2	4	11
3	4	34
1	5	2
2	5	13
3	5	11
4	5	40
1	6	3
2	6	3
3	6	8
4	6	16
5	6	46
1	7	2
2	7	5
3	7	7
4	7	9
5	7	4
6	7	23
2	8	2
3	8	5
4	8	6
5	8	6
6	8	11
7	8	46
1	9	3
2	9	4
3	9	6
4	9	7
5	9	6
6	9	14
7	9	33
8	9	38
1	10	4
2	10	3
3	10	1
4	10	6
5	10	5
6	10	8
7	10	8
8	10	16
9	10	44
1	11	2
3	11	5
4	11	4
5	11	4
6	11	4
7	11	4
8	11	11
9	11	10
10	11	42
2	12	4
3	12	3
4	12	2
5	12	3
6	12	3
7	12	4
8	12	1
9	12	13
10	12	26
11	12	61
1	13	1
2	13	3
4	13	2
5	13	2
6	13	1
7	13	6
8	13	2
9	13	8
10	13	12
11	13	15
12	13	35
1	14	2
2	14	6
4	14	3
5	14	2
7	14	5
8	14	2
9	14	5
10	14	1
11	14	6
12	14	13
13	14	27
1	15	1
2	15	2
3	15	2
4	15	4
5	15	5
6	15	5
7	15	3
8	15	5
9	15	3
11	15	2
12	15	5
13	15	9
14	15	18
2	16	3
3	16	5
4	16	2
5	16	2
6	16	3
7	16	5
8	16	1
9	16	3
11	16	1
12	16	1
13	16	4
14	16	5
15	16	25
1	17	1
3	17	3
4	17	2
5	17	3
6	17	4
7	17	4
8	17	3
9	17	3
11	17	1
12	17	4
13	17	4
14	17	5
15	17	18
16	17	29
1	18	1
2	18	1
3	18	2
4	18	1
5	18	1
6	18	3
7	18	3
8	18	2
9	18	3
10	18	1
11	18	2
12	18	1
13	18	4
14	18	4
15	18	14
16	18	26
17	18	39
1	19	1
2	19	1
3	19	3
4	19	2
5	19	4
6	19	3
7	19	5
8	19	4
9	19	3
11	19	2
12	19	1
13	19	3
14	19	2
15	19	8
16	19	18
17	19	15
18	19	33
1	20	1
2	20	2
3	20	3
4	20	7
5	20	5
6	20	3
7	20	1
8	20	5
9	20	4
10	20	2
11	20	3
12	20	5
13	20	4
14	20	2
15	20	12
16	20	14
17	20	13
18	20	29
19	20	35
1	21	1
3	21	3
5	21	6
6	21	2
7	21	3
9	21	2
10	21	1
13	21	1
15	21	4
16	21	9
17	21	6
18	21	9
19	21	17
20	21	22
2	22	2
3	22	3
4	22	1
5	22	2
7	22	4
10	22	2
11	22	2
12	22	1
13	22	1
14	22	1
15	22	5
16	22	4
17	22	3
18	22	6
19	22	7
20	22	5
21	22	28
2	23	1
3	23	3
4	23	1
6	23	1
7	23	1
8	23	5
9	23	1
10	23	1
11	23	1
13	23	2
14	23	1
15	23	1
16	23	1
17	23	7
18	23	5
19	23	12
20	23	6
21	23	12
22	23	20
1	24	1
3	24	1
4	24	1
5	24	2
6	24	3
7	24	1
9	24	3
10	24	2
11	24	1
12	24	2
14	24	4
15	24	4
16	24	1
17	24	3
18	24	7
19	24	3
20	24	5
21	24	10
22	24	12
23	24	24
2	25	1
3	25	3
4	25	1
5	25	3
6	25	2
7	25	2
8	25	2
9	25	2
10	25	1
12	25	1
13	25	3
14	25	2
15	25	3
16	25	3
17	25	1
18	25	2
19	25	5
20	25	3
21	25	13
22	25	25
23	25	22
24	25	25
3	26	3
4	26	5
5	26	1
6	26	1
9	26	1
10	26	3
11	26	1
12	26	1
13	26	1
14	26	1
15	26	3
16	26	2
17	26	5
18	26	2
19	26	4
20	26	7
21	26	9
22	26	9
23	26	12
24	26	15
25	26	19
3	27	2
4	27	1
7	27	1
8	27	2
9	27	4
14	27	3
15	27	3
16	27	4
17	27	4
18	27	3
19	27	6
20	27	5
21	27	7
22	27	4
23	27	9
24	27	8
25	27	13
26	27	29
2	28	1
4	28	2
6	28	1
7	28	1
9	28	2
10	28	1
12	28	1
14	28	1
15	28	3
16	28	1
17	28	2
18	28	2
19	28	2
20	28	2
21	28	5
22	28	5
23	28	6
24	28	10
25	28	4
26	28	8
27	28	38
2	29	1
3	29	3
4	29	2
5	29	3
6	29	3
7	29	3
8	29	2
9	29	2
10	29	2
11	29	3
12	29	1
14	29	3
15	29	4
16	29	2
17	29	5
18	29	3
19	29	2
20	29	5
21	29	7
22	29	5
23	29	7
24	29	3
25	29	9
26	29	8
27	29	20
28	29	47
2	30	3
3	30	4
4	30	2
5	30	2
7	30	3
8	30	2
9	30	2
10	30	2
11	30	1
12	30	3
13	30	3
14	30	2
15	30	4
16	30	3
17	30	4
18	30	6
19	30	3
20	30	10
21	30	5
22	30	4
23	30	3
24	30	5
25	30	8
26	30	3
27	30	10
28	30	21
29	30	39
1	31	1
2	31	3
3	31	1
4	31	5
5	31	2
6	31	3
7	31	4
8	31	3
9	31	3
10	31	1
12	31	1
13	31	2
14	31	3
15	31	6
16	31	4
17	31	2
18	31	4
19	31	3
20	31	6
21	31	2
22	31	2
23	31	1
24	31	1
25	31	1
26	31	3
27	31	12
28	31	6
29	31	11
30	31	19
2	32	2
3	32	3
4	32	1
6	32	2
7	32	2
8	32	2
9	32	2
11	32	1
12	32	1
14	32	3
15	32	2
16	32	1
17	32	1
18	32	1
19	32	3
20	32	2
21	32	3
22	32	4
23	32	2
24	32	5
25	32	3
26	32	5
27	32	3
28	32	5
29	32	7
30	32	7
31	32	35
2	33	1
4	33	1
5	33	2
6	33	1
7	33	1
8	33	3
9	33	2
10	33	1
13	33	1
14	33	1
15	33	1
16	33	1
17	33	2
19	33	1
20	33	4
21	33	3
22	33	1
24	33	1
25	33	2
26	33	4
27	33	3
28	33	8
29	33	9
30	33	8
31	33	3
32	33	21
2	34	1
5	34	2
7	34	1
8	34	4
9	34	1
10	34	2
11	34	1
12	34	2
13	34	4
14	34	1
15	34	5
16	34	1
17	34	2
18	34	3
19	34	1
20	34	2
21	34	3
23	34	1
24	34	5
25	34	2
26	34	5
27	34	5
28	34	4
29	34	6
30	34	4
31	34	12
32	34	17
33	34	30
1	35	1
2	35	1
3	35	1
5	35	1
7	35	1
8	35	1
10	35	4
13	35	1
15	35	1
16	35	2
18	35	2
19	35	2
20	35	5
21	35	3
22	35	5
23	35	1
24	35	4
25	35	2
26	35	8
27	35	3
28	35	3
29	35	7
30	35	6
31	35	7
32	35	16
33	35	19
34	35	37
1	36	2
2	36	3
6	36	3
7	36	3
8	36	2
9	36	1
10	36	2
12	36	2
13	36	1
14	36	1
15	36	6
16	36	1
17	36	1
18	36	2
19	36	4
20	36	1
21	36	1
22	36	4
23	36	1
24	36	5
25	36	2
26	36	4
27	36	1
28	36	2
29	36	3
30	36	4
31	36	6
32	36	13
33	36	11
34	36	8
35	36	22
1	37	1
2	37	2
4	37	2
5	37	2
6	37	2
7	37	1
8	37	2
9	37	1
10	37	2
11	37	1
12	37	1
15	37	3
16	37	1
17	37	4
18	37	1
19	37	3
20	37	2
21	37	3
22	37	1
23	37	4
24	37	1
25	37	4
26	37	6
27	37	2
28	37	2
29	37	4
30	37	1
31	37	5
32	37	11
33	37	4
34	37	14
35	37	16
36	37	33
1	38	1
2	38	1
3	38	1
4	38	1
5	38	3
6	38	2
7	38	3
9	38	2
10	38	1
12	38	1
13	38	2
15	38	3
16	38	1
18	38	3
19	38	2
20	38	2
21	38	2
23	38	2
24	38	1
25	38	1
26	38	2
27	38	2
28	38	6
29	38	3
30	38	2
31	38	3
32	38	7
33	38	8
34	38	8
35	38	7
36	38	16
37	38	38
2	39	1
3	39	1
4	39	2
5	39	1
6	39	1
7	39	2
8	39	2
10	39	4
12	39	2
13	39	1
14	39	2
16	39	3
18	39	2
20	39	2
23	39	2
24	39	1
26	39	1
27	39	3
28	39	2
29	39	1
30	39	1
31	39	4
32	39	3
33	39	2
34	39	7
35	39	2
36	39	8
37	39	10
38	39	22
1	40	1
3	40	2
4	40	2
5	40	1
6	40	2
8	40	2
9	40	2
11	40	1
12	40	2
14	40	1
15	40	5
16	40	1
18	40	3
19	40	2
20	40	3
21	40	3
22	40	3
23	40	3
24	40	1
27	40	6
28	40	2
29	40	2
30	40	4
31	40	1
32	40	1
33	40	5
34	40	1
35	40	5
36	40	11
37	40	16
38	40	15
39	40	21
1	41	2
2	41	2
3	41	1
5	41	3
6	41	1
7	41	1
8	41	3
9	41	1
10	41	1
11	41	2
12	41	1
14	41	2
15	41	2
16	41	2
17	41	2
18	41	1
19	41	2
20	41	4
21	41	1
23	41	2
25	41	1
26	41	1
27	41	3
28	41	1
29	41	1
30	41	2
31	41	3
32	41	3
33	41	4
34	41	5
35	41	4
36	41	6
37	41	2
38	41	5
39	41	21
40	41	30
1	42	1
2	42	3
3	42	1
4	42	2
5	42	2
6	42	1
7	42	3
8	42	1
9	42	2
10	42	2
11	42	3
12	42	1
14	42	2
15	42	1
16	42	2
17	42	1
19	42	2
20	42	4
21	42	1
23	42	1
25	42	1
26	42	3
29	42	3
30	42	2
31	42	6
32	42	7
33	42	3
34	42	4
35	42	2
36	42	5
37	42	4
38	42	7
39	42	15
40	42	26
41	42	74
2	43	1
3	43	2
4	43	2
5	43	1
6	43	2
8	43	1
9	43	2
10	43	1
12	43	1
14	43	1
15	43	1
16	43	3
18	43	1
19	43	1
20	43	2
21	43	1
22	43	1
23	43	1
24	43	3
25	43	1
26	43	1
27	43	2
28	43	1
29	43	3
30	43	2
31	43	2
32	43	1
33	43	3
34	43	4
35	43	7
36	43	1
37	43	7
38	43	6
39	43	9
40	43	19
41	43	29
42	43	25
1	44	2
4	44	1
5	44	4
6	44	2
7	44	2
8	44	5
9	44	1
11	44	1
12	44	2
14	44	4
15	44	1
17	44	2
19	44	3
20	44	5
21	44	1
22	44	2
23	44	3
24	44	3
25	44	1
26	44	5
27	44	4
28	44	2
29	44	5
30	44	4
31	44	2
32	44	3
33	44	4
34	44	3
35	44	4
36	44	4
37	44	3
38	44	8
39	44	7
40	44	7
41	44	13
42	44	8
43	44	39
1	45	1
2	45	1
4	45	1
5	45	2
7	45	2
9	45	1
12	45	2
13	45	1
15	45	3
17	45	5
18	45	1
19	45	4
21	45	5
22	45	2
23	45	1
24	45	3
25	45	3
26	45	2
27	45	2
28	45	1
29	45	2
30	45	1
31	45	2
33	45	3
34	45	3
36	45	2
37	45	8
38	45	7
39	45	4
40	45	5
41	45	3
42	45	2
43	45	13
44	45	33
1	46	2
2	46	2
3	46	2
6	46	1
8	46	1
14	46	1
15	46	3
16	46	1
17	46	2
18	46	3
20	46	1
21	46	1
22	46	4
23	46	4
24	46	3
25	46	8
26	46	3
27	46	6
28	46	3
29	46	2
30	46	3
31	46	3
32	46	1
33	46	5
34	46	6
35	46	3
36	46	4
37	46	4
38	46	3
39	46	1
40	46	4
42	46	3
43	46	2
44	46	12
45	46	15
2	47	2
3	47	3
4	47	1
6	47	1
7	47	2
8	47	1
9	47	1
11	47	1
12	47	1
13	47	2
15	47	2
16	47	1
17	47	1
19	47	3
20	47	1
21	47	3
22	47	4
23	47	4
24	47	4
25	47	3
26	47	5
27	47	2
28	47	3
31	47	1
32	47	5
33	47	3
34	47	1
35	47	5
36	47	3
37	47	6
38	47	5
40	47	4
41	47	3
43	47	2
44	47	6
45	47	12
46	47	39
2	48	3
3	48	1
4	48	1
8	48	2
10	48	2
12	48	1
15	48	3
16	48	2
17	48	1
19	48	2
20	48	1
21	48	5
22	48	5
23	48	2
24	48	1
25	48	2
26	48	8
27	48	2
28	48	2
30	48	3
31	48	3
32	48	2
33	48	3
34	48	2
35	48	5
36	48	3
37	48	3
38	48	3
39	48	2
40	48	3
41	48	4
42	48	3
43	48	1
44	48	6
45	48	5
46	48	16
47	48	27
2	49	1
4	49	1
5	49	1
10	49	1
12	49	1
18	49	1
19	49	4
21	49	3
22	49	2
23	49	3
24	49	1
25	49	3
26	49	3
27	49	1
28	49	3
29	49	4
30	49	2
31	49	2
33	49	3
34	49	1
35	49	1
36	49	4
37	49	2
40	49	3
41	49	3
44	49	5
45	49	6
46	49	11
47	49	17
48	49	27
1	50	1
7	50	1
8	50	2
9	50	1
10	50	2
13	50	1
14	50	1
16	50	2
17	50	2
18	50	2
19	50	1
20	50	1
21	50	2
22	50	2
23	50	3
24	50	1
26	50	4
27	50	4
28	50	6
29	50	6
30	50	1
32	50	1
33	50	3
34	50	2
35	50	3
36	50	1
37	50	2
38	50	1
40	50	2
41	50	2
42	50	1
43	50	1
44	50	1
45	50	6
46	50	7
47	50	11
48	50	12
49	50	29
4	51	1
5	51	1
6	51	1
7	51	1
8	51	3
9	51	1
12	51	2
16	51	2
19	51	5
20	51	1
22	51	4
23	51	3
24	51	4
25	51	2
26	51	2
27	51	5
28	51	1
30	51	3
31	51	2
32	51	3
33	51	5
34	51	3
36	51	4
38	51	2
40	51	1
42	51	1
44	51	1
45	51	3
46	51	9
47	51	7
48	51	8
49	51	10
50	51	20
1	52	1
2	52	1
3	52	1
4	52	4
5	52	1
7	52	1
8	52	1
9	52	1
11	52	1
13	52	1
15	52	6
17	52	2
18	52	4
19	52	5
20	52	1
21	52	1
22	52	1
23	52	5
24	52	4
25	52	2
26	52	1
27	52	5
28	52	2
29	52	3
30	52	4
31	52	1
32	52	2
33	52	3
34	52	1
35	52	4
36	52	1
37	52	3
38	52	3
39	52	2
40	52	4
41	52	2
42	52	1
43	52	3
44	52	6
45	52	2
46	52	9
47	52	12
48	52	11
49	52	13
50	52	14
51	52	19
1	53	2
2	53	1
3	53	1
4	53	1
7	53	1
8	53	2
11	53	1
16	53	2
17	53	1
18	53	2
19	53	2
20	53	2
21	53	2
22	53	1
23	53	4
24	53	2
25	53	1
26	53	4
27	53	1
28	53	3
29	53	1
32	53	1
33	53	1
34	53	2
35	53	2
36	53	4
37	53	7
38	53	3
39	53	1
40	53	3
42	53	1
43	53	1
44	53	5
45	53	5
46	53	14
47	53	10
48	53	7
49	53	14
50	53	17
51	53	6
52	53	31
3	54	1
5	54	1
6	54	1
8	54	2
9	54	2
10	54	5
11	54	1
12	54	2
13	54	1
14	54	3
15	54	2
17	54	1
18	54	4
19	54	2
21	54	6
22	54	1
23	54	1
24	54	3
25	54	2
26	54	3
27	54	2
29	54	4
30	54	3
31	54	4
32	54	3
33	54	8
34	54	2
35	54	4
36	54	2
37	54	2
38	54	3
39	54	2
40	54	6
41	54	3
42	54	3
43	54	5
44	54	2
45	54	4
46	54	5
47	54	9
48	54	7
49	54	9
50	54	8
51	54	6
52	54	6
53	54	15
1	55	2
2	55	1
3	55	1
4	55	2
5	55	3
6	55	1
7	55	1
9	55	2
11	55	2
12	55	4
14	55	2
15	55	1
16	55	1
18	55	3
19	55	1
20	55	3
21	55	3
22	55	2
23	55	2
24	55	3
25	55	1
26	55	1
27	55	2
28	55	2
29	55	5
30	55	2
31	55	3
33	55	1
34	55	1
35	55	1
36	55	2
37	55	2
38	55	3
40	55	5
41	55	2
42	55	3
43	55	3
44	55	5
45	55	1
46	55	5
47	55	6
48	55	3
49	55	2
50	55	7
51	55	6
52	55	2
53	55	5
54	55	30
1	56	1
2	56	3
4	56	2
5	56	2
8	56	2
9	56	3
11	56	1
13	56	2
14	56	2
15	56	2
17	56	1
18	56	1
19	56	1
20	56	2
21	56	1
22	56	3
25	56	3
26	56	2
27	56	1
28	56	2
29	56	2
30	56	2
31	56	2
32	56	2
33	56	1
34	56	1
36	56	1
37	56	5
38	56	1
39	56	4
40	56	3
41	56	1
42	56	2
43	56	1
44	56	1
45	56	1
46	56	6
47	56	2
48	56	8
49	56	5
50	56	3
51	56	4
52	56	17
53	56	9
54	56	19
55	56	47
1	57	1
2	57	1
4	57	2
5	57	1
8	57	1
11	57	1
12	57	1
13	57	1
14	57	3
15	57	2
16	57	2
18	57	1
19	57	1
21	57	3
22	57	1
23	57	1
24	57	3
25	57	2
27	57	3
28	57	2
29	57	2
33	57	3
34	57	1
35	57	3
36	57	2
37	57	1
38	57	1
39	57	1
40	57	1
42	57	1
43	57	1
44	57	2
45	57	4
46	57	3
47	57	2
48	57	5
49	57	1
50	57	3
51	57	5
52	57	6
53	57	8
54	57	9
55	57	11
56	57	27
1	58	1
4	58	2
5	58	2
7	58	1
8	58	1
9	58	4
10	58	1
13	58	3
14	58	1
15	58	2
16	58	1
17	58	1
18	58	3
19	58	3
20	58	2
21	58	4
23	58	4
24	58	2
25	58	1
26	58	3
27	58	1
29	58	2
30	58	1
31	58	2
32	58	1
34	58	3
35	58	1
36	58	2
37	58	1
40	58	1
41	58	4
43	58	1
44	58	1
46	58	5
47	58	2
48	58	2
49	58	4
50	58	2
51	58	4
52	58	4
53	58	4
54	58	7
55	58	7
56	58	10
57	58	22
1	59	1
3	59	1
6	59	2
7	59	2
8	59	2
9	59	2
12	59	1
16	59	1
17	59	1
18	59	4
20	59	1
21	59	1
22	59	4
23	59	2
24	59	4
25	59	2
27	59	2
28	59	3
29	59	2
30	59	1
32	59	2
35	59	1
36	59	3
38	59	2
39	59	1
41	59	1
42	59	1
43	59	2
45	59	3
46	59	3
47	59	3
48	59	3
49	59	2
51	59	1
52	59	6
53	59	7
54	59	6
55	59	3
56	59	15
57	59	19
58	59	28
3	60	1
4	60	2
6	60	1
7	60	1
8	60	3
9	60	2
14	60	1
15	60	2
16	60	3
17	60	2
21	60	2
23	60	1
24	60	2
25	60	2
26	60	4
27	60	4
29	60	2
30	60	2
31	60	2
32	60	1
33	60	1
34	60	1
35	60	2
37	60	2
38	60	3
40	60	3
41	60	3
43	60	1
46	60	5
47	60	2
48	60	2
49	60	2
50	60	3
51	60	1
52	60	6
53	60	5
54	60	5
55	60	7
56	60	12
57	60	11
58	60	12
59	60	28
3	61	1
5	61	1
6	61	1
8	61	1
9	61	2
10	61	1
14	61	2
15	61	1
16	61	2
18	61	1
20	61	1
22	61	1
23	61	1
24	61	2
25	61	1
27	61	1
28	61	3
29	61	1
30	61	1
31	61	1
33	61	1
34	61	1
35	61	3
37	61	3
40	61	3
41	61	1
44	61	2
45	61	1
46	61	3
47	61	2
48	61	3
49	61	3
50	61	4
51	61	1
52	61	3
54	61	3
55	61	2
56	61	6
57	61	4
58	61	11
59	61	14
60	61	33
2	62	1
3	62	2
4	62	2
5	62	1
8	62	2
9	62	1
11	62	2
12	62	1
15	62	1
17	62	1
19	62	3
20	62	1
22	62	3
25	62	1
26	62	3
27	62	1
28	62	2
30	62	3
31	62	3
32	62	1
33	62	2
34	62	1
35	62	2
38	62	1
40	62	1
41	62	3
43	62	1
44	62	3
46	62	2
47	62	2
49	62	3
50	62	2
51	62	3
52	62	3
53	62	1
54	62	1
55	62	4
56	62	4
57	62	8
58	62	12
59	62	11
60	62	18
61	62	25
3	63	2
4	63	2
7	63	4
8	63	2
9	63	2
11	63	1
12	63	2
16	63	2
17	63	1
20	63	2
21	63	3
23	63	1
25	63	1
26	63	1
27	63	1
28	63	3
29	63	1
30	63	3
32	63	2
33	63	1
34	63	3
36	63	1
37	63	1
39	63	2
40	63	6
41	63	2
42	63	2
45	63	2
47	63	1
48	63	1
49	63	1
50	63	2
51	63	2
53	63	3
54	63	3
55	63	5
56	63	9
57	63	9
58	63	7
59	63	7
60	63	10
61	63	16
62	63	24
2	64	1
4	64	1
6	64	1
8	64	3
9	64	2
11	64	1
13	64	2
15	64	1
16	64	4
17	64	1
18	64	1
19	64	3
20	64	4
21	64	6
22	64	3
23	64	2
26	64	2
27	64	1
28	64	3
29	64	3
31	64	2
32	64	2
33	64	3
34	64	2
35	64	1
36	64	2
37	64	2
38	64	2
39	64	2
40	64	1
41	64	1
43	64	2
44	64	5
45	64	1
46	64	2
47	64	3
48	64	1
49	64	1
50	64	1
52	64	4
54	64	3
55	64	7
56	64	11
57	64	6
58	64	11
59	64	8
60	64	10
61	64	7
62	64	28
63	64	38
3	65	1
5	65	2
7	65	1
10	65	1
11	65	1
12	65	1
14	65	3
15	65	2
16	65	1
18	65	2
19	65	2
20	65	1
21	65	2
22	65	1
23	65	3
25	65	1
26	65	1
27	65	1
28	65	1
29	65	2
31	65	1
32	65	4
33	65	2
35	65	1
36	65	3
37	65	3
38	65	1
40	65	2
41	65	3
42	65	2
43	65	1
44	65	2
45	65	1
46	65	1
47	65	1
50	65	2
52	65	1
53	65	7
54	65	3
55	65	6
56	65	13
57	65	5
58	65	5
59	65	4
60	65	6
61	65	9
62	65	12
63	65	12
64	65	23
2	66	3
3	66	3
5	66	1
6	66	2
8	66	2
9	66	2
11	66	1
12	66	3
14	66	1
18	66	4
20	66	2
21	66	1
23	66	1
24	66	1
25	66	2
26	66	1
28	66	4
29	66	2
31	66	1
33	66	1
34	66	1
36	66	2
37	66	2
38	66	2
39	66	2
40	66	1
41	66	1
42	66	3
43	66	4
44	66	1
46	66	2
47	66	3
48	66	2
49	66	3
50	66	2
52	66	2
53	66	2
54	66	2
55	66	4
56	66	12
57	66	5
58	66	2
59	66	3
60	66	6
61	66	5
62	66	7
63	66	8
64	66	10
65	66	35
2	67	1
3	67	1
6	67	1
7	67	2
8	67	2
9	67	3
10	67	1
11	67	1
12	67	3
13	67	4
14	67	1
16	67	1
18	67	1
19	67	2
20	67	2
21	67	1
26	67	1
28	67	2
30	67	2
31	67	1
32	67	2
34	67	1
37	67	3
38	67	1
39	67	1
40	67	1
41	67	3
42	67	4
44	67	2
47	67	1
49	67	1
50	67	1
54	67	1
55	67	2
56	67	5
57	67	1
59	67	1
60	67	1
61	67	1
62	67	1
63	67	6
64	67	6
65	67	3
66	67	21
2	68	2
7	68	2
10	68	1
12	68	2
13	68	1
15	68	2
27	68	1
29	68	1
30	68	1
31	68	2
34	68	1
36	68	1
39	68	1
41	68	4
47	68	1
56	68	3
60	68	1
63	68	1
64	68	3
65	68	1
66	68	5
67	68	16
1	69	1
2	69	2
8	69	1
9	69	1
12	69	1
14	69	2
17	69	1
19	69	1
20	69	1
23	69	1
35	69	1
37	69	1
39	69	1
41	69	2
42	69	1
44	69	2
45	69	1
50	69	1
54	69	2
55	69	1
56	69	1
57	69	2
59	69	1
60	69	2
62	69	1
63	69	2
64	69	4
65	69	1
66	69	3
67	69	4
68	69	15
7	70	2
8	70	1
9	70	3
10	70	1
12	70	1
14	70	1
18	70	2
20	70	1
30	70	1
31	70	1
34	70	2
35	70	1
36	70	1
38	70	2
39	70	2
41	70	1
42	70	1
43	70	1
45	70	1
46	70	1
49	70	1
57	70	1
58	70	1
61	70	1
62	70	1
63	70	1
64	70	1
65	70	2
66	70	3
67	70	8
68	70	5
69	70	12
1	71	1
3	71	1
4	71	2
10	71	2
11	71	1
12	71	1
13	71	1
15	71	1
17	71	1
18	71	2
20	71	1
23	71	1
25	71	1
28	71	1
30	71	1
32	71	1
33	71	1
34	71	2
36	71	1
37	71	1
41	71	1
42	71	1
43	71	2
47	71	1
48	71	1
50	71	1
52	71	1
53	71	1
54	71	1
55	71	1
56	71	2
57	71	1
58	71	1
61	71	1
64	71	2
66	71	2
67	71	3
68	71	3
69	71	6
70	71	24
1	72	1
2	72	3
4	72	3
5	72	1
9	72	1
10	72	2
11	72	2
13	72	1
14	72	2
15	72	1
17	72	1
20	72	3
24	72	1
29	72	2
30	72	1
36	72	1
37	72	1
39	72	1
42	72	1
51	72	1
54	72	1
63	72	1
65	72	2
66	72	3
67	72	1
68	72	3
69	72	16
70	72	16
71	72	30
1	73	1
4	73	1
6	73	2
7	73	1
10	73	1
11	73	1
13	73	2
14	73	2
16	73	1
20	73	2
23	73	1
25	73	1
27	73	1
29	73	1
30	73	1
31	73	1
36	73	1
38	73	1
39	73	1
42	73	4
43	73	1
47	73	1
53	73	1
54	73	1
56	73	1
59	73	2
60	73	2
63	73	3
64	73	1
65	73	2
66	73	1
67	73	2
68	73	6
69	73	9
70	73	6
71	73	6
72	73	28
3	74	2
4	74	1
5	74	1
6	74	1
7	74	2
8	74	2
9	74	1
10	74	1
12	74	1
13	74	1
14	74	2
15	74	1
16	74	1
17	74	1
19	74	1
22	74	1
27	74	1
28	74	1
30	74	1
33	74	1
34	74	2
35	74	1
37	74	1
40	74	1
41	74	1
42	74	1
43	74	1
51	74	2
52	74	1
53	74	1
55	74	1
61	74	2
63	74	1
67	74	6
68	74	2
69	74	3
70	74	3
71	74	4
72	74	2
73	74	18
1	75	1
2	75	1
3	75	1
4	75	1
6	75	2
7	75	1
9	75	1
10	75	2
11	75	1
12	75	1
13	75	2
14	75	1
15	75	1
17	75	1
18	75	1
19	75	1
20	75	1
26	75	2
28	75	1
29	75	2
30	75	2
31	75	1
36	75	1
41	75	1
42	75	3
43	75	2
45	75	3
52	75	1
57	75	1
58	75	1
59	75	2
61	75	1
63	75	2
64	75	1
65	75	3
66	75	1
67	75	3
68	75	2
69	75	5
70	75	4
71	75	9
72	75	8
73	75	13
74	75	37
2	76	2
3	76	2
4	76	2
5	76	1
7	76	1
8	76	1
10	76	2
11	76	2
12	76	2
13	76	1
14	76	2
15	76	1
16	76	2
17	76	2
18	76	1
29	76	1
30	76	1
35	76	1
36	76	1
37	76	1
38	76	1
39	76	2
41	76	1
44	76	1
45	76	1
46	76	1
50	76	1
52	76	1
53	76	1
54	76	2
56	76	1
57	76	3
60	76	1
61	76	1
63	76	1
64	76	2
65	76	2
66	76	4
67	76	2
68	76	4
69	76	3
70	76	1
71	76	3
72	76	6
73	76	9
74	76	6
75	76	29
1	77	1
2	77	2
3	77	2
4	77	2
6	77	1
9	77	1
10	77	2
11	77	1
14	77	2
15	77	1
16	77	1
17	77	1
19	77	1
20	77	3
21	77	4
22	77	2
24	77	1
29	77	1
31	77	1
32	77	3
33	77	2
34	77	1
35	77	2
38	77	1
41	77	2
42	77	2
43	77	1
44	77	1
46	77	1
47	77	1
49	77	1
50	77	1
51	77	1
52	77	2
54	77	1
55	77	1
56	77	4
57	77	1
58	77	1
59	77	2
60	77	3
62	77	2
63	77	3
64	77	1
65	77	2
66	77	3
67	77	1
68	77	2
69	77	3
70	77	1
71	77	4
72	77	1
73	77	3
74	77	6
75	77	6
76	77	31
4	78	1
5	78	1
7	78	2
16	78	1
18	78	1
19	78	1
23	78	1
24	78	1
26	78	2
29	78	2
30	78	1
31	78	1
32	78	2
34	78	1
35	78	1
36	78	1
38	78	3
41	78	1
54	78	2
57	78	1
62	78	1
63	78	3
65	78	2
69	78	2
70	78	1
71	78	2
72	78	1
73	78	1
74	78	2
75	78	2
76	78	6
77	78	10
40	79	1
48	79	1
49	79	1
68	79	2
11	80	1
56	80	1
58	80	1
32	82	1
36	87	1
48	87	1
8	88	1
32	88	1
34	88	1
55	88	1
58	88	1
73	88	1
37	89	1
47	89	1
48	89	1
88	89	1
7	90	1
34	90	1
58	90	1
52	92	1
15	95	1
18	95	1
45	95	1
49	132	1
2	133	1
26	133	1
43	133	1
52	133	1
75	133	1
78	133	1
3	134	1
23	134	1
27	134	1
57	134	1
76	134	1
10	135	1
22	135	1
23	135	1
3	137	2
10	137	1
17	137	1
18	137	1
19	137	1
20	137	2
24	137	1
28	137	1
30	137	1
37	137	1
47	137	4
50	137	1
51	137	1
53	137	1
56	137	1
62	137	1
63	137	1
66	137	1
72	137	1
74	137	3
89	137	1
22	139	1
51	139	1
137	139	1
4	140	1
16	140	1
68	140	1
74	141	1
2	143	1
3	143	2
4	143	4
9	143	2
10	143	1
11	143	1
12	143	1
18	143	2
19	143	1
23	143	1
24	143	1
27	143	2
29	143	1
31	143	1
32	143	2
33	143	1
34	143	1
36	143	1
37	143	1
41	143	1
42	143	2
44	143	1
47	143	1
49	143	2
51	143	1
52	143	1
54	143	1
55	143	2
58	143	1
61	143	1
65	143	2
67	143	4
73	143	2
74	143	1
75	143	2
76	143	4
95	143	1
138	143	1
142	143	1
6	144	1
7	144	2
8	144	2
10	144	2
12	144	1
13	144	1
14	144	1
15	144	2
16	144	2
20	144	2
26	144	1
27	144	1
29	144	1
31	144	1
32	144	2
39	144	2
40	144	1
42	144	2
43	144	3
44	144	1
45	144	2
47	144	1
48	144	2
52	144	1
53	144	2
54	144	1
55	144	4
58	144	1
59	144	1
60	144	1
61	144	1
62	144	1
64	144	2
66	144	1
69	144	1
70	144	2
73	144	2
74	144	2
75	144	3
76	144	3
77	144	3
78	144	2
133	144	1
134	144	1
137	144	3
143	144	35
1	145	1
2	145	1
3	145	1
6	145	1
7	145	1
8	145	1
9	145	2
12	145	1
14	145	1
15	145	1
16	145	1
18	145	1
21	145	1
22	145	1
23	145	2
26	145	1
30	145	1
35	145	2
36	145	1
38	145	1
39	145	1
41	145	2
42	145	2
46	145	2
47	145	1
53	145	3
54	145	1
55	145	2
58	145	1
61	145	1
63	145	1
65	145	1
69	145	2
71	145	1
72	145	1
73	145	2
75	145	2
77	145	2
132	145	1
137	145	1
142	145	1
143	145	10
144	145	21
2	146	2
7	146	1
8	146	3
9	146	3
19	146	1
20	146	1
22	146	1
24	146	2
25	146	1
27	146	2
28	146	1
29	146	1
32	146	1
34	146	1
37	146	1
38	146	2
42	146	2
48	146	2
51	146	1
53	146	3
54	146	1
55	146	1
58	146	1
59	146	2
62	146	2
65	146	1
66	146	1
71	146	1
76	146	1
137	146	1
143	146	7
144	146	14
145	146	29
2	147	1
3	147	1
4	147	1
5	147	1
8	147	1
9	147	1
13	147	1
14	147	1
16	147	1
17	147	1
20	147	1
28	147	1
32	147	1
36	147	1
37	147	1
38	147	1
39	147	1
45	147	1
46	147	1
47	147	2
48	147	2
56	147	1
63	147	1
64	147	1
65	147	1
71	147	1
76	147	1
77	147	1
88	147	1
143	147	6
144	147	12
145	147	7
146	147	32
2	148	1
3	148	1
4	148	1
5	148	2
6	148	1
7	148	1
10	148	2
11	148	1
15	148	1
20	148	1
21	148	1
22	148	1
25	148	2
27	148	1
28	148	1
29	148	1
30	148	2
32	148	1
34	148	1
36	148	1
38	148	1
40	148	1
41	148	1
43	148	1
45	148	1
47	148	1
48	148	1
50	148	2
51	148	1
55	148	3
61	148	1
62	148	2
64	148	2
66	148	1
67	148	2
69	148	1
71	148	1
72	148	1
75	148	1
76	148	1
143	148	2
144	148	4
145	148	9
146	148	21
147	148	14
4	149	1
6	149	1
7	149	2
8	149	1
12	149	1
14	149	1
16	149	1
17	149	1
18	149	2
19	149	2
20	149	2
26	149	2
28	149	2
32	149	1
33	149	2
38	149	2
40	149	2
44	149	1
46	149	2
50	149	1
51	149	1
54	149	1
55	149	1
56	149	1
57	149	1
60	149	1
61	149	1
63	149	1
72	149	2
73	149	1
137	149	1
138	149	1
143	149	2
144	149	1
145	149	3
146	149	8
147	149	11
148	149	42
1	150	1
2	150	1
4	150	1
5	150	1
7	150	2
9	150	1
12	150	2
13	150	1
14	150	3
16	150	1
22	150	2
25	150	1
29	150	1
31	150	1
32	150	1
37	150	3
38	150	1
41	150	2
42	150	2
44	150	1
46	150	2
47	150	1
50	150	1
51	150	1
52	150	2
53	150	1
54	150	1
56	150	1
57	150	1
58	150	2
59	150	1
60	150	1
62	150	1
64	150	1
67	150	1
68	150	1
69	150	1
72	150	1
76	150	2
143	150	3
144	150	7
145	150	5
146	150	3
147	150	4
148	150	13
149	150	41
3	151	1
6	151	1
9	151	1
14	151	1
20	151	1
21	151	1
22	151	1
27	151	2
30	151	1
31	151	1
32	151	1
36	151	1
39	151	1
41	151	2
42	151	1
43	151	2
46	151	3
49	151	2
56	151	1
58	151	1
59	151	1
60	151	1
70	151	1
74	151	1
76	151	1
77	151	1
137	151	1
143	151	1
144	151	8
145	151	1
146	151	7
147	151	5
148	151	8
149	151	15
150	151	46
2	152	1
4	152	1
5	152	1
6	152	1
12	152	1
13	152	1
15	152	1
17	152	1
18	152	1
20	152	1
26	152	3
28	152	1
29	152	1
35	152	1
37	152	1
40	152	1
42	152	1
48	152	1
49	152	1
51	152	1
53	152	1
54	152	1
56	152	1
57	152	2
58	152	1
60	152	1
62	152	1
63	152	2
64	152	2
65	152	1
66	152	1
67	152	1
75	152	1
76	152	1
77	152	1
137	152	1
139	152	1
143	152	3
144	152	3
145	152	5
146	152	1
147	152	2
148	152	13
149	152	14
150	152	23
151	152	27
3	153	1
4	153	1
5	153	1
7	153	1
10	153	1
12	153	1
15	153	1
16	153	2
18	153	2
19	153	1
22	153	1
23	153	1
24	153	2
32	153	1
33	153	1
35	153	1
36	153	1
37	153	2
38	153	1
40	153	1
41	153	1
42	153	2
46	153	2
47	153	2
51	153	1
55	153	1
65	153	1
68	153	1
73	153	1
77	153	2
143	153	1
144	153	3
145	153	3
146	153	9
147	153	5
148	153	7
149	153	7
150	153	13
151	153	7
152	153	27
7	154	1
15	154	1
18	154	2
19	154	1
20	154	2
23	154	2
25	154	1
27	154	1
28	154	3
29	154	1
30	154	1
32	154	1
34	154	2
36	154	1
37	154	1
39	154	1
44	154	1
51	154	1
52	154	3
59	154	2
65	154	1
66	154	1
69	154	2
70	154	2
71	154	1
73	154	1
75	154	1
76	154	1
134	154	1
135	154	1
137	154	1
144	154	5
145	154	4
146	154	4
147	154	5
148	154	8
149	154	6
150	154	7
151	154	5
152	154	13
153	154	40
2	155	1
5	155	2
7	155	1
9	155	2
10	155	1
14	155	2
17	155	2
19	155	1
33	155	1
34	155	1
35	155	1
37	155	1
38	155	1
39	155	1
46	155	1
47	155	1
49	155	1
50	155	1
54	155	1
57	155	1
60	155	1
62	155	1
65	155	1
72	155	1
75	155	1
82	155	1
137	155	1
143	155	3
144	155	3
145	155	3
146	155	1
147	155	3
148	155	5
149	155	9
150	155	6
151	155	6
152	155	22
153	155	20
154	155	40
1	156	1
3	156	1
5	156	1
7	156	3
9	156	2
11	156	1
15	156	1
18	156	2
20	156	3
21	156	1
23	156	1
25	156	1
26	156	1
28	156	1
34	156	1
35	156	2
41	156	1
43	156	2
44	156	4
48	156	3
51	156	1
54	156	1
55	156	1
58	156	1
59	156	2
61	156	2
62	156	1
65	156	2
69	156	1
70	156	1
72	156	1
74	156	1
75	156	1
76	156	1
77	156	1
134	156	1
143	156	3
144	156	2
145	156	1
146	156	1
147	156	3
148	156	5
149	156	4
150	156	5
151	156	4
152	156	12
153	156	7
154	156	11
155	156	30
7	157	1
8	157	1
11	157	1
17	157	1
19	157	1
20	157	1
22	157	1
25	157	3
26	157	1
27	157	1
31	157	1
35	157	3
36	157	1
41	157	1
44	157	1
47	157	1
49	157	1
53	157	1
54	157	1
55	157	3
62	157	1
63	157	1
64	157	1
67	157	1
73	157	2
143	157	4
144	157	1
145	157	5
146	157	1
147	157	2
148	157	7
149	157	1
150	157	2
151	157	2
152	157	2
153	157	5
154	157	7
155	157	13
156	157	19
1	158	1
2	158	1
5	158	1
6	158	1
8	158	1
13	158	2
17	158	1
18	158	1
20	158	2
21	158	2
22	158	1
23	158	2
24	158	1
25	158	1
28	158	3
30	158	3
34	158	1
36	158	1
40	158	1
45	158	1
48	158	2
49	158	2
50	158	1
51	158	2
52	158	1
53	158	1
54	158	1
56	158	1
60	158	1
61	158	1
66	158	1
71	158	1
74	158	1
77	158	1
133	158	1
143	158	1
144	158	6
145	158	3
146	158	1
147	158	7
148	158	2
149	158	2
150	158	1
151	158	5
152	158	7
153	158	7
154	158	4
155	158	13
156	158	30
157	158	27
2	159	1
8	159	1
10	159	2
14	159	1
15	159	3
16	159	1
17	159	1
30	159	2
32	159	1
35	159	1
37	159	1
42	159	1
43	159	1
48	159	1
49	159	1
53	159	2
54	159	3
63	159	1
143	159	5
144	159	1
145	159	1
146	159	5
147	159	3
148	159	3
150	159	2
151	159	1
152	159	3
153	159	3
154	159	2
155	159	7
156	159	5
157	159	5
158	159	21
2	160	1
6	160	1
7	160	1
8	160	2
16	160	1
18	160	1
21	160	1
23	160	1
25	160	1
28	160	2
29	160	2
34	160	1
35	160	2
37	160	1
38	160	1
39	160	1
41	160	1
46	160	1
47	160	2
50	160	2
53	160	1
57	160	2
62	160	1
63	160	1
64	160	1
65	160	1
75	160	3
77	160	1
78	160	1
143	160	1
145	160	3
146	160	3
147	160	4
148	160	4
149	160	3
151	160	3
152	160	5
153	160	4
154	160	8
155	160	4
156	160	3
157	160	2
158	160	16
159	160	23
7	161	1
8	161	1
9	161	1
13	161	1
20	161	1
24	161	1
25	161	3
27	161	2
29	161	1
30	161	2
32	161	1
44	161	2
45	161	2
46	161	1
49	161	1
50	161	2
51	161	1
58	161	1
61	161	2
69	161	1
71	161	1
72	161	1
73	161	1
75	161	1
76	161	2
77	161	1
143	161	4
144	161	2
145	161	2
146	161	2
147	161	4
148	161	3
149	161	2
150	161	3
151	161	1
152	161	3
153	161	5
154	161	6
155	161	2
156	161	1
157	161	7
158	161	9
159	161	5
160	161	15
2	162	2
3	162	1
4	162	1
11	162	1
12	162	1
13	162	1
16	162	1
17	162	1
18	162	1
19	162	2
25	162	2
27	162	1
28	162	1
29	162	1
31	162	1
34	162	1
38	162	1
45	162	1
46	162	2
47	162	1
48	162	1
55	162	2
63	162	1
64	162	1
65	162	1
69	162	1
71	162	2
137	162	1
143	162	3
144	162	2
147	162	2
148	162	3
149	162	4
150	162	2
151	162	1
152	162	3
153	162	2
154	162	3
156	162	4
158	162	5
159	162	4
160	162	6
161	162	37
2	163	1
15	163	2
16	163	1
19	163	1
23	163	1
24	163	1
25	163	1
26	163	1
27	163	2
29	163	1
34	163	1
35	163	1
38	163	1
42	163	1
43	163	1
47	163	4
49	163	1
50	163	1
59	163	1
60	163	1
62	163	1
64	163	1
77	163	1
143	163	4
144	163	3
145	163	3
146	163	2
147	163	2
148	163	4
149	163	4
150	163	1
153	163	2
154	163	4
155	163	1
156	163	3
157	163	2
158	163	6
159	163	2
160	163	1
161	163	7
162	163	18
3	164	1
4	164	1
7	164	1
13	164	1
16	164	2
21	164	2
24	164	1
26	164	2
27	164	1
28	164	1
32	164	1
38	164	1
46	164	2
47	164	1
48	164	1
49	164	1
50	164	1
53	164	2
54	164	3
57	164	1
58	164	1
59	164	1
61	164	1
62	164	3
63	164	1
66	164	1
73	164	1
75	164	1
134	164	1
143	164	2
144	164	1
145	164	3
146	164	1
147	164	2
148	164	2
149	164	3
150	164	2
152	164	1
153	164	1
154	164	4
155	164	7
156	164	3
157	164	4
158	164	4
159	164	1
160	164	2
161	164	9
162	164	13
163	164	26
2	165	2
8	165	1
11	165	1
12	165	3
13	165	1
15	165	1
18	165	1
26	165	1
27	165	1
28	165	1
29	165	1
30	165	1
33	165	1
34	165	1
35	165	1
37	165	1
38	165	1
44	165	1
48	165	1
49	165	1
50	165	1
53	165	1
54	165	1
59	165	1
60	165	1
62	165	1
63	165	1
67	165	2
69	165	1
71	165	1
72	165	1
74	165	2
75	165	1
140	165	1
143	165	1
144	165	1
145	165	2
146	165	2
147	165	2
148	165	4
149	165	1
152	165	1
153	165	3
154	165	1
155	165	3
156	165	1
157	165	4
158	165	1
159	165	8
160	165	1
161	165	4
162	165	12
163	165	14
164	165	28
2	166	1
5	166	1
7	166	1
8	166	2
10	166	1
11	166	1
12	166	1
13	166	1
17	166	3
18	166	1
26	166	2
27	166	1
28	166	1
37	166	1
38	166	1
42	166	1
44	166	1
45	166	1
46	166	1
47	166	1
51	166	1
53	166	1
54	166	1
55	166	1
56	166	1
59	166	2
63	166	2
65	166	1
75	166	1
78	166	1
88	166	1
137	166	2
143	166	2
144	166	1
145	166	2
146	166	4
147	166	2
148	166	3
149	166	1
150	166	2
151	166	1
152	166	1
153	166	2
155	166	2
156	166	3
157	166	7
158	166	4
159	166	1
160	166	1
161	166	4
162	166	7
163	166	13
164	166	21
165	166	34
4	167	1
8	167	1
15	167	1
17	167	2
18	167	1
19	167	1
25	167	1
27	167	2
35	167	1
42	167	2
43	167	1
46	167	1
48	167	2
54	167	3
55	167	1
56	167	1
57	167	2
59	167	1
61	167	2
63	167	2
67	167	1
72	167	1
76	167	1
137	167	1
144	167	1
145	167	2
146	167	4
147	167	1
148	167	2
149	167	3
151	167	2
152	167	1
153	167	5
154	167	1
155	167	3
157	167	4
158	167	1
159	167	3
160	167	2
161	167	3
162	167	8
163	167	18
164	167	12
165	167	16
166	167	31
2	168	2
3	168	1
9	168	1
16	168	1
19	168	2
25	168	1
26	168	1
28	168	3
31	168	1
32	168	1
33	168	3
34	168	1
38	168	1
40	168	1
42	168	1
44	168	1
48	168	2
49	168	1
52	168	1
53	168	1
56	168	1
58	168	2
64	168	1
134	168	1
143	168	1
147	168	2
148	168	1
149	168	1
150	168	1
152	168	3
153	168	2
154	168	1
157	168	2
158	168	2
159	168	3
160	168	1
161	168	7
162	168	5
163	168	11
164	168	13
165	168	9
166	168	19
167	168	33
4	169	1
13	169	1
16	169	2
20	169	1
22	169	1
24	169	1
28	169	1
31	169	1
32	169	1
35	169	1
36	169	1
39	169	1
42	169	1
45	169	1
48	169	1
51	169	1
54	169	1
55	169	3
56	169	1
57	169	1
58	169	1
59	169	1
61	169	1
62	169	2
63	169	1
64	169	2
78	169	1
137	169	2
143	169	1
145	169	1
147	169	3
149	169	1
150	169	2
151	169	2
152	169	2
153	169	1
154	169	4
155	169	2
156	169	2
157	169	2
158	169	1
160	169	2
161	169	2
162	169	4
163	169	10
164	169	9
165	169	13
166	169	6
167	169	11
168	169	14
3	170	1
4	170	1
8	170	1
13	170	1
17	170	1
19	170	1
24	170	1
26	170	1
30	170	1
33	170	1
35	170	1
36	170	1
38	170	1
41	170	2
45	170	2
46	170	3
49	170	2
52	170	2
54	170	1
55	170	1
58	170	1
59	170	1
60	170	1
63	170	1
64	170	2
66	170	1
75	170	1
144	170	1
145	170	2
148	170	2
149	170	3
151	170	1
152	170	2
153	170	1
154	170	3
155	170	4
156	170	3
157	170	3
158	170	1
159	170	1
160	170	3
161	170	2
162	170	7
163	170	4
164	170	15
165	170	6
166	170	10
167	170	9
168	170	12
169	170	20
2	171	1
4	171	1
8	171	1
14	171	1
19	171	2
20	171	1
22	171	1
23	171	1
27	171	1
28	171	1
29	171	1
35	171	1
40	171	1
46	171	1
47	171	1
48	171	2
51	171	1
55	171	3
57	171	3
59	171	1
62	171	1
63	171	1
77	171	1
89	171	1
137	171	1
143	171	1
146	171	4
150	171	1
151	171	1
153	171	2
154	171	4
156	171	1
157	171	2
158	171	2
159	171	2
161	171	2
162	171	7
163	171	11
164	171	8
165	171	9
166	171	10
167	171	17
168	171	11
169	171	15
170	171	28
4	172	1
6	172	1
8	172	1
11	172	1
16	172	1
17	172	1
18	172	1
19	172	1
21	172	1
23	172	1
24	172	1
26	172	1
27	172	1
30	172	1
34	172	1
39	172	1
40	172	1
42	172	1
44	172	2
45	172	1
46	172	2
47	172	2
48	172	2
50	172	5
51	172	2
52	172	2
54	172	2
55	172	3
59	172	1
61	172	1
62	172	2
72	172	1
76	172	1
77	172	1
137	172	1
143	172	2
144	172	2
145	172	3
146	172	1
147	172	3
148	172	1
149	172	2
150	172	1
151	172	3
152	172	3
153	172	1
154	172	1
155	172	2
157	172	2
158	172	8
159	172	3
160	172	1
161	172	3
162	172	7
163	172	11
164	172	6
165	172	9
166	172	14
167	172	11
168	172	13
169	172	7
170	172	16
171	172	25
7	173	1
8	173	3
10	173	1
13	173	1
16	173	1
19	173	1
22	173	1
24	173	2
25	173	2
29	173	2
34	173	1
36	173	1
42	173	1
46	173	1
47	173	1
51	173	1
53	173	3
54	173	2
60	173	1
62	173	1
63	173	1
65	173	1
71	173	1
73	173	1
77	173	1
143	173	3
144	173	1
146	173	3
148	173	2
149	173	2
150	173	2
152	173	2
155	173	3
156	173	4
157	173	1
158	173	1
159	173	6
160	173	2
161	173	1
162	173	5
163	173	3
164	173	6
165	173	4
166	173	5
167	173	8
168	173	2
169	173	3
170	173	1
171	173	3
172	173	19
1	174	2
3	174	1
5	174	2
7	174	2
8	174	1
10	174	1
11	174	1
13	174	3
14	174	1
18	174	1
22	174	1
30	174	2
32	174	1
33	174	1
35	174	1
37	174	1
38	174	1
39	174	1
40	174	1
43	174	1
44	174	1
46	174	1
47	174	1
55	174	1
62	174	1
66	174	1
70	174	1
73	174	1
77	174	1
78	174	1
139	174	1
143	174	3
144	174	5
145	174	1
146	174	1
147	174	6
148	174	3
150	174	1
151	174	3
152	174	1
153	174	1
155	174	4
156	174	1
158	174	1
159	174	2
160	174	2
161	174	6
162	174	3
163	174	4
164	174	2
165	174	2
166	174	5
167	174	1
169	174	2
170	174	1
171	174	6
172	174	10
173	174	37
2	175	2
19	175	1
22	175	1
24	175	1
29	175	2
36	175	2
41	175	1
42	175	3
43	175	1
47	175	2
50	175	1
53	175	1
57	175	1
59	175	1
64	175	1
72	175	1
137	175	1
143	175	2
144	175	1
147	175	2
148	175	2
149	175	1
150	175	1
152	175	1
153	175	2
154	175	1
155	175	4
156	175	3
157	175	3
158	175	2
162	175	3
163	175	4
165	175	3
166	175	2
167	175	4
168	175	3
169	175	1
170	175	1
171	175	3
172	175	3
173	175	10
174	175	16
2	176	2
5	176	1
7	176	1
8	176	1
11	176	1
20	176	4
23	176	1
24	176	1
27	176	1
30	176	2
34	176	1
36	176	1
43	176	1
46	176	1
48	176	1
50	176	1
51	176	2
54	176	1
55	176	1
56	176	1
60	176	1
61	176	1
62	176	1
64	176	1
66	176	1
75	176	1
76	176	3
77	176	2
143	176	1
145	176	2
146	176	2
147	176	2
148	176	1
149	176	2
150	176	1
152	176	1
153	176	2
154	176	2
155	176	4
156	176	4
157	176	5
158	176	3
159	176	2
160	176	2
161	176	1
163	176	1
164	176	1
165	176	4
166	176	4
167	176	3
168	176	4
169	176	1
170	176	3
171	176	3
172	176	7
173	176	6
174	176	11
175	176	43
1	177	1
4	177	1
19	177	1
23	177	1
27	177	1
28	177	1
29	177	2
31	177	1
41	177	1
42	177	1
44	177	1
47	177	2
50	177	1
60	177	2
62	177	1
63	177	1
67	177	1
69	177	1
72	177	1
75	177	1
137	177	1
142	177	1
143	177	1
144	177	2
145	177	1
146	177	4
148	177	1
150	177	2
151	177	2
152	177	1
153	177	1
155	177	1
157	177	2
158	177	3
159	177	2
160	177	1
161	177	3
162	177	2
164	177	2
165	177	2
166	177	1
167	177	1
168	177	1
170	177	2
171	177	1
172	177	5
173	177	5
174	177	11
175	177	22
176	177	19
5	178	2
6	178	1
9	178	1
10	178	1
13	178	1
17	178	1
24	178	1
25	178	1
33	178	1
36	178	1
41	178	1
45	178	1
47	178	1
49	178	1
54	178	1
55	178	1
60	178	1
63	178	1
66	178	1
69	178	1
73	178	1
74	178	2
75	178	1
77	178	3
142	178	1
143	178	3
144	178	2
145	178	1
146	178	1
148	178	1
149	178	4
150	178	1
151	178	2
153	178	2
155	178	2
156	178	2
157	178	2
159	178	1
160	178	2
161	178	2
162	178	1
163	178	2
165	178	2
168	178	1
171	178	4
172	178	3
173	178	6
174	178	11
175	178	11
176	178	7
177	178	16
2	179	1
3	179	1
6	179	1
7	179	3
10	179	1
22	179	1
28	179	1
31	179	1
35	179	2
36	179	1
39	179	1
40	179	1
47	179	1
52	179	1
54	179	1
56	179	6
57	179	1
60	179	3
68	179	3
69	179	1
73	179	1
74	179	2
76	179	2
143	179	2
145	179	2
146	179	2
147	179	1
149	179	1
150	179	1
153	179	1
155	179	2
156	179	1
157	179	3
158	179	2
159	179	1
160	179	1
162	179	1
163	179	2
164	179	2
165	179	3
167	179	1
168	179	3
169	179	1
170	179	4
171	179	1
172	179	1
173	179	3
174	179	6
175	179	7
176	179	8
177	179	2
178	179	16
2	180	1
4	180	1
7	180	3
8	180	1
9	180	1
12	180	1
13	180	1
18	180	2
21	180	1
24	180	4
25	180	1
26	180	1
28	180	1
34	180	1
36	180	3
38	180	1
40	180	1
43	180	1
44	180	1
45	180	1
46	180	3
49	180	1
52	180	2
53	180	1
54	180	1
55	180	1
57	180	1
59	180	3
60	180	1
64	180	1
65	180	1
73	180	1
75	180	2
77	180	3
143	180	2
144	180	2
146	180	2
147	180	1
148	180	1
149	180	1
150	180	1
152	180	1
153	180	1
154	180	1
156	180	2
160	180	1
161	180	1
162	180	3
163	180	3
164	180	2
165	180	1
166	180	2
167	180	3
169	180	2
170	180	4
171	180	3
172	180	2
173	180	2
174	180	2
175	180	4
176	180	7
177	180	10
178	180	15
179	180	35
4	181	1
8	181	1
12	181	1
20	181	1
22	181	1
29	181	1
37	181	1
39	181	1
46	181	1
47	181	1
52	181	3
56	181	2
59	181	1
65	181	1
66	181	1
68	181	3
71	181	2
72	181	2
73	181	1
74	181	2
143	181	2
144	181	3
145	181	2
146	181	3
147	181	1
148	181	1
149	181	4
150	181	2
151	181	1
152	181	1
153	181	1
154	181	2
155	181	2
156	181	1
157	181	4
160	181	4
161	181	1
163	181	1
164	181	2
166	181	1
167	181	3
169	181	1
170	181	1
171	181	3
172	181	1
173	181	3
174	181	9
175	181	4
176	181	3
177	181	1
178	181	11
179	181	20
180	181	25
13	182	1
20	182	2
21	182	1
31	182	1
32	182	1
36	182	1
40	182	1
45	182	1
46	182	1
47	182	1
57	182	1
59	182	1
72	182	1
76	182	1
78	182	1
146	182	1
147	182	1
148	182	3
149	182	1
152	182	1
153	182	2
157	182	2
158	182	3
160	182	1
162	182	1
164	182	1
165	182	3
167	182	1
171	182	1
172	182	1
173	182	1
174	182	1
175	182	2
176	182	1
177	182	1
178	182	3
179	182	8
180	182	6
181	182	8
1	183	1
2	183	1
3	183	1
4	183	1
8	183	1
9	183	1
11	183	1
12	183	1
14	183	2
18	183	2
19	183	1
23	183	1
27	183	1
30	183	1
34	183	1
39	183	1
50	183	1
57	183	1
62	183	1
68	183	1
74	183	1
75	183	1
78	183	1
134	183	1
144	183	1
145	183	3
148	183	3
150	183	1
153	183	2
155	183	2
156	183	4
158	183	1
159	183	1
160	183	2
161	183	2
162	183	1
164	183	1
165	183	2
170	183	2
171	183	4
172	183	2
173	183	2
175	183	5
178	183	7
179	183	6
180	183	10
181	183	8
182	183	18
1	184	1
4	184	1
5	184	1
6	184	3
7	184	1
12	184	1
18	184	1
22	184	1
23	184	1
24	184	2
29	184	1
30	184	1
37	184	1
41	184	1
42	184	1
45	184	2
58	184	1
59	184	1
60	184	1
64	184	1
66	184	1
70	184	1
74	184	1
78	184	1
137	184	1
144	184	1
145	184	5
146	184	4
152	184	1
153	184	1
154	184	3
156	184	2
158	184	1
159	184	2
161	184	4
162	184	2
163	184	1
165	184	1
166	184	1
169	184	1
174	184	2
175	184	3
176	184	4
177	184	1
178	184	1
179	184	6
180	184	11
181	184	6
182	184	8
183	184	16
8	185	1
11	185	1
16	185	1
20	185	1
37	185	1
57	185	1
59	185	1
66	185	1
67	185	1
72	185	1
143	185	1
144	185	3
148	185	3
150	185	1
156	185	1
157	185	1
160	185	1
161	185	2
163	185	1
165	185	2
168	185	1
176	185	1
177	185	3
178	185	1
180	185	3
181	185	7
182	185	3
183	185	8
184	185	21
9	186	1
10	186	1
15	186	1
16	186	1
18	186	1
22	186	1
23	186	1
26	186	1
27	186	2
40	186	1
47	186	2
54	186	1
55	186	1
66	186	2
69	186	1
143	186	1
146	186	1
147	186	2
159	186	2
166	186	1
167	186	1
171	186	2
172	186	1
173	186	1
174	186	2
175	186	1
176	186	2
177	186	2
178	186	3
179	186	3
180	186	3
181	186	4
182	186	4
183	186	6
184	186	7
185	186	20
5	187	1
8	187	1
11	187	1
12	187	1
15	187	1
18	187	1
20	187	2
28	187	1
29	187	1
30	187	1
35	187	1
37	187	1
41	187	1
44	187	1
49	187	1
51	187	1
54	187	1
55	187	1
58	187	1
61	187	1
62	187	1
66	187	1
72	187	1
73	187	1
75	187	1
76	187	2
78	187	1
133	187	1
137	187	1
143	187	1
144	187	1
146	187	3
147	187	1
149	187	2
151	187	1
153	187	2
155	187	3
156	187	1
158	187	4
159	187	1
160	187	1
165	187	1
166	187	1
169	187	1
171	187	2
173	187	1
174	187	1
175	187	3
176	187	7
177	187	1
179	187	5
180	187	2
181	187	3
182	187	4
183	187	5
184	187	16
185	187	16
186	187	10
2	188	1
3	188	1
5	188	2
6	188	1
7	188	2
11	188	1
21	188	1
34	188	1
39	188	1
40	188	1
44	188	1
47	188	1
49	188	1
53	188	1
54	188	1
55	188	1
57	188	1
60	188	1
62	188	1
64	188	1
66	188	1
75	188	1
135	188	1
143	188	2
148	188	2
149	188	1
153	188	2
156	188	2
157	188	1
158	188	1
161	188	1
162	188	1
163	188	2
164	188	1
165	188	1
166	188	2
169	188	1
171	188	1
172	188	1
173	188	1
174	188	2
175	188	3
176	188	2
177	188	1
178	188	3
180	188	3
181	188	4
182	188	4
183	188	1
184	188	6
185	188	7
186	188	11
187	188	19
4	189	2
7	189	1
16	189	1
17	189	1
18	189	1
19	189	1
24	189	1
26	189	1
33	189	1
37	189	1
40	189	1
41	189	1
42	189	2
44	189	1
45	189	3
48	189	1
51	189	1
52	189	1
53	189	1
56	189	1
63	189	1
70	189	1
71	189	1
72	189	1
74	189	1
75	189	1
143	189	3
145	189	2
146	189	1
147	189	1
148	189	1
149	189	1
150	189	1
151	189	2
152	189	2
153	189	1
155	189	3
157	189	1
158	189	1
159	189	1
160	189	3
162	189	1
163	189	2
164	189	1
165	189	2
171	189	1
172	189	1
173	189	1
174	189	2
175	189	4
176	189	2
177	189	2
178	189	2
179	189	3
180	189	7
181	189	5
182	189	2
183	189	3
184	189	5
185	189	5
186	189	6
187	189	14
188	189	36
1	190	1
6	190	1
14	190	1
15	190	1
29	190	1
30	190	1
33	190	1
38	190	1
40	190	1
42	190	1
44	190	1
46	190	1
51	190	1
56	190	1
68	190	1
69	190	1
70	190	2
71	190	2
137	190	1
144	190	3
145	190	1
146	190	1
148	190	1
151	190	1
152	190	1
153	190	1
156	190	1
158	190	1
159	190	1
161	190	3
165	190	1
166	190	1
171	190	1
174	190	1
177	190	1
178	190	2
180	190	1
181	190	5
182	190	1
183	190	2
185	190	3
186	190	5
187	190	6
188	190	9
189	190	18
2	191	1
6	191	1
9	191	1
10	191	2
13	191	1
16	191	1
18	191	1
20	191	1
32	191	1
36	191	1
38	191	1
40	191	1
43	191	1
44	191	2
46	191	1
48	191	1
55	191	1
58	191	1
61	191	1
66	191	1
69	191	1
70	191	2
72	191	1
76	191	2
137	191	3
143	191	1
144	191	2
145	191	1
146	191	2
147	191	1
150	191	1
157	191	1
158	191	1
160	191	1
163	191	1
164	191	1
165	191	2
167	191	1
168	191	1
169	191	1
172	191	3
173	191	5
174	191	3
175	191	2
177	191	3
180	191	1
181	191	2
183	191	5
184	191	2
185	191	4
186	191	5
187	191	3
188	191	6
189	191	8
190	191	19
10	192	1
11	192	1
13	192	1
20	192	1
26	192	1
32	192	1
44	192	1
46	192	1
55	192	2
68	192	1
69	192	1
71	192	1
72	192	1
73	192	2
74	192	1
75	192	2
76	192	1
144	192	1
148	192	1
149	192	3
150	192	1
153	192	1
157	192	1
162	192	1
164	192	1
165	192	1
166	192	2
169	192	1
170	192	1
172	192	1
174	192	2
175	192	2
176	192	1
178	192	3
179	192	2
181	192	1
183	192	3
185	192	4
186	192	2
187	192	5
188	192	2
189	192	4
190	192	10
191	192	17
5	193	1
6	193	1
19	193	1
21	193	2
23	193	1
26	193	1
27	193	1
28	193	1
30	193	1
33	193	1
44	193	1
45	193	1
46	193	1
56	193	1
57	193	1
63	193	1
64	193	1
66	193	1
67	193	1
68	193	2
72	193	1
73	193	1
74	193	1
75	193	1
76	193	2
143	193	1
144	193	2
146	193	1
147	193	3
148	193	1
149	193	1
153	193	2
156	193	1
157	193	1
158	193	2
164	193	1
165	193	1
166	193	1
168	193	1
172	193	1
176	193	1
179	193	1
182	193	1
185	193	2
187	193	4
188	193	2
189	193	5
190	193	2
191	193	9
192	193	26
8	194	2
16	194	1
23	194	1
27	194	1
31	194	1
33	194	1
34	194	1
43	194	1
48	194	1
49	194	1
54	194	1
59	194	1
64	194	1
70	194	1
73	194	1
76	194	1
77	194	1
145	194	1
147	194	1
150	194	2
152	194	1
153	194	2
160	194	2
163	194	1
166	194	2
167	194	1
168	194	1
169	194	1
170	194	1
173	194	1
174	194	2
175	194	2
176	194	2
177	194	1
178	194	2
180	194	2
181	194	6
182	194	1
183	194	4
184	194	2
186	194	5
188	194	1
189	194	1
190	194	5
191	194	7
192	194	8
193	194	18
1	195	1
3	195	1
4	195	1
5	195	1
15	195	1
22	195	1
34	195	1
44	195	1
45	195	1
57	195	2
73	195	1
75	195	2
76	195	1
143	195	1
145	195	2
146	195	2
148	195	1
149	195	1
150	195	1
156	195	1
165	195	1
166	195	1
169	195	1
173	195	1
174	195	1
175	195	1
176	195	1
177	195	1
180	195	1
182	195	1
183	195	3
184	195	3
186	195	1
188	195	1
189	195	1
190	195	1
191	195	3
192	195	3
193	195	9
194	195	12
3	196	1
4	196	2
6	196	1
10	196	1
12	196	1
13	196	1
17	196	2
18	196	1
19	196	1
35	196	1
36	196	1
38	196	1
43	196	1
48	196	1
50	196	1
52	196	1
57	196	1
63	196	1
65	196	2
70	196	1
71	196	1
72	196	1
73	196	3
75	196	1
133	196	1
143	196	1
144	196	1
145	196	3
149	196	2
150	196	2
151	196	1
156	196	2
158	196	1
159	196	1
160	196	2
161	196	1
163	196	2
166	196	3
167	196	2
169	196	1
170	196	3
173	196	2
174	196	1
176	196	2
179	196	1
180	196	1
181	196	2
183	196	1
184	196	1
185	196	3
186	196	3
187	196	3
188	196	5
189	196	3
190	196	2
191	196	2
192	196	8
193	196	4
194	196	10
195	196	11
3	197	1
11	197	1
12	197	2
13	197	1
20	197	1
27	197	1
32	197	3
35	197	1
36	197	1
39	197	1
41	197	1
42	197	1
45	197	1
50	197	1
62	197	1
63	197	1
70	197	1
144	197	2
147	197	2
149	197	2
152	197	2
155	197	1
159	197	1
160	197	1
165	197	1
167	197	1
168	197	1
172	197	1
174	197	2
175	197	1
176	197	1
177	197	1
178	197	1
179	197	2
180	197	1
181	197	2
183	197	1
184	197	2
185	197	2
186	197	2
187	197	2
188	197	3
189	197	1
190	197	2
191	197	1
192	197	1
193	197	3
194	197	9
195	197	13
196	197	22
5	198	1
7	198	3
10	198	2
11	198	1
13	198	2
14	198	1
19	198	1
20	198	1
28	198	2
31	198	1
39	198	1
41	198	2
43	198	1
54	198	1
60	198	1
66	198	1
68	198	1
71	198	1
72	198	1
143	198	2
144	198	1
151	198	1
153	198	2
155	198	1
159	198	2
161	198	2
164	198	3
166	198	1
167	198	1
169	198	2
170	198	1
171	198	1
172	198	3
173	198	1
174	198	2
176	198	1
178	198	1
180	198	3
182	198	1
184	198	2
186	198	1
187	198	3
188	198	3
191	198	6
192	198	4
193	198	3
194	198	2
195	198	10
196	198	17
197	198	38
2	199	1
4	199	1
7	199	1
11	199	1
17	199	1
18	199	1
22	199	2
23	199	1
29	199	1
40	199	1
42	199	1
43	199	1
44	199	1
46	199	1
49	199	1
50	199	1
53	199	1
56	199	1
57	199	1
67	199	1
69	199	1
73	199	2
144	199	1
145	199	1
147	199	1
149	199	1
150	199	1
153	199	1
154	199	1
155	199	1
158	199	1
159	199	2
160	199	2
162	199	1
163	199	1
165	199	2
167	199	1
168	199	1
173	199	1
174	199	4
176	199	1
177	199	1
178	199	2
179	199	1
183	199	4
184	199	2
185	199	2
187	199	1
188	199	4
189	199	1
190	199	4
191	199	1
192	199	2
193	199	2
194	199	5
195	199	5
196	199	12
197	199	13
198	199	21
2	200	1
7	200	1
8	200	1
9	200	1
11	200	1
26	200	1
30	200	2
32	200	1
34	200	1
42	200	1
64	200	1
66	200	1
69	200	1
72	200	1
74	200	1
78	200	1
143	200	1
147	200	2
149	200	1
150	200	1
152	200	1
153	200	1
154	200	2
157	200	2
162	200	1
171	200	1
177	200	1
178	200	3
179	200	1
181	200	1
183	200	1
187	200	2
188	200	2
190	200	3
191	200	1
192	200	1
194	200	3
195	200	2
196	200	5
197	200	6
198	200	5
199	200	14
4	201	2
12	201	1
15	201	1
19	201	1
25	201	1
27	201	1
33	201	1
36	201	1
39	201	1
41	201	1
43	201	1
46	201	1
63	201	2
64	201	1
69	201	1
71	201	3
72	201	1
73	201	1
74	201	1
137	201	2
143	201	1
144	201	2
147	201	2
151	201	1
152	201	1
156	201	1
158	201	1
159	201	2
161	201	1
162	201	2
167	201	2
168	201	1
172	201	1
173	201	1
174	201	1
175	201	3
177	201	3
178	201	1
179	201	2
180	201	2
183	201	1
185	201	3
186	201	2
187	201	3
189	201	1
190	201	1
191	201	3
193	201	3
194	201	1
196	201	3
197	201	3
198	201	9
199	201	20
200	201	14
9	202	2
13	202	2
21	202	1
27	202	1
37	202	1
38	202	1
39	202	1
43	202	1
45	202	1
53	202	1
54	202	2
61	202	1
62	202	1
67	202	2
69	202	1
72	202	2
73	202	3
74	202	1
75	202	1
137	202	1
144	202	1
145	202	1
147	202	1
149	202	2
150	202	3
152	202	3
154	202	1
155	202	1
157	202	1
158	202	1
161	202	1
163	202	2
164	202	1
165	202	1
166	202	1
169	202	1
173	202	1
175	202	3
177	202	1
178	202	1
179	202	1
180	202	1
182	202	1
183	202	1
184	202	1
185	202	3
186	202	1
187	202	3
188	202	2
189	202	7
191	202	3
192	202	1
193	202	5
194	202	1
195	202	1
196	202	5
197	202	3
198	202	2
199	202	11
200	202	7
201	202	21
9	203	3
15	203	1
19	203	1
20	203	1
24	203	1
27	203	1
29	203	1
34	203	1
38	203	1
39	203	1
40	203	1
42	203	1
44	203	1
48	203	2
49	203	1
54	203	1
58	203	1
61	203	1
73	203	1
77	203	1
143	203	1
144	203	1
147	203	1
149	203	1
151	203	1
153	203	2
154	203	1
155	203	2
156	203	2
158	203	1
160	203	2
162	203	2
163	203	1
164	203	1
167	203	2
172	203	1
173	203	1
174	203	1
176	203	1
180	203	5
182	203	1
183	203	3
184	203	2
186	203	1
187	203	3
189	203	2
190	203	2
191	203	1
195	203	3
196	203	4
197	203	1
198	203	3
199	203	3
200	203	4
201	203	1
202	203	21
3	204	1
4	204	1
10	204	1
11	204	1
12	204	1
22	204	1
24	204	1
25	204	1
26	204	1
32	204	2
34	204	1
40	204	1
41	204	1
43	204	1
45	204	1
46	204	1
49	204	1
52	204	1
54	204	1
55	204	1
59	204	1
60	204	1
61	204	1
63	204	2
65	204	1
66	204	1
67	204	1
68	204	1
78	204	1
143	204	1
146	204	2
150	204	2
151	204	1
152	204	1
153	204	1
155	204	1
157	204	2
158	204	3
160	204	2
161	204	2
162	204	4
163	204	1
164	204	3
165	204	1
167	204	1
168	204	1
171	204	1
172	204	2
173	204	1
174	204	2
175	204	2
177	204	1
178	204	1
179	204	1
181	204	1
182	204	1
183	204	1
185	204	4
187	204	1
188	204	1
189	204	1
190	204	1
191	204	2
192	204	2
194	204	3
196	204	2
197	204	1
198	204	4
199	204	4
200	204	2
201	204	3
202	204	12
203	204	18
5	205	1
7	205	1
11	205	1
12	205	2
15	205	1
16	205	1
17	205	1
22	205	1
26	205	1
29	205	1
31	205	1
35	205	2
36	205	1
42	205	1
45	205	1
46	205	1
52	205	2
53	205	1
56	205	3
57	205	1
58	205	2
65	205	1
66	205	2
70	205	1
71	205	1
74	205	1
78	205	1
145	205	1
146	205	4
147	205	1
149	205	2
150	205	1
151	205	2
152	205	1
153	205	1
154	205	1
156	205	2
159	205	3
160	205	1
162	205	2
163	205	3
164	205	1
165	205	1
166	205	1
169	205	3
174	205	2
175	205	3
176	205	2
177	205	2
178	205	1
182	205	2
183	205	1
186	205	1
187	205	1
188	205	1
190	205	2
191	205	1
196	205	2
197	205	1
198	205	2
199	205	3
201	205	8
202	205	6
203	205	8
204	205	41
4	206	2
5	206	1
7	206	1
12	206	1
13	206	1
14	206	2
16	206	1
25	206	1
26	206	1
29	206	1
30	206	1
37	206	1
38	206	1
42	206	1
43	206	3
44	206	1
49	206	1
50	206	1
54	206	2
55	206	1
57	206	1
58	206	1
60	206	1
63	206	1
66	206	3
67	206	3
69	206	1
74	206	1
144	206	1
145	206	1
147	206	2
149	206	2
150	206	1
151	206	1
152	206	1
156	206	1
157	206	1
160	206	2
162	206	1
163	206	1
164	206	2
166	206	1
169	206	1
170	206	1
172	206	2
173	206	1
174	206	3
175	206	1
176	206	1
177	206	3
181	206	2
183	206	1
184	206	2
186	206	2
187	206	2
188	206	1
189	206	1
190	206	1
191	206	4
192	206	2
194	206	2
196	206	4
197	206	4
198	206	2
199	206	2
200	206	3
201	206	3
202	206	7
203	206	5
204	206	25
205	206	43
1	207	1
6	207	1
8	207	1
13	207	1
16	207	1
18	207	1
20	207	1
27	207	1
28	207	1
29	207	3
30	207	2
33	207	1
34	207	1
37	207	1
38	207	1
43	207	1
44	207	1
46	207	1
54	207	2
55	207	1
60	207	1
64	207	1
66	207	1
69	207	1
70	207	1
77	207	1
78	207	1
134	207	1
144	207	1
145	207	3
147	207	2
149	207	1
151	207	2
153	207	1
156	207	2
157	207	3
158	207	1
159	207	1
160	207	2
161	207	3
162	207	2
163	207	3
164	207	3
165	207	3
166	207	2
167	207	1
168	207	2
170	207	2
171	207	2
173	207	2
175	207	1
176	207	4
177	207	2
178	207	2
179	207	3
180	207	4
181	207	4
182	207	2
183	207	1
185	207	1
187	207	1
188	207	2
189	207	1
190	207	2
192	207	1
194	207	2
195	207	1
196	207	2
197	207	1
200	207	2
201	207	5
202	207	2
203	207	6
204	207	15
205	207	16
206	207	36
5	208	1
8	208	1
12	208	1
15	208	1
16	208	1
17	208	1
19	208	3
21	208	1
22	208	1
23	208	1
24	208	1
26	208	2
27	208	1
31	208	1
32	208	1
36	208	2
46	208	2
47	208	1
48	208	1
50	208	1
51	208	1
53	208	1
55	208	1
56	208	1
58	208	1
59	208	1
61	208	2
63	208	1
66	208	1
71	208	1
74	208	1
92	208	1
143	208	1
145	208	1
146	208	2
147	208	1
148	208	4
149	208	1
151	208	1
152	208	2
153	208	1
154	208	2
155	208	2
156	208	1
157	208	2
159	208	2
160	208	1
161	208	4
162	208	4
163	208	4
164	208	1
165	208	1
166	208	1
168	208	2
170	208	3
171	208	3
172	208	2
173	208	2
174	208	2
175	208	1
176	208	4
177	208	1
178	208	1
179	208	5
180	208	1
181	208	1
182	208	3
183	208	2
186	208	2
187	208	1
189	208	1
191	208	2
193	208	1
194	208	2
195	208	1
197	208	1
198	208	2
199	208	2
200	208	2
201	208	2
202	208	2
203	208	2
204	208	6
205	208	8
206	208	4
207	208	19
1	209	1
4	209	1
5	209	1
8	209	1
13	209	1
16	209	1
18	209	1
19	209	1
20	209	1
21	209	1
22	209	1
23	209	1
25	209	1
26	209	1
28	209	1
29	209	1
31	209	1
37	209	1
44	209	1
45	209	1
53	209	1
58	209	1
59	209	1
63	209	1
67	209	1
68	209	1
74	209	2
75	209	1
137	209	1
143	209	2
144	209	2
145	209	1
146	209	1
147	209	4
148	209	2
149	209	3
150	209	2
151	209	2
152	209	3
153	209	3
154	209	2
155	209	2
156	209	2
157	209	1
158	209	2
159	209	7
161	209	2
163	209	1
164	209	1
165	209	4
167	209	5
168	209	1
170	209	1
171	209	2
172	209	1
173	209	1
174	209	3
175	209	4
176	209	3
178	209	4
179	209	2
181	209	2
182	209	1
183	209	1
184	209	2
185	209	1
186	209	2
187	209	2
188	209	2
191	209	2
192	209	1
193	209	1
194	209	2
196	209	2
198	209	2
200	209	3
202	209	4
203	209	3
204	209	5
205	209	7
206	209	8
207	209	20
208	209	34
4	210	1
5	210	1
7	210	1
13	210	1
18	210	1
20	210	2
25	210	2
26	210	1
28	210	1
35	210	1
42	210	1
47	210	1
48	210	1
51	210	1
54	210	2
57	210	1
59	210	1
61	210	1
62	210	1
74	210	1
143	210	1
144	210	1
145	210	2
146	210	3
148	210	1
149	210	2
151	210	1
156	210	2
158	210	1
159	210	1
160	210	2
161	210	1
162	210	2
163	210	3
164	210	1
165	210	1
166	210	3
167	210	3
168	210	2
170	210	2
171	210	2
172	210	3
173	210	1
174	210	2
175	210	3
177	210	1
180	210	2
182	210	2
183	210	1
184	210	1
185	210	1
187	210	1
188	210	1
189	210	1
194	210	2
197	210	1
198	210	1
199	210	1
200	210	2
203	210	1
204	210	1
205	210	2
206	210	3
207	210	4
208	210	6
209	210	20
2	211	1
6	211	1
14	211	1
17	211	1
20	211	1
22	211	2
24	211	1
25	211	1
26	211	1
29	211	1
36	211	2
37	211	1
39	211	1
41	211	1
42	211	1
45	211	1
49	211	1
53	211	1
54	211	1
58	211	1
59	211	1
60	211	1
61	211	2
65	211	2
70	211	1
76	211	1
77	211	1
143	211	2
146	211	1
147	211	1
148	211	1
149	211	2
150	211	3
151	211	3
153	211	4
154	211	3
155	211	1
157	211	1
158	211	4
159	211	2
160	211	1
163	211	3
164	211	1
165	211	3
166	211	2
167	211	3
168	211	2
169	211	1
170	211	2
171	211	1
173	211	1
174	211	1
175	211	1
177	211	1
178	211	1
182	211	2
183	211	1
185	211	1
187	211	1
191	211	1
193	211	1
198	211	2
200	211	1
203	211	1
204	211	1
206	211	2
207	211	1
208	211	5
209	211	5
210	211	18
4	212	1
5	212	1
21	212	1
23	212	2
26	212	3
27	212	1
28	212	1
29	212	1
30	212	1
31	212	1
32	212	1
34	212	1
43	212	1
46	212	1
47	212	1
49	212	2
51	212	1
54	212	1
55	212	1
56	212	3
57	212	1
59	212	1
60	212	1
67	212	1
90	212	1
137	212	1
143	212	1
145	212	2
146	212	1
147	212	2
148	212	2
149	212	1
152	212	1
155	212	3
156	212	1
157	212	1
158	212	1
159	212	2
161	212	2
162	212	2
163	212	2
164	212	2
165	212	2
167	212	2
168	212	3
169	212	1
170	212	2
171	212	2
172	212	4
173	212	1
175	212	2
176	212	1
177	212	1
180	212	1
182	212	2
183	212	2
184	212	1
186	212	1
191	212	1
195	212	1
196	212	2
197	212	1
198	212	1
199	212	1
200	212	2
203	212	1
205	212	2
206	212	2
207	212	2
208	212	11
209	212	6
210	212	9
211	212	25
2	213	1
3	213	1
15	213	1
16	213	1
27	213	1
29	213	1
32	213	2
34	213	1
35	213	1
39	213	1
40	213	1
45	213	1
48	213	3
51	213	1
53	213	1
56	213	1
59	213	3
60	213	3
61	213	1
62	213	1
64	213	1
137	213	1
143	213	1
145	213	2
146	213	1
147	213	1
149	213	2
151	213	1
155	213	1
156	213	1
157	213	1
159	213	2
160	213	2
161	213	2
162	213	1
163	213	1
164	213	1
165	213	2
166	213	2
167	213	4
168	213	3
169	213	1
170	213	1
171	213	2
172	213	4
173	213	1
174	213	1
175	213	1
178	213	1
179	213	2
182	213	2
183	213	1
187	213	1
189	213	3
190	213	1
191	213	2
197	213	1
198	213	1
199	213	1
202	213	1
203	213	2
205	213	1
206	213	2
207	213	1
208	213	1
209	213	12
210	213	12
211	213	9
212	213	20
1	214	1
5	214	1
7	214	2
9	214	1
10	214	1
16	214	2
17	214	1
22	214	1
24	214	2
25	214	2
29	214	1
37	214	1
39	214	1
43	214	1
44	214	2
47	214	1
53	214	1
54	214	1
56	214	1
59	214	1
60	214	1
62	214	2
64	214	1
69	214	1
76	214	1
144	214	2
145	214	1
147	214	1
149	214	2
150	214	1
151	214	3
152	214	1
154	214	1
155	214	1
156	214	2
157	214	1
158	214	1
159	214	2
160	214	1
161	214	3
162	214	2
163	214	2
165	214	1
166	214	5
167	214	3
169	214	1
170	214	2
171	214	4
172	214	4
173	214	1
174	214	1
175	214	2
176	214	1
177	214	2
179	214	1
180	214	2
182	214	2
183	214	1
184	214	1
186	214	1
187	214	2
188	214	1
189	214	1
191	214	1
193	214	1
196	214	1
197	214	1
198	214	1
199	214	1
200	214	1
202	214	1
203	214	1
204	214	2
205	214	1
207	214	3
208	214	4
209	214	14
210	214	5
211	214	9
212	214	14
213	214	39
2	215	1
3	215	1
6	215	1
13	215	1
15	215	1
19	215	1
20	215	1
21	215	2
26	215	1
28	215	1
29	215	1
30	215	1
38	215	1
39	215	1
41	215	2
43	215	1
44	215	1
46	215	1
47	215	1
51	215	2
53	215	1
56	215	1
60	215	1
64	215	1
66	215	1
67	215	1
75	215	1
77	215	1
143	215	1
145	215	3
146	215	1
147	215	1
148	215	2
149	215	1
150	215	3
151	215	3
152	215	2
153	215	4
154	215	1
155	215	4
156	215	3
157	215	1
158	215	2
160	215	1
161	215	1
162	215	2
163	215	1
165	215	2
166	215	1
168	215	2
169	215	2
170	215	1
171	215	3
173	215	1
174	215	1
175	215	1
176	215	1
178	215	1
179	215	2
180	215	3
183	215	2
186	215	1
189	215	2
191	215	1
195	215	1
197	215	1
201	215	1
203	215	1
204	215	1
205	215	2
206	215	3
207	215	8
208	215	5
209	215	19
210	215	18
211	215	10
212	215	16
213	215	19
214	215	35
4	216	1
5	216	2
6	216	1
12	216	2
21	216	1
23	216	1
24	216	1
27	216	1
29	216	1
30	216	2
33	216	1
34	216	1
37	216	1
46	216	2
49	216	1
55	216	1
57	216	1
59	216	1
65	216	1
77	216	1
88	216	1
143	216	3
144	216	2
145	216	2
146	216	1
147	216	2
150	216	1
153	216	1
154	216	1
155	216	3
156	216	2
157	216	1
158	216	2
161	216	2
162	216	1
163	216	2
164	216	1
166	216	1
167	216	1
169	216	1
172	216	2
173	216	1
174	216	3
177	216	3
178	216	4
181	216	2
183	216	2
184	216	1
186	216	2
188	216	6
189	216	3
190	216	1
191	216	1
192	216	1
193	216	1
196	216	2
201	216	1
202	216	1
204	216	2
205	216	2
206	216	2
207	216	7
209	216	10
210	216	10
211	216	2
212	216	2
213	216	11
214	216	8
215	216	19
3	217	1
8	217	1
10	217	2
15	217	1
21	217	1
22	217	1
24	217	1
25	217	2
28	217	1
30	217	1
36	217	1
38	217	1
40	217	2
41	217	2
42	217	2
43	217	1
44	217	1
45	217	1
47	217	1
48	217	1
49	217	2
50	217	1
56	217	1
62	217	1
66	217	1
67	217	1
72	217	1
74	217	1
134	217	1
143	217	3
147	217	1
148	217	1
149	217	2
150	217	1
151	217	2
152	217	1
153	217	4
154	217	2
155	217	3
156	217	1
157	217	2
160	217	1
162	217	1
163	217	1
165	217	1
166	217	2
167	217	1
168	217	1
170	217	1
171	217	3
172	217	2
173	217	3
174	217	4
175	217	3
176	217	2
179	217	2
180	217	1
181	217	2
184	217	2
185	217	1
187	217	3
188	217	1
190	217	1
191	217	1
192	217	1
194	217	1
195	217	2
197	217	2
198	217	2
201	217	1
202	217	2
203	217	1
205	217	2
206	217	2
207	217	4
208	217	2
209	217	5
210	217	4
211	217	2
212	217	3
213	217	7
214	217	5
215	217	9
216	217	58
1	218	1
2	218	1
3	218	1
6	218	2
7	218	1
15	218	1
17	218	1
21	218	1
29	218	1
31	218	1
37	218	1
44	218	1
46	218	2
48	218	1
49	218	1
53	218	2
58	218	1
62	218	1
65	218	1
147	218	2
148	218	3
149	218	2
150	218	1
153	218	3
155	218	1
156	218	3
157	218	1
158	218	1
161	218	1
162	218	2
163	218	2
164	218	1
166	218	3
167	218	1
168	218	1
169	218	1
170	218	4
171	218	1
172	218	2
174	218	1
175	218	1
176	218	1
177	218	1
178	218	1
179	218	1
183	218	2
186	218	3
189	218	3
194	218	3
196	218	1
197	218	1
198	218	2
203	218	1
204	218	1
205	218	1
207	218	3
208	218	6
209	218	5
210	218	7
211	218	3
212	218	5
214	218	10
215	218	4
216	218	10
217	218	13
1	219	1
2	219	1
3	219	1
19	219	1
23	219	1
29	219	1
32	219	1
36	219	1
47	219	2
49	219	1
51	219	1
52	219	1
55	219	1
58	219	1
63	219	1
75	219	1
147	219	1
148	219	3
149	219	1
150	219	2
151	219	1
152	219	1
153	219	1
154	219	1
156	219	1
158	219	2
159	219	2
160	219	2
162	219	3
163	219	1
164	219	2
165	219	1
166	219	1
167	219	1
168	219	4
169	219	2
173	219	1
174	219	2
176	219	1
177	219	1
179	219	1
180	219	1
185	219	3
186	219	2
189	219	1
190	219	2
192	219	1
193	219	1
196	219	3
199	219	1
200	219	1
201	219	1
204	219	2
206	219	1
207	219	5
208	219	3
209	219	3
210	219	2
211	219	4
212	219	4
213	219	6
214	219	5
215	219	7
216	219	1
217	219	9
218	219	23
1	220	1
3	220	1
6	220	1
7	220	1
9	220	3
11	220	2
19	220	1
21	220	1
22	220	1
23	220	1
27	220	1
33	220	2
40	220	1
42	220	1
45	220	1
48	220	1
54	220	1
62	220	2
64	220	1
66	220	1
69	220	1
70	220	1
76	220	1
77	220	1
143	220	2
145	220	4
146	220	1
147	220	2
148	220	1
149	220	1
150	220	2
151	220	1
152	220	1
153	220	4
154	220	1
155	220	2
156	220	3
157	220	2
159	220	1
160	220	1
163	220	4
164	220	1
165	220	2
166	220	4
167	220	1
168	220	1
169	220	1
171	220	1
172	220	1
173	220	1
174	220	3
175	220	1
177	220	1
178	220	1
179	220	2
183	220	2
185	220	5
187	220	3
188	220	1
189	220	1
192	220	1
193	220	1
194	220	2
198	220	2
199	220	2
200	220	2
202	220	1
203	220	4
204	220	2
205	220	1
206	220	5
207	220	6
208	220	2
209	220	5
210	220	2
211	220	1
212	220	4
213	220	4
214	220	4
215	220	1
216	220	11
217	220	11
218	220	23
219	220	67
5	221	1
6	221	1
7	221	1
8	221	1
14	221	3
20	221	1
24	221	1
27	221	1
50	221	1
52	221	2
53	221	1
59	221	1
61	221	1
62	221	1
65	221	1
74	221	1
145	221	1
146	221	2
148	221	1
151	221	1
152	221	1
154	221	1
155	221	4
156	221	3
157	221	1
158	221	2
161	221	2
162	221	2
169	221	1
170	221	1
171	221	2
173	221	1
174	221	1
175	221	2
176	221	1
177	221	1
180	221	2
182	221	1
183	221	1
185	221	1
186	221	1
188	221	1
193	221	1
194	221	1
196	221	1
199	221	1
200	221	1
202	221	2
203	221	1
206	221	2
207	221	2
209	221	2
210	221	3
211	221	2
212	221	3
214	221	2
215	221	5
216	221	9
217	221	8
218	221	12
219	221	10
220	221	28
4	222	1
6	222	1
8	222	1
12	222	1
13	222	3
15	222	2
16	222	2
18	222	1
19	222	1
21	222	2
23	222	2
25	222	1
26	222	1
29	222	1
30	222	1
39	222	1
42	222	1
45	222	3
46	222	3
48	222	1
50	222	4
51	222	1
54	222	1
56	222	1
58	222	2
59	222	1
60	222	1
61	222	1
62	222	1
63	222	1
66	222	1
71	222	2
76	222	2
145	222	1
146	222	3
147	222	2
148	222	4
151	222	2
152	222	1
154	222	1
155	222	1
157	222	1
159	222	1
161	222	1
162	222	2
163	222	1
165	222	1
166	222	2
167	222	1
169	222	2
170	222	2
171	222	3
174	222	1
175	222	2
177	222	1
179	222	5
181	222	1
182	222	1
183	222	3
184	222	1
186	222	1
187	222	3
189	222	2
193	222	1
195	222	1
198	222	3
199	222	1
201	222	1
202	222	1
203	222	1
204	222	1
205	222	1
208	222	2
209	222	1
210	222	1
212	222	3
213	222	7
214	222	2
215	222	5
216	222	2
217	222	2
218	222	11
219	222	7
220	222	8
221	222	27
1	223	1
17	223	1
18	223	1
28	223	1
30	223	1
36	223	2
37	223	1
44	223	2
47	223	2
48	223	2
50	223	3
51	223	1
52	223	1
53	223	2
54	223	1
57	223	1
61	223	1
63	223	3
64	223	1
71	223	3
76	223	1
143	223	1
145	223	1
146	223	1
150	223	1
151	223	1
152	223	2
153	223	2
154	223	1
156	223	2
158	223	1
161	223	2
162	223	3
163	223	3
164	223	3
165	223	1
167	223	1
169	223	1
170	223	2
171	223	2
173	223	1
174	223	1
175	223	1
176	223	1
177	223	2
178	223	1
180	223	4
181	223	3
183	223	1
184	223	2
188	223	1
189	223	2
190	223	1
191	223	1
193	223	1
194	223	1
196	223	1
199	223	2
200	223	1
201	223	2
202	223	2
203	223	2
204	223	2
205	223	3
206	223	1
207	223	1
208	223	5
209	223	3
210	223	2
211	223	5
212	223	7
213	223	1
214	223	2
215	223	1
216	223	4
217	223	4
218	223	6
219	223	15
220	223	14
221	223	12
222	223	31
3	224	1
4	224	1
6	224	1
7	224	1
9	224	1
10	224	1
14	224	1
17	224	2
19	224	1
20	224	1
25	224	1
27	224	1
28	224	1
30	224	1
33	224	1
41	224	1
43	224	1
53	224	2
55	224	1
64	224	1
67	224	1
70	224	1
72	224	1
73	224	1
74	224	1
76	224	1
77	224	1
137	224	1
143	224	2
144	224	2
145	224	2
146	224	1
147	224	1
148	224	2
149	224	1
150	224	1
151	224	2
153	224	2
154	224	1
155	224	2
156	224	2
157	224	1
158	224	3
159	224	1
160	224	2
162	224	3
163	224	1
165	224	4
166	224	1
167	224	1
170	224	1
171	224	1
173	224	1
174	224	2
175	224	2
178	224	2
183	224	2
187	224	1
188	224	1
189	224	5
190	224	1
193	224	2
194	224	1
195	224	2
196	224	1
197	224	2
198	224	2
201	224	2
203	224	1
204	224	2
205	224	1
206	224	2
207	224	3
208	224	2
209	224	5
211	224	2
212	224	2
213	224	2
214	224	3
215	224	1
216	224	1
217	224	7
218	224	5
219	224	6
220	224	9
221	224	9
222	224	9
223	224	23
2	225	2
6	225	1
9	225	1
10	225	1
12	225	1
17	225	1
23	225	1
26	225	1
28	225	1
30	225	1
31	225	1
39	225	1
40	225	1
42	225	3
52	225	1
53	225	1
55	225	1
56	225	1
57	225	1
59	225	1
67	225	1
71	225	1
73	225	1
77	225	1
88	225	1
143	225	1
144	225	1
146	225	2
147	225	1
150	225	1
152	225	1
153	225	2
154	225	1
155	225	2
157	225	2
158	225	1
159	225	2
160	225	1
161	225	2
166	225	2
167	225	1
168	225	3
171	225	1
173	225	5
174	225	1
176	225	3
178	225	1
180	225	1
181	225	4
182	225	2
183	225	3
184	225	2
185	225	1
187	225	2
188	225	1
189	225	2
191	225	2
194	225	2
195	225	1
196	225	2
197	225	1
199	225	3
202	225	1
203	225	2
204	225	1
206	225	5
207	225	2
209	225	1
210	225	2
211	225	1
212	225	5
213	225	3
215	225	2
216	225	4
217	225	8
218	225	4
219	225	2
220	225	8
221	225	5
222	225	8
223	225	11
224	225	38
6	226	2
7	226	1
8	226	1
11	226	1
17	226	1
18	226	1
20	226	1
24	226	1
25	226	1
29	226	1
40	226	2
42	226	1
49	226	1
54	226	1
55	226	2
56	226	1
57	226	3
63	226	1
66	226	1
67	226	2
71	226	2
72	226	1
76	226	1
78	226	1
147	226	1
149	226	1
150	226	2
151	226	2
156	226	1
157	226	2
162	226	1
163	226	2
165	226	2
169	226	1
170	226	2
172	226	1
173	226	1
174	226	1
175	226	2
176	226	2
177	226	1
178	226	2
179	226	1
180	226	1
181	226	1
182	226	1
185	226	1
187	226	2
188	226	3
189	226	1
190	226	1
191	226	1
192	226	1
196	226	3
199	226	1
200	226	1
201	226	1
202	226	1
203	226	2
204	226	2
206	226	5
208	226	3
209	226	2
210	226	3
211	226	1
212	226	1
214	226	1
216	226	1
217	226	5
218	226	2
219	226	4
220	226	7
221	226	3
222	226	5
223	226	5
224	226	11
225	226	25
12	227	1
17	227	1
18	227	1
20	227	1
22	227	1
27	227	1
29	227	2
33	227	1
35	227	2
55	227	1
59	227	2
62	227	1
63	227	1
64	227	1
74	227	1
76	227	1
144	227	3
145	227	1
150	227	1
151	227	1
155	227	1
156	227	1
166	227	3
167	227	1
168	227	1
171	227	1
172	227	1
176	227	2
179	227	1
180	227	1
181	227	2
182	227	2
183	227	1
184	227	1
185	227	2
188	227	2
191	227	1
193	227	4
194	227	2
195	227	2
196	227	1
197	227	1
203	227	3
205	227	1
206	227	1
207	227	1
209	227	1
210	227	1
211	227	1
212	227	1
213	227	1
214	227	2
215	227	1
216	227	2
217	227	5
218	227	2
219	227	3
220	227	6
221	227	2
222	227	6
223	227	7
224	227	11
225	227	14
226	227	34
1	228	2
8	228	1
10	228	1
12	228	2
13	228	1
14	228	1
15	228	1
25	228	1
26	228	1
27	228	1
28	228	2
31	228	1
38	228	1
39	228	1
44	228	1
46	228	1
51	228	1
60	228	2
63	228	1
71	228	1
72	228	1
73	228	1
74	228	1
75	228	1
137	228	1
143	228	3
144	228	1
147	228	1
149	228	1
151	228	2
152	228	1
154	228	1
156	228	1
157	228	1
158	228	1
166	228	1
171	228	1
174	228	1
175	228	1
176	228	2
178	228	1
180	228	2
181	228	1
184	228	1
185	228	2
187	228	5
188	228	1
190	228	1
191	228	2
193	228	1
194	228	3
195	228	1
196	228	4
197	228	2
199	228	2
200	228	1
201	228	1
202	228	2
203	228	1
204	228	3
206	228	2
209	228	5
211	228	1
213	228	1
215	228	1
217	228	3
218	228	1
220	228	3
222	228	1
223	228	1
224	228	5
225	228	7
226	228	21
227	228	49
5	229	1
7	229	1
12	229	1
15	229	1
18	229	1
21	229	1
22	229	1
23	229	1
30	229	1
31	229	1
34	229	1
39	229	1
41	229	1
46	229	1
54	229	1
55	229	1
66	229	1
70	229	1
77	229	4
143	229	1
144	229	1
145	229	1
146	229	2
148	229	3
149	229	2
154	229	1
155	229	1
157	229	1
159	229	1
161	229	1
175	229	2
177	229	1
178	229	1
180	229	2
182	229	1
183	229	1
186	229	1
187	229	2
188	229	1
189	229	1
190	229	1
191	229	1
192	229	1
193	229	2
197	229	3
198	229	1
199	229	1
201	229	1
202	229	1
203	229	1
204	229	2
205	229	1
206	229	4
208	229	1
209	229	1
210	229	1
212	229	1
213	229	1
215	229	1
216	229	3
217	229	4
218	229	1
219	229	2
220	229	1
221	229	1
222	229	3
223	229	3
224	229	8
225	229	6
226	229	17
227	229	22
228	229	40
1	230	1
5	230	3
6	230	1
8	230	1
11	230	2
12	230	1
15	230	2
17	230	1
18	230	1
19	230	1
29	230	1
31	230	1
42	230	2
50	230	1
55	230	1
56	230	1
63	230	1
64	230	1
68	230	1
71	230	1
73	230	1
74	230	1
75	230	4
143	230	1
145	230	2
146	230	1
149	230	2
151	230	2
153	230	2
154	230	2
156	230	1
157	230	1
161	230	1
163	230	1
166	230	1
168	230	1
172	230	1
173	230	2
174	230	1
177	230	2
178	230	1
180	230	2
181	230	1
182	230	2
185	230	3
187	230	2
188	230	1
189	230	3
190	230	1
193	230	1
194	230	1
195	230	1
196	230	1
197	230	1
198	230	1
199	230	4
201	230	1
203	230	2
204	230	1
205	230	1
206	230	4
208	230	1
209	230	1
212	230	1
213	230	3
214	230	1
215	230	1
216	230	1
217	230	6
218	230	2
219	230	1
220	230	4
221	230	1
222	230	2
223	230	2
224	230	4
225	230	3
226	230	6
227	230	14
228	230	10
229	230	33
3	231	1
8	231	1
10	231	1
11	231	1
12	231	1
19	231	1
26	231	1
29	231	1
33	231	2
35	231	1
39	231	1
43	231	1
47	231	1
48	231	1
54	231	1
59	231	2
61	231	1
67	231	1
70	231	1
71	231	1
72	231	1
73	231	1
76	231	1
143	231	1
144	231	3
148	231	2
149	231	1
151	231	2
153	231	1
154	231	1
155	231	1
157	231	1
160	231	2
161	231	1
165	231	1
166	231	1
167	231	1
171	231	1
172	231	1
173	231	2
174	231	1
176	231	1
177	231	3
178	231	3
179	231	2
180	231	1
183	231	1
185	231	1
187	231	2
188	231	1
191	231	1
192	231	1
193	231	1
196	231	1
197	231	2
198	231	2
199	231	1
201	231	1
202	231	4
203	231	1
206	231	1
208	231	2
210	231	1
212	231	1
214	231	1
215	231	1
217	231	4
218	231	2
219	231	1
221	231	1
222	231	2
223	231	1
224	231	3
225	231	3
226	231	8
227	231	6
228	231	4
229	231	11
230	231	48
11	232	1
15	232	2
17	232	1
20	232	1
29	232	1
32	232	1
33	232	1
34	232	1
40	232	2
46	232	1
48	232	1
53	232	1
54	232	2
60	232	2
72	232	1
73	232	1
77	232	1
78	232	1
143	232	2
144	232	1
146	232	1
148	232	1
151	232	1
152	232	2
155	232	1
156	232	2
159	232	2
161	232	1
162	232	2
163	232	3
164	232	1
165	232	1
168	232	1
170	232	1
171	232	2
172	232	2
173	232	1
174	232	2
175	232	1
176	232	2
178	232	2
179	232	1
180	232	2
181	232	1
183	232	1
187	232	2
188	232	2
189	232	1
192	232	2
195	232	1
196	232	1
197	232	1
198	232	1
200	232	1
204	232	2
205	232	1
206	232	2
208	232	1
209	232	5
211	232	3
212	232	1
214	232	4
215	232	1
216	232	3
217	232	1
218	232	2
220	232	2
221	232	3
223	232	4
224	232	2
225	232	6
226	232	6
227	232	3
228	232	6
229	232	10
230	232	15
231	232	29
5	233	1
15	233	1
17	233	2
19	233	1
20	233	1
22	233	1
35	233	1
38	233	1
40	233	1
43	233	1
46	233	2
55	233	1
57	233	1
58	233	1
62	233	1
63	233	1
66	233	1
67	233	1
70	233	1
74	233	1
78	233	1
85	233	1
143	233	2
148	233	3
149	233	1
151	233	1
152	233	1
153	233	1
156	233	1
158	233	2
161	233	1
162	233	1
163	233	1
165	233	1
166	233	1
167	233	2
168	233	1
170	233	1
171	233	1
172	233	1
174	233	2
175	233	1
176	233	2
178	233	2
179	233	1
185	233	2
186	233	2
187	233	2
188	233	3
189	233	2
193	233	2
195	233	3
196	233	2
197	233	2
198	233	1
199	233	1
200	233	1
201	233	1
202	233	2
204	233	1
205	233	2
206	233	1
209	233	3
210	233	2
212	233	1
213	233	2
214	233	1
215	233	8
216	233	2
217	233	3
218	233	1
219	233	2
220	233	2
221	233	1
223	233	2
224	233	1
225	233	9
226	233	3
227	233	4
228	233	6
229	233	7
230	233	6
231	233	13
232	233	34
6	234	2
12	234	1
22	234	1
27	234	2
34	234	1
49	234	2
52	234	1
63	234	1
64	234	2
66	234	1
74	234	2
143	234	2
145	234	1
150	234	1
152	234	1
154	234	1
155	234	1
156	234	1
157	234	2
158	234	2
159	234	1
160	234	1
162	234	2
165	234	3
167	234	2
168	234	1
170	234	2
172	234	2
173	234	2
176	234	4
178	234	1
179	234	2
180	234	1
182	234	2
183	234	1
184	234	1
185	234	1
186	234	1
193	234	2
202	234	1
203	234	2
207	234	3
208	234	1
209	234	2
210	234	1
211	234	1
212	234	4
215	234	2
216	234	3
217	234	1
219	234	1
220	234	1
221	234	1
223	234	1
224	234	5
225	234	3
226	234	2
227	234	4
228	234	1
229	234	2
230	234	2
231	234	1
232	234	2
233	234	13
4	235	1
5	235	1
9	235	1
12	235	1
16	235	1
26	235	1
28	235	1
33	235	1
36	235	1
37	235	1
41	235	1
65	235	1
67	235	1
68	235	1
71	235	1
73	235	1
75	235	1
76	235	1
143	235	3
144	235	1
147	235	1
148	235	1
149	235	1
151	235	1
155	235	1
157	235	1
158	235	2
159	235	1
160	235	2
162	235	2
165	235	1
166	235	1
169	235	1
173	235	2
175	235	2
176	235	1
178	235	1
180	235	1
181	235	1
186	235	1
190	235	1
193	235	1
196	235	3
201	235	2
202	235	2
203	235	2
205	235	1
206	235	2
207	235	1
209	235	1
210	235	2
212	235	1
214	235	1
215	235	1
217	235	3
219	235	2
220	235	2
221	235	5
222	235	2
223	235	2
224	235	1
225	235	1
226	235	3
227	235	2
228	235	1
230	235	1
231	235	3
232	235	4
233	235	8
234	235	14
5	236	1
7	236	1
9	236	1
12	236	1
18	236	1
30	236	1
32	236	1
34	236	1
35	236	1
37	236	1
44	236	1
47	236	1
48	236	1
54	236	1
55	236	1
57	236	2
64	236	1
69	236	1
72	236	1
74	236	1
75	236	2
77	236	1
137	236	1
144	236	2
147	236	1
148	236	1
149	236	2
150	236	1
152	236	1
155	236	1
156	236	1
157	236	1
158	236	1
159	236	1
160	236	1
162	236	1
163	236	2
164	236	2
165	236	2
167	236	1
170	236	1
171	236	2
172	236	1
173	236	1
174	236	3
175	236	1
177	236	1
178	236	1
179	236	1
181	236	1
184	236	2
185	236	1
186	236	1
188	236	3
194	236	1
196	236	1
198	236	1
199	236	2
200	236	2
201	236	1
203	236	1
204	236	2
205	236	1
207	236	1
208	236	2
209	236	1
211	236	1
212	236	2
213	236	2
214	236	1
215	236	2
216	236	1
217	236	4
219	236	1
220	236	4
221	236	1
222	236	3
223	236	5
225	236	1
226	236	2
227	236	2
229	236	1
230	236	3
231	236	3
232	236	3
233	236	5
234	236	6
235	236	31
6	237	2
8	237	1
21	237	1
28	237	1
31	237	2
33	237	1
37	237	1
38	237	1
40	237	1
42	237	1
44	237	1
45	237	1
47	237	2
48	237	1
51	237	1
52	237	1
55	237	1
59	237	1
60	237	1
61	237	1
64	237	1
71	237	1
75	237	1
77	237	1
143	237	1
144	237	1
148	237	1
149	237	2
150	237	1
151	237	3
153	237	1
154	237	1
155	237	2
157	237	1
158	237	5
159	237	1
161	237	1
162	237	1
163	237	1
164	237	2
166	237	2
167	237	1
168	237	2
169	237	1
171	237	2
173	237	1
174	237	1
175	237	3
176	237	2
179	237	1
181	237	1
182	237	2
184	237	2
185	237	2
186	237	1
194	237	2
195	237	1
198	237	1
199	237	2
202	237	1
203	237	1
205	237	2
208	237	2
209	237	3
210	237	1
211	237	1
212	237	5
213	237	3
214	237	2
215	237	1
216	237	2
217	237	2
218	237	5
219	237	2
220	237	3
221	237	3
222	237	4
223	237	2
225	237	1
226	237	3
228	237	1
229	237	1
230	237	4
231	237	5
232	237	2
233	237	5
234	237	5
235	237	5
236	237	39
2	238	1
4	238	1
8	238	2
19	238	1
20	238	1
22	238	1
23	238	1
26	238	1
28	238	1
31	238	1
36	238	1
39	238	1
45	238	1
46	238	1
49	238	1
51	238	1
53	238	1
54	238	1
58	238	1
59	238	1
60	238	1
63	238	1
65	238	1
68	238	1
146	238	1
148	238	1
150	238	3
151	238	1
154	238	1
155	238	1
160	238	3
163	238	1
164	238	2
165	238	1
166	238	1
167	238	1
168	238	3
169	238	1
170	238	3
171	238	1
172	238	2
173	238	2
174	238	2
175	238	3
176	238	2
178	238	1
180	238	1
181	238	1
182	238	1
183	238	1
184	238	1
186	238	1
189	238	1
190	238	1
193	238	1
197	238	1
198	238	1
199	238	1
201	238	3
202	238	1
204	238	1
208	238	3
209	238	4
211	238	1
212	238	4
213	238	2
214	238	4
217	238	4
218	238	1
219	238	4
220	238	3
222	238	5
223	238	3
224	238	5
225	238	1
226	238	2
227	238	2
228	238	3
229	238	2
230	238	1
231	238	1
232	238	4
233	238	1
234	238	6
235	238	7
236	238	7
237	238	23
5	239	1
7	239	1
13	239	1
16	239	1
19	239	2
28	239	1
38	239	1
43	239	1
45	239	1
49	239	1
50	239	1
53	239	1
57	239	1
59	239	1
60	239	1
61	239	1
63	239	1
66	239	1
72	239	1
73	239	1
75	239	1
144	239	3
146	239	1
149	239	1
150	239	2
158	239	2
162	239	3
164	239	1
166	239	1
169	239	2
170	239	1
171	239	2
172	239	1
173	239	2
174	239	2
176	239	2
179	239	1
180	239	1
184	239	2
186	239	1
189	239	2
190	239	3
192	239	1
196	239	1
199	239	3
201	239	4
202	239	2
204	239	1
205	239	2
207	239	3
208	239	4
209	239	1
210	239	1
211	239	3
212	239	3
213	239	4
214	239	3
216	239	2
217	239	2
218	239	2
219	239	2
220	239	3
221	239	1
222	239	2
223	239	1
225	239	2
226	239	1
227	239	1
228	239	2
230	239	4
231	239	1
232	239	2
233	239	1
234	239	2
235	239	7
236	239	16
237	239	20
238	239	31
2	240	1
5	240	3
6	240	2
7	240	3
11	240	1
14	240	1
15	240	2
19	240	1
24	240	1
29	240	1
31	240	1
33	240	1
34	240	1
37	240	2
38	240	1
45	240	1
46	240	1
48	240	1
54	240	1
56	240	2
62	240	1
68	240	1
69	240	1
70	240	1
71	240	1
73	240	1
74	240	1
143	240	1
144	240	1
149	240	2
150	240	1
153	240	1
154	240	1
155	240	2
158	240	3
159	240	1
162	240	1
163	240	2
165	240	1
168	240	1
169	240	1
171	240	3
172	240	2
174	240	2
175	240	1
176	240	2
179	240	3
182	240	2
183	240	1
184	240	1
185	240	1
186	240	1
188	240	1
189	240	1
190	240	2
191	240	1
193	240	1
196	240	3
198	240	1
199	240	1
201	240	1
203	240	1
204	240	1
206	240	2
207	240	1
208	240	1
209	240	2
211	240	5
212	240	2
213	240	1
214	240	4
215	240	1
217	240	2
218	240	1
219	240	3
220	240	1
221	240	3
222	240	2
223	240	4
224	240	1
225	240	4
228	240	1
231	240	3
232	240	3
233	240	3
234	240	4
235	240	6
236	240	2
237	240	10
238	240	7
239	240	18
4	241	1
5	241	3
7	241	1
9	241	1
15	241	1
17	241	1
18	241	1
19	241	1
20	241	1
26	241	1
27	241	1
29	241	2
30	241	1
32	241	1
36	241	1
37	241	2
41	241	1
45	241	1
48	241	1
53	241	1
59	241	1
61	241	1
64	241	1
74	241	1
143	241	1
144	241	1
145	241	2
146	241	2
148	241	1
152	241	1
159	241	2
161	241	1
163	241	1
164	241	4
165	241	1
166	241	2
167	241	1
168	241	1
169	241	3
171	241	1
173	241	1
174	241	2
176	241	1
180	241	1
182	241	3
183	241	1
184	241	1
187	241	1
192	241	1
196	241	3
197	241	1
198	241	1
199	241	1
202	241	1
203	241	1
204	241	2
205	241	1
206	241	1
208	241	1
209	241	2
210	241	1
211	241	1
212	241	4
213	241	2
214	241	2
215	241	4
216	241	1
217	241	2
218	241	3
219	241	1
220	241	2
221	241	2
222	241	5
223	241	2
224	241	2
225	241	2
226	241	2
227	241	4
228	241	2
229	241	1
230	241	4
231	241	1
232	241	3
233	241	5
234	241	3
235	241	5
236	241	5
237	241	12
238	241	11
239	241	18
240	241	33
2	242	1
6	242	1
7	242	1
8	242	1
9	242	1
10	242	1
13	242	1
16	242	2
17	242	1
26	242	1
28	242	1
29	242	3
30	242	1
34	242	1
35	242	1
38	242	1
46	242	1
49	242	1
54	242	1
56	242	1
59	242	2
61	242	2
64	242	1
73	242	1
78	242	1
87	242	1
88	242	1
133	242	1
143	242	1
144	242	1
145	242	2
146	242	1
148	242	1
149	242	1
151	242	1
152	242	3
153	242	1
154	242	2
155	242	1
156	242	3
158	242	1
159	242	2
160	242	1
161	242	3
163	242	1
165	242	3
167	242	3
168	242	1
169	242	2
171	242	2
173	242	1
174	242	2
175	242	1
176	242	2
177	242	2
178	242	2
179	242	2
180	242	1
182	242	2
183	242	1
184	242	1
186	242	2
187	242	2
188	242	1
189	242	2
190	242	1
193	242	1
194	242	1
196	242	1
197	242	3
199	242	2
200	242	1
201	242	2
202	242	1
203	242	1
205	242	3
206	242	1
208	242	2
209	242	4
210	242	3
211	242	2
212	242	2
214	242	7
215	242	4
217	242	1
218	242	3
219	242	2
220	242	1
221	242	2
222	242	4
223	242	1
225	242	2
226	242	2
227	242	1
229	242	2
230	242	2
231	242	1
232	242	2
234	242	1
235	242	2
236	242	1
237	242	8
238	242	7
239	242	14
240	242	15
241	242	38
6	243	1
8	243	1
12	243	1
13	243	1
18	243	1
21	243	1
28	243	1
29	243	1
32	243	1
34	243	2
36	243	1
42	243	1
52	243	1
53	243	1
55	243	1
58	243	2
64	243	1
75	243	1
76	243	1
137	243	1
147	243	2
148	243	1
149	243	2
150	243	1
151	243	1
152	243	1
153	243	1
154	243	2
155	243	1
156	243	3
159	243	2
160	243	2
162	243	1
164	243	1
165	243	2
166	243	1
170	243	2
171	243	4
172	243	1
174	243	3
175	243	1
176	243	1
182	243	1
183	243	1
185	243	1
186	243	1
187	243	1
189	243	1
194	243	1
196	243	1
197	243	2
198	243	2
202	243	2
204	243	2
206	243	1
207	243	4
208	243	1
211	243	1
212	243	4
213	243	2
214	243	3
216	243	1
220	243	2
221	243	2
223	243	2
224	243	1
225	243	1
227	243	1
230	243	3
231	243	1
232	243	3
233	243	2
235	243	3
236	243	2
237	243	10
238	243	6
239	243	4
240	243	10
241	243	20
242	243	42
1	244	1
6	244	1
7	244	1
11	244	1
17	244	1
21	244	1
24	244	1
25	244	4
26	244	1
28	244	2
33	244	1
34	244	1
38	244	1
40	244	1
44	244	1
47	244	1
49	244	1
53	244	1
56	244	1
57	244	1
59	244	2
66	244	2
71	244	1
73	244	1
75	244	1
145	244	1
146	244	1
148	244	1
149	244	1
151	244	1
152	244	1
153	244	1
154	244	2
156	244	2
157	244	1
158	244	2
159	244	1
160	244	2
162	244	1
166	244	1
167	244	2
169	244	2
170	244	1
173	244	2
174	244	2
178	244	2
180	244	4
181	244	2
183	244	1
187	244	1
188	244	2
189	244	4
190	244	1
191	244	1
194	244	1
197	244	1
202	244	2
203	244	1
207	244	2
208	244	1
209	244	2
211	244	2
212	244	3
213	244	2
214	244	1
215	244	4
216	244	1
217	244	2
218	244	4
219	244	2
220	244	4
221	244	3
222	244	3
223	244	1
224	244	2
225	244	1
226	244	2
227	244	3
228	244	2
229	244	1
230	244	1
231	244	1
232	244	1
233	244	1
234	244	7
235	244	1
236	244	3
237	244	1
238	244	4
239	244	3
240	244	10
241	244	13
242	244	19
243	244	46
2	245	2
4	245	1
5	245	1
6	245	1
12	245	1
18	245	1
22	245	1
23	245	1
24	245	1
25	245	1
27	245	1
29	245	2
32	245	1
34	245	1
40	245	1
41	245	1
43	245	1
44	245	1
45	245	1
52	245	1
54	245	2
56	245	1
57	245	1
60	245	1
61	245	1
64	245	2
148	245	2
149	245	1
151	245	1
152	245	1
155	245	2
156	245	1
157	245	1
158	245	2
160	245	1
162	245	2
163	245	3
164	245	1
166	245	2
167	245	3
170	245	2
171	245	2
173	245	1
174	245	2
175	245	1
179	245	3
180	245	4
181	245	1
182	245	1
183	245	2
187	245	1
189	245	1
191	245	1
194	245	1
195	245	1
199	245	1
201	245	1
203	245	1
204	245	2
206	245	3
207	245	3
208	245	2
209	245	2
210	245	2
211	245	4
212	245	2
214	245	3
215	245	2
216	245	2
217	245	2
218	245	4
219	245	2
220	245	2
222	245	2
223	245	2
224	245	1
226	245	1
227	245	1
228	245	1
229	245	1
231	245	5
232	245	3
233	245	2
234	245	2
235	245	4
236	245	7
237	245	6
238	245	8
239	245	7
240	245	9
241	245	17
242	245	19
243	245	13
244	245	34
4	246	1
6	246	2
9	246	1
21	246	1
23	246	1
24	246	1
28	246	1
30	246	1
32	246	1
36	246	1
38	246	1
46	246	1
61	246	1
67	246	2
77	246	1
145	246	1
146	246	1
147	246	4
148	246	1
149	246	2
150	246	1
151	246	2
153	246	1
154	246	1
158	246	3
160	246	1
163	246	1
164	246	1
166	246	4
168	246	2
169	246	2
170	246	1
172	246	1
173	246	1
174	246	1
175	246	1
177	246	1
178	246	1
179	246	3
180	246	2
183	246	1
184	246	2
187	246	1
188	246	1
189	246	2
191	246	2
198	246	1
203	246	1
204	246	4
205	246	1
207	246	2
208	246	2
209	246	4
212	246	1
214	246	2
215	246	2
217	246	1
219	246	1
220	246	4
221	246	1
222	246	2
223	246	3
224	246	6
225	246	4
226	246	1
227	246	1
228	246	2
229	246	1
231	246	3
232	246	1
233	246	5
234	246	7
235	246	5
236	246	4
237	246	3
238	246	4
239	246	9
240	246	5
241	246	15
242	246	11
243	246	8
244	246	17
245	246	23
8	247	1
12	247	2
13	247	1
20	247	1
22	247	1
23	247	1
25	247	1
26	247	1
27	247	1
31	247	1
36	247	1
46	247	1
50	247	1
56	247	1
58	247	1
60	247	1
62	247	2
63	247	1
64	247	1
67	247	1
70	247	1
72	247	1
77	247	2
134	247	1
145	247	1
146	247	1
149	247	2
150	247	2
151	247	2
152	247	1
153	247	1
155	247	2
157	247	2
158	247	2
160	247	2
163	247	1
165	247	1
166	247	3
167	247	2
173	247	1
174	247	3
175	247	1
176	247	3
177	247	2
178	247	1
180	247	1
181	247	1
183	247	2
189	247	2
190	247	1
192	247	1
193	247	2
194	247	1
195	247	1
197	247	2
198	247	1
201	247	1
202	247	2
203	247	4
204	247	1
205	247	1
206	247	1
208	247	1
209	247	2
210	247	1
213	247	1
214	247	1
215	247	1
216	247	1
218	247	1
219	247	1
220	247	2
221	247	1
223	247	3
225	247	3
227	247	1
228	247	1
229	247	1
230	247	3
231	247	1
233	247	2
234	247	5
235	247	2
236	247	2
237	247	3
238	247	1
239	247	2
240	247	6
241	247	8
242	247	4
243	247	3
244	247	5
245	247	15
246	247	21
1	248	1
7	248	1
12	248	1
13	248	1
14	248	1
20	248	1
26	248	1
29	248	1
33	248	2
34	248	1
35	248	3
39	248	1
43	248	3
50	248	1
55	248	1
58	248	1
65	248	1
67	248	1
68	248	1
69	248	1
75	248	5
76	248	1
77	248	1
134	248	1
137	248	1
142	248	1
143	248	1
144	248	1
152	248	1
155	248	2
157	248	1
159	248	1
162	248	1
164	248	2
170	248	1
174	248	1
178	248	1
181	248	3
185	248	2
186	248	2
187	248	3
188	248	1
189	248	2
191	248	3
194	248	1
195	248	2
196	248	1
197	248	2
198	248	1
199	248	1
201	248	1
202	248	1
203	248	2
204	248	2
206	248	1
207	248	1
216	248	1
218	248	1
219	248	1
224	248	5
225	248	1
226	248	1
228	248	1
230	248	1
231	248	6
232	248	5
233	248	3
234	248	3
236	248	3
237	248	2
239	248	1
240	248	4
242	248	4
243	248	2
244	248	1
245	248	6
246	248	2
247	248	25
1	249	1
4	249	1
5	249	1
9	249	1
10	249	1
12	249	1
16	249	1
19	249	1
22	249	1
52	249	1
60	249	1
65	249	1
67	249	2
71	249	1
74	249	1
75	249	1
137	249	1
143	249	1
144	249	1
149	249	1
152	249	1
153	249	2
156	249	2
157	249	1
159	249	1
165	249	1
166	249	1
173	249	1
175	249	2
176	249	1
177	249	3
178	249	1
179	249	1
180	249	2
182	249	1
183	249	2
187	249	1
188	249	2
193	249	1
195	249	1
196	249	4
197	249	1
199	249	1
200	249	1
201	249	1
204	249	3
205	249	1
206	249	1
209	249	2
211	249	1
213	249	1
217	249	2
219	249	1
222	249	1
224	249	2
226	249	1
227	249	1
230	249	1
233	249	1
234	249	2
236	249	1
237	249	1
238	249	2
239	249	3
240	249	3
241	249	3
242	249	4
243	249	2
244	249	3
246	249	3
247	249	5
248	249	21
5	250	1
9	250	1
15	250	1
22	250	1
23	250	1
24	250	2
26	250	1
29	250	1
41	250	2
49	250	1
52	250	1
62	250	1
66	250	1
69	250	1
71	250	1
72	250	1
76	250	1
144	250	1
145	250	1
146	250	1
147	250	1
148	250	1
152	250	1
154	250	1
158	250	1
160	250	1
162	250	1
163	250	1
165	250	1
167	250	1
172	250	1
181	250	1
182	250	3
183	250	1
184	250	1
187	250	1
188	250	1
189	250	2
193	250	1
195	250	1
196	250	3
197	250	2
199	250	1
200	250	1
201	250	1
202	250	1
204	250	2
205	250	1
206	250	1
216	250	2
217	250	2
221	250	1
222	250	1
223	250	2
225	250	2
228	250	1
229	250	1
231	250	2
232	250	2
233	250	4
234	250	2
235	250	2
237	250	2
238	250	1
240	250	2
241	250	3
242	250	1
244	250	2
245	250	4
246	250	3
247	250	3
248	250	5
249	250	15
8	251	1
9	251	1
16	251	1
22	251	1
30	251	1
32	251	1
33	251	1
38	251	1
39	251	3
51	251	1
60	251	2
65	251	1
68	251	1
69	251	1
70	251	1
71	251	1
72	251	1
77	251	1
140	251	1
144	251	1
146	251	1
150	251	1
151	251	1
152	251	2
159	251	1
165	251	2
166	251	1
168	251	1
170	251	2
171	251	2
174	251	1
177	251	1
178	251	1
179	251	1
180	251	2
182	251	2
183	251	1
184	251	2
187	251	1
188	251	1
193	251	1
194	251	1
195	251	1
197	251	1
200	251	1
201	251	1
202	251	2
203	251	1
205	251	3
207	251	1
211	251	2
212	251	1
213	251	1
214	251	1
218	251	1
219	251	1
222	251	2
223	251	3
225	251	1
226	251	2
227	251	2
229	251	1
232	251	2
233	251	2
234	251	1
235	251	1
237	251	1
240	251	2
241	251	2
242	251	2
243	251	1
244	251	4
245	251	3
246	251	5
247	251	1
248	251	6
249	251	9
250	251	22
3	252	1
4	252	1
5	252	1
7	252	1
9	252	1
10	252	1
11	252	2
12	252	1
15	252	1
16	252	1
22	252	2
23	252	1
27	252	1
29	252	2
31	252	1
32	252	1
33	252	1
40	252	1
43	252	1
55	252	1
56	252	1
64	252	1
65	252	1
70	252	1
71	252	2
72	252	1
75	252	1
143	252	1
144	252	1
145	252	1
148	252	2
151	252	1
157	252	1
158	252	1
160	252	3
163	252	1
167	252	2
171	252	1
173	252	2
174	252	1
177	252	2
178	252	3
179	252	1
180	252	2
181	252	1
182	252	1
184	252	1
185	252	1
186	252	2
187	252	1
188	252	1
191	252	1
192	252	2
195	252	1
196	252	1
197	252	1
198	252	1
199	252	2
200	252	1
201	252	2
202	252	1
205	252	2
207	252	2
208	252	1
211	252	1
214	252	2
217	252	2
218	252	2
219	252	2
220	252	1
221	252	1
222	252	1
224	252	1
225	252	3
226	252	3
229	252	1
231	252	3
232	252	1
233	252	1
235	252	1
236	252	1
241	252	1
242	252	1
243	252	2
244	252	2
245	252	1
246	252	1
247	252	3
248	252	8
249	252	5
250	252	10
251	252	28
1	253	2
2	253	2
7	253	1
8	253	1
12	253	1
21	253	1
25	253	1
37	253	1
44	253	1
52	253	1
59	253	1
63	253	1
74	253	1
143	253	1
146	253	3
148	253	1
152	253	1
161	253	1
162	253	1
165	253	1
167	253	1
169	253	1
170	253	3
172	253	1
174	253	1
177	253	1
179	253	1
182	253	1
183	253	1
185	253	2
187	253	3
190	253	1
193	253	2
195	253	1
196	253	2
197	253	1
198	253	2
201	253	1
202	253	1
207	253	1
208	253	1
213	253	1
215	253	1
218	253	1
220	253	1
222	253	1
226	253	1
231	253	2
233	253	1
234	253	2
237	253	1
238	253	2
239	253	2
240	253	2
242	253	2
243	253	1
244	253	2
246	253	3
247	253	2
248	253	3
249	253	3
250	253	4
251	253	8
252	253	34
3	254	1
4	254	1
5	254	1
7	254	2
10	254	1
18	254	1
20	254	2
26	254	1
31	254	1
36	254	1
39	254	2
41	254	1
43	254	1
44	254	1
63	254	1
66	254	1
70	254	1
75	254	2
77	254	1
144	254	3
146	254	2
149	254	1
153	254	1
154	254	1
155	254	1
156	254	1
158	254	1
159	254	3
160	254	1
171	254	1
174	254	1
177	254	1
179	254	1
181	254	1
185	254	1
187	254	1
188	254	1
190	254	1
193	254	1
195	254	1
197	254	1
198	254	1
202	254	1
204	254	2
206	254	3
207	254	2
212	254	1
214	254	1
216	254	1
217	254	2
218	254	1
220	254	1
223	254	1
227	254	1
229	254	2
230	254	1
231	254	1
233	254	1
235	254	3
238	254	1
240	254	2
243	254	1
244	254	1
247	254	1
248	254	2
249	254	5
250	254	5
251	254	4
252	254	20
253	254	48
2	255	1
5	255	1
7	255	1
11	255	2
12	255	1
18	255	1
19	255	1
34	255	2
42	255	2
54	255	1
64	255	2
70	255	1
75	255	1
144	255	1
146	255	1
151	255	1
156	255	1
158	255	2
159	255	1
160	255	1
161	255	1
162	255	1
167	255	2
177	255	1
179	255	2
183	255	1
187	255	1
188	255	1
189	255	2
193	255	1
194	255	1
198	255	1
199	255	1
200	255	1
204	255	1
205	255	1
206	255	1
209	255	1
213	255	1
217	255	1
219	255	1
220	255	1
221	255	1
224	255	1
226	255	1
227	255	3
230	255	2
233	255	1
234	255	1
239	255	2
242	255	2
243	255	1
244	255	1
246	255	1
247	255	4
248	255	1
249	255	3
250	255	5
251	255	6
252	255	12
253	255	15
254	255	21
1	256	2
5	256	1
25	256	1
30	256	1
34	256	1
42	256	1
43	256	1
48	256	1
50	256	1
52	256	1
60	256	1
71	256	1
72	256	1
143	256	1
149	256	1
155	256	1
156	256	2
177	256	1
181	256	1
182	256	1
183	256	1
187	256	1
190	256	1
194	256	1
195	256	1
201	256	2
204	256	1
209	256	2
212	256	1
215	256	1
221	256	1
226	256	1
229	256	1
230	256	2
233	256	2
235	256	1
237	256	1
242	256	1
248	256	5
249	256	2
250	256	1
251	256	2
252	256	5
253	256	6
254	256	7
255	256	21
2	257	1
7	257	1
9	257	1
10	257	1
26	257	1
31	257	1
43	257	1
44	257	1
46	257	1
75	257	1
76	257	2
146	257	1
147	257	1
150	257	1
151	257	1
154	257	1
158	257	1
159	257	1
162	257	1
174	257	2
176	257	1
178	257	1
181	257	2
185	257	3
187	257	1
188	257	1
189	257	1
190	257	1
191	257	2
192	257	1
196	257	1
201	257	1
202	257	1
205	257	1
206	257	1
211	257	1
216	257	1
220	257	1
224	257	3
227	257	2
234	257	1
239	257	1
240	257	1
243	257	1
245	257	1
248	257	1
249	257	2
250	257	1
251	257	4
252	257	5
253	257	6
254	257	4
255	257	13
256	257	20
9	258	1
47	258	1
51	258	1
53	258	1
56	258	1
60	258	2
62	258	1
71	258	1
73	258	1
143	258	2
145	258	1
153	258	1
157	258	2
160	258	1
168	258	1
183	258	2
187	258	4
188	258	2
189	258	1
191	258	2
193	258	1
197	258	1
199	258	1
202	258	1
203	258	1
204	258	1
209	258	1
211	258	1
213	258	1
214	258	1
215	258	1
216	258	1
217	258	1
220	258	1
226	258	3
228	258	1
229	258	1
230	258	1
231	258	1
232	258	1
233	258	1
235	258	1
239	258	1
245	258	1
246	258	1
248	258	1
249	258	5
250	258	5
251	258	1
252	258	2
253	258	3
254	258	5
255	258	3
256	258	14
257	258	32
5	259	1
6	259	1
8	259	1
13	259	2
26	259	1
29	259	1
32	259	1
56	259	1
67	259	1
71	259	1
72	259	1
73	259	1
76	259	1
139	259	1
144	259	1
146	259	1
148	259	1
149	259	1
154	259	1
155	259	1
158	259	1
159	259	1
160	259	1
161	259	2
177	259	1
178	259	1
179	259	4
181	259	3
186	259	1
187	259	1
196	259	1
201	259	1
202	259	1
208	259	1
209	259	1
212	259	1
213	259	1
220	259	1
224	259	1
228	259	2
232	259	2
234	259	1
235	259	1
236	259	2
237	259	1
239	259	1
240	259	1
242	259	2
244	259	1
248	259	1
249	259	2
250	259	1
251	259	2
253	259	4
254	259	4
255	259	15
256	259	9
257	259	11
258	259	20
7	260	1
15	260	1
19	260	1
31	260	1
38	260	1
39	260	1
52	260	1
61	260	1
67	260	1
70	260	1
71	260	1
75	260	1
137	260	1
150	260	1
154	260	1
155	260	1
156	260	1
163	260	1
165	260	1
178	260	1
181	260	1
188	260	2
191	260	3
193	260	1
195	260	1
196	260	3
197	260	1
202	260	1
204	260	1
205	260	1
207	260	1
208	260	1
216	260	1
221	260	1
224	260	1
225	260	2
227	260	2
228	260	2
229	260	2
232	260	3
233	260	2
234	260	1
236	260	1
237	260	1
244	260	1
245	260	2
246	260	1
247	260	1
251	260	2
252	260	3
253	260	4
254	260	2
255	260	4
256	260	6
257	260	11
258	260	8
259	260	10
1	261	1
8	261	1
9	261	1
17	261	1
30	261	1
34	261	1
51	261	1
70	261	1
72	261	1
75	261	1
147	261	1
152	261	1
160	261	1
170	261	2
174	261	1
177	261	1
181	261	1
188	261	1
200	261	1
215	261	1
218	261	1
219	261	2
224	261	1
230	261	3
233	261	1
237	261	1
240	261	1
245	261	1
246	261	1
248	261	2
250	261	3
251	261	3
252	261	2
253	261	4
255	261	5
256	261	1
257	261	4
258	261	2
259	261	7
260	261	28
2	262	1
32	262	1
34	262	1
75	262	1
167	262	1
190	262	1
192	262	1
229	262	1
230	262	1
236	262	1
247	262	1
251	262	2
252	262	1
253	262	1
254	262	1
255	262	1
258	262	2
259	262	4
260	262	3
261	262	9
7	263	1
8	263	1
16	263	1
23	263	1
73	263	1
75	263	1
155	263	1
173	263	1
187	263	1
194	263	1
196	263	2
227	263	1
229	263	1
236	263	1
239	263	1
248	263	2
249	263	1
255	263	1
256	263	2
257	263	1
260	263	3
261	263	3
262	263	6
3	264	1
7	264	1
9	264	1
76	264	1
78	264	1
151	264	1
158	264	1
165	264	1
168	264	1
174	264	1
180	264	1
181	264	1
202	264	1
239	264	1
245	264	1
248	264	1
252	264	1
253	264	2
254	264	1
256	264	1
257	264	2
258	264	2
260	264	3
261	264	2
262	264	3
263	264	15
9	265	1
20	265	1
26	265	1
71	265	1
143	265	1
148	265	1
149	265	1
177	265	1
186	265	1
201	265	1
202	265	1
207	265	1
220	265	2
223	265	1
231	265	1
242	265	1
244	265	1
247	265	1
249	265	2
250	265	1
252	265	1
253	265	1
254	265	1
255	265	1
258	265	1
261	265	1
262	265	1
263	265	4
264	265	8
2	266	1
4	266	1
5	266	1
6	266	1
18	266	1
71	266	1
145	266	1
163	266	1
181	266	1
191	266	2
197	266	1
202	266	1
205	266	1
225	266	1
228	266	1
232	266	1
235	266	1
237	266	1
248	266	2
250	266	1
253	266	1
255	266	2
256	266	1
258	266	1
259	266	1
260	266	2
261	266	2
262	266	3
263	266	2
264	266	5
265	266	9
4	267	1
5	267	1
18	267	1
34	267	2
42	267	1
64	267	1
65	267	1
147	267	1
160	267	1
164	267	1
165	267	1
173	267	1
182	267	1
183	267	1
187	267	2
199	267	1
219	267	1
224	267	1
225	267	1
235	267	1
247	267	1
251	267	1
259	267	3
260	267	2
261	267	2
263	267	2
264	267	1
265	267	3
266	267	9
1	268	1
9	268	1
37	268	1
48	268	1
57	268	1
63	268	1
64	268	1
70	268	1
143	268	1
174	268	1
175	268	1
176	268	1
181	268	1
194	268	1
195	268	1
199	268	1
201	268	1
204	268	1
207	268	1
216	268	1
230	268	1
231	268	1
235	268	1
239	268	1
245	268	1
246	268	1
247	268	1
248	268	2
251	268	1
252	268	1
253	268	1
254	268	1
255	268	2
256	268	1
257	268	2
258	268	1
260	268	2
263	268	2
264	268	4
265	268	4
266	268	8
267	268	12
2	269	1
3	269	1
6	269	1
12	269	1
27	269	1
54	269	1
71	269	1
72	269	1
74	269	1
152	269	1
159	269	1
160	269	1
170	269	1
174	269	1
179	269	2
180	269	1
188	269	2
189	269	1
192	269	1
193	269	1
200	269	1
202	269	1
203	269	1
227	269	1
241	269	3
246	269	1
248	269	1
249	269	1
250	269	1
252	269	3
253	269	1
255	269	1
256	269	1
257	269	1
258	269	2
259	269	2
260	269	3
261	269	3
262	269	2
263	269	2
264	269	1
265	269	1
266	269	3
267	269	9
268	269	20
4	270	1
21	270	1
39	270	1
42	270	1
57	270	2
69	270	1
71	270	2
72	270	1
143	270	1
146	270	1
150	270	1
153	270	1
156	270	2
176	270	1
178	270	1
180	270	1
181	270	1
187	270	1
189	270	1
190	270	2
191	270	1
194	270	2
199	270	1
200	270	1
201	270	1
202	270	1
208	270	1
210	270	1
223	270	1
226	270	1
228	270	1
232	270	2
236	270	1
239	270	1
243	270	1
245	270	2
247	270	1
248	270	2
249	270	2
250	270	2
251	270	2
253	270	1
254	270	1
256	270	2
258	270	2
259	270	6
260	270	1
261	270	2
263	270	5
266	270	2
267	270	5
268	270	11
269	270	20
7	271	1
40	271	1
54	271	1
56	271	1
60	271	1
62	271	1
149	271	1
152	271	1
160	271	1
164	271	1
178	271	2
180	271	1
188	271	1
193	271	1
194	271	1
196	271	1
197	271	1
199	271	1
200	271	1
207	271	1
216	271	1
230	271	1
231	271	1
238	271	1
244	271	1
245	271	1
246	271	1
247	271	1
248	271	1
249	271	1
250	271	1
252	271	1
253	271	2
256	271	1
257	271	2
258	271	1
259	271	1
260	271	2
261	271	1
263	271	1
264	271	2
265	271	3
267	271	4
268	271	8
269	271	12
270	271	23
3	272	1
24	272	1
36	272	1
41	272	1
51	272	1
62	272	1
70	272	1
71	272	1
77	272	1
150	272	1
153	272	1
166	272	1
169	272	1
170	272	1
171	272	2
175	272	1
181	272	1
193	272	1
198	272	1
201	272	1
205	272	1
215	272	1
223	272	1
226	272	1
227	272	1
235	272	1
236	272	1
237	272	1
239	272	2
240	272	1
243	272	1
244	272	1
248	272	1
249	272	1
251	272	1
252	272	2
253	272	3
255	272	1
257	272	2
260	272	3
261	272	5
262	272	1
263	272	2
265	272	3
267	272	3
268	272	5
269	272	8
270	272	13
271	272	25
18	273	1
52	273	1
73	273	2
145	273	1
149	273	1
150	273	1
176	273	1
177	273	1
185	273	2
189	273	1
195	273	1
200	273	1
201	273	1
208	273	1
220	273	1
235	273	1
238	273	1
241	273	1
246	273	1
250	273	1
252	273	1
254	273	1
256	273	2
259	273	1
260	273	3
266	273	2
267	273	1
268	273	2
269	273	1
270	273	5
271	273	5
272	273	13
24	274	1
67	274	1
77	274	1
150	274	1
162	274	1
170	274	1
182	274	1
193	274	1
206	274	1
209	274	2
212	274	1
215	274	1
217	274	1
218	274	2
220	274	1
225	274	1
231	274	1
239	274	2
243	274	1
254	274	2
255	274	1
260	274	2
261	274	2
262	274	2
263	274	1
265	274	2
266	274	3
267	274	2
268	274	3
269	274	2
270	274	1
271	274	3
272	274	3
273	274	10
2	275	1
15	275	1
23	275	1
26	275	1
35	275	1
69	275	1
72	275	1
179	275	1
181	275	2
188	275	1
203	275	1
214	275	1
231	275	1
247	275	1
249	275	1
253	275	1
260	275	1
262	275	1
264	275	2
268	275	2
270	275	4
273	275	8
274	275	4
3	276	1
8	276	1
28	276	1
29	276	1
38	276	1
45	276	1
64	276	1
70	276	1
76	276	1
143	276	1
148	276	1
153	276	1
155	276	1
158	276	1
162	276	1
165	276	1
190	276	2
191	276	1
195	276	2
201	276	1
215	276	1
218	276	1
223	276	1
226	276	1
228	276	1
232	276	2
233	276	1
234	276	1
240	276	1
246	276	1
251	276	1
252	276	1
257	276	1
258	276	1
259	276	1
260	276	2
261	276	2
266	276	1
267	276	2
270	276	4
271	276	5
272	276	4
273	276	2
274	276	8
275	276	9
7	277	1
32	277	1
35	277	1
37	277	1
56	277	1
59	277	1
64	277	1
73	277	1
75	277	1
143	277	1
144	277	1
146	277	1
152	277	1
157	277	1
158	277	1
161	277	1
162	277	1
172	277	1
189	277	1
199	277	1
214	277	1
217	277	1
219	277	1
227	277	1
229	277	1
237	277	1
238	277	1
239	277	1
241	277	1
245	277	1
246	277	1
249	277	4
250	277	1
255	277	1
258	277	3
259	277	3
261	277	1
265	277	1
267	277	2
268	277	4
269	277	2
270	277	3
272	277	4
273	277	4
274	277	3
275	277	4
276	277	12
11	278	2
18	278	1
30	278	1
187	278	1
190	278	1
194	278	2
198	278	1
212	278	1
220	278	1
225	278	2
230	278	1
245	278	2
246	278	1
247	278	1
249	278	1
250	278	1
251	278	1
254	278	2
257	278	2
262	278	1
264	278	1
269	278	1
270	278	2
271	278	3
272	278	1
273	278	3
274	278	1
275	278	4
276	278	4
277	278	4
12	279	1
19	279	1
41	279	1
42	279	1
44	279	1
69	279	1
183	279	1
193	279	1
216	279	1
217	279	1
218	279	1
220	279	1
225	279	1
230	279	1
248	279	1
250	279	1
253	279	2
254	279	1
255	279	2
258	279	3
263	279	1
265	279	1
269	279	2
271	279	1
272	279	4
273	279	1
274	279	1
275	279	1
276	279	5
277	279	2
278	279	9
30	280	1
143	280	1
155	280	1
184	280	1
185	280	1
253	280	2
256	280	1
258	280	1
259	280	1
261	280	1
262	280	2
269	280	3
270	280	2
274	280	1
277	280	3
279	280	6
17	281	1
41	281	1
69	281	1
71	281	2
72	281	1
73	281	1
172	281	1
183	281	1
184	281	1
191	281	1
197	281	1
200	281	1
207	281	1
222	281	1
225	281	1
234	281	1
238	281	1
246	281	1
252	281	1
258	281	1
264	281	1
269	281	2
272	281	1
275	281	1
276	281	1
277	281	2
278	281	2
279	281	6
280	281	5
2	282	2
5	282	1
10	282	1
11	282	1
12	282	1
32	282	1
48	282	1
56	282	1
71	282	1
76	282	1
158	282	1
165	282	1
173	282	1
177	282	1
187	282	1
188	282	1
189	282	2
190	282	2
196	282	1
197	282	1
198	282	1
201	282	1
208	282	1
210	282	1
211	282	1
213	282	1
229	282	1
231	282	1
233	282	1
245	282	1
247	282	2
254	282	1
258	282	2
265	282	1
267	282	1
268	282	1
269	282	1
271	282	4
273	282	3
274	282	3
275	282	1
276	282	3
277	282	2
279	282	1
281	282	16
220	283	2
225	283	1
274	283	1
